SYS_DataState,SYS_DataTime,SYS_DataFile,ID,RefMonPoint,t,wm,860168,100300,100001,100305,860177,100306,860178,100100,100101,100102,100103,100104,100105,100120,100121,100122,100123,100124,100125,100030,100031,100032,100033,100034,100035,100010,100011,100012,100013,100014,100015,101876,100008,101824,100005,100002,100004,100003,100395,101403,101404,101401,101402,860424,101465,101419,101420,100140,100141,100142,100143,100144,100145,860687,860688,860689,860690,860691,860692,860693,860694,860695,860696,860697,860698,100180,110181,110182,110183,110184,110185,860710,100504,100505,100506,100507,100508,100509,100510,100511,100512,100513,100514,100521,100522,100523,100524,100525,100526,100527,100528,100529,100530,100531,100538,100539,100540,100541,100542,100543,100544,100545,100546,100547,100548,100200,100201,100202,100203,101800,101801,101802,100301,100303,860173,100302,100304,860174,100471,100470,100006,100007
True,2021/6/15 20:00:13,,3925325014353576184,Equ1,2021/6/15 19:51:10,1.0,0.0,0.0,1242.0,0.0,0.0,0.0,0.0,462.26,425.11,447.21,469.58,473.79,461.79,0.08,0.39,0.27,0.0,0.11,0.08,131.87,124.35,108.43,152.99,114.15,112.79,463.6,426.77,448.75,470.85,475.17,463.13,6571.21,11.89,0.06,25389.03,5.74,0.31,2.02,2.84,1905.96,1820.1,1.0,1.0,-2.21,4.07,3.53,3.72,0.0,0.0,3.61,3.52,3.68,3.58,0.0,0.0,0.0,0.0,5.0,12.0,8.0,12.0,7.0,12.0,5.0,12.0,0.0,0.0,0.0,0.0,0.0,0.0,0.0,5.56,5.62,4.93,6.98,4.55,5.27,3.92,4.24,5.84,5.67,6.06,5.75,5.9,5.5,6.82,6.37,7.69,6.58,4.78,6.11,6.22,7.0,7.08,6.92,7.22,6.04,6.48,60.12,6.94,6.3,63.52,8.11,35.07,67.13,11.36,26.91,122.51,,,,0.0,0.0,0.0,0.0,0.0,0.0,5.0,0.0,1.0,0.0
True,2021/6/15 20:00:13,,3925325014353576185,Equ1,2021/6/15 19:51:15,1.0,0.0,0.0,1242.0,0.0,0.0,0.0,0.0,462.26,425.11,447.21,469.58,473.79,461.79,0.0,0.88,0.52,0.27,0.13,0.0,132.45,135.92,100.71,161.18,107.38,104.88,467.63,431.37,453.1,475.23,479.29,467.16,6584.02,3.84,0.19,25378.41,17.95,0.32,2.02,8.89,1918.55,1821.11,1.0,1.0,-2.19,4.09,3.55,3.74,0.0,0.0,3.61,3.53,3.68,3.58,0.0,0.0,0.0,0.0,5.0,12.0,8.0,12.0,7.0,12.0,5.0,12.0,0.0,0.0,0.0,0.0,0.0,0.0,0.0,5.56,5.62,4.93,6.98,4.56,5.26,3.92,4.24,5.84,5.67,6.06,5.75,5.9,5.52,6.83,6.37,7.7,6.59,4.78,6.11,6.22,6.97,7.08,6.92,7.22,6.05,6.48,60.13,6.95,6.3,63.52,8.12,21.17,67.13,11.39,27.04,122.52,,,,0.0,0.0,0.0,0.0,0.0,0.0,5.0,0.0,1.0,0.0
True,2021/6/15 20:00:13,,3925325014353576186,Equ1,2021/6/15 19:51:20,1.0,0.0,0.0,1242.0,0.0,0.0,0.0,0.0,462.26,425.11,447.21,469.58,473.79,461.79,0.0,1.28,0.78,0.32,0.15,0.0,132.9,144.13,100.27,160.87,108.36,101.63,471.23,435.37,456.97,478.88,482.92,470.76,6571.21,2.02,0.35,25537.69,31.5,0.29,2.02,15.6,1887.22,1821.98,1.0,1.0,-2.17,4.11,3.57,3.76,0.0,0.0,3.62,3.54,3.7,3.59,0.0,0.0,0.0,0.0,5.0,12.0,8.0,12.0,7.0,12.0,5.0,12.0,0.0,0.0,0.0,0.0,0.0,0.0,0.0,20.19,5.61,4.92,6.98,4.56,5.27,3.93,4.25,5.84,5.67,6.04,5.64,5.9,5.51,6.83,6.37,7.71,6.6,4.79,6.11,6.22,6.96,7.08,6.92,7.22,6.05,6.48,60.15,6.96,6.3,63.52,8.12,17.08,67.13,11.4,27.04,122.51,,,,0.0,0.0,0.0,0.0,0.0,0.0,5.0,0.0,1.0,0.0
True,2021/6/15 20:00:13,,3925325014353576187,Equ1,2021/6/15 19:51:25,1.0,0.0,0.0,1242.0,0.0,0.0,0.0,0.0,462.26,425.11,447.21,469.58,473.79,461.79,0.0,1.35,0.94,0.34,0.2,0.0,133.3,144.66,103.66,160.98,111.13,102.13,474.73,438.93,460.62,482.39,486.46,474.26,6546.08,1.6,0.44,25792.53,44.42,0.33,2.02,22.01,1913.05,1808.3,1.0,1.0,-2.15,4.12,3.58,3.77,0.0,0.0,3.63,3.54,3.71,3.6,0.0,0.0,0.0,0.0,5.0,12.0,8.0,12.0,7.0,12.0,5.0,12.0,0.0,0.0,0.0,0.0,0.0,0.0,0.0,10.45,29.07,4.94,6.99,4.58,5.26,3.93,4.26,5.86,5.68,6.07,5.78,5.94,5.53,6.84,6.37,7.71,6.6,4.79,6.11,6.24,6.97,7.1,6.82,7.23,6.06,6.49,60.16,6.96,6.31,63.52,8.15,14.98,67.13,11.41,27.04,122.52,,,,0.0,0.0,0.0,0.0,0.0,0.0,5.0,0.0,1.0,0.0
True,2021/6/15 20:00:13,,3925325014353576188,Equ1,2021/6/15 19:51:30,1.0,0.0,0.0,1242.0,0.0,0.0,0.0,0.0,462.26,425.11,447.21,469.58,473.79,461.79,0.0,1.38,1.04,0.35,0.27,0.0,133.8,144.37,107.09,161.65,114.61,103.17,478.27,442.5,464.26,485.93,490.06,477.8,6634.29,1.88,0.38,26047.38,44.92,0.39,2.02,22.26,1881.58,1830.01,1.0,1.0,-2.13,4.12,3.58,3.77,0.0,0.0,3.61,3.67,3.78,3.61,0.0,0.0,0.0,0.0,5.0,12.0,8.0,12.0,7.0,12.0,5.0,12.0,0.0,0.0,0.0,1.0,1.0,1.0,0.03,8.77,17.61,4.94,7.0,4.57,5.26,3.94,4.27,5.87,5.68,6.08,5.8,5.98,5.54,6.84,6.37,7.72,6.61,4.8,6.12,6.25,6.96,7.1,6.85,7.24,6.07,6.49,60.17,6.97,6.32,63.54,8.17,13.58,67.12,11.43,27.05,122.52,,,,0.0,0.0,0.0,0.0,0.0,0.0,5.0,0.0,1.0,0.0
True,2021/6/15 20:00:13,,3925325014353576189,Equ1,2021/6/15 19:51:35,1.0,0.0,0.0,1242.0,0.0,0.0,0.0,0.0,462.26,425.11,447.21,469.58,473.79,461.79,0.0,1.38,1.2,0.38,0.37,0.0,132.35,144.47,111.65,161.5,120.72,106.71,481.52,445.75,467.67,489.23,493.42,481.05,6873.81,2.79,0.27,26503.98,41.65,0.53,2.02,20.64,1884.48,1834.35,1.0,1.0,-2.1,4.12,3.59,3.77,0.0,0.0,3.48,3.57,3.7,3.68,0.0,0.0,0.0,0.0,5.0,12.0,8.0,12.0,7.0,12.0,5.0,12.0,0.0,0.0,0.0,2.0,2.0,1.0,0.05,8.07,13.08,42.45,6.97,4.57,5.26,3.94,4.27,5.87,5.68,6.09,5.8,5.97,5.52,6.83,6.36,7.72,6.61,4.8,6.12,6.25,6.96,7.1,6.89,7.27,6.06,6.48,60.17,6.96,6.32,63.54,8.16,12.72,67.12,11.44,27.07,122.51,,,,0.0,0.0,0.0,0.0,0.0,0.0,5.0,0.0,1.0,0.0
True,2021/6/15 20:00:13,,3925325014353576190,Equ1,2021/6/15 19:51:40,1.0,0.0,0.0,1242.0,0.0,0.0,0.0,0.0,462.26,425.11,447.21,469.58,473.79,461.79,0.0,1.35,1.4,0.51,0.54,0.0,124.9,143.89,119.4,161.44,127.98,110.84,483.98,448.18,470.33,491.81,496.05,483.51,7251.8,3.96,0.2,26780.06,38.45,0.7,2.02,19.05,1902.49,1849.18,1.0,1.0,-2.09,4.1,3.58,3.77,0.0,0.0,3.61,3.74,4.02,4.04,0.0,0.0,0.0,0.0,5.0,12.0,8.0,12.0,7.0,12.0,5.0,12.0,0.0,0.0,1.0,2.0,2.0,2.0,0.08,7.59,11.33,14.99,7.0,4.58,5.26,3.94,4.28,5.87,5.7,6.1,5.82,5.97,5.56,6.86,6.37,7.74,6.62,4.81,6.13,6.27,6.97,7.11,6.92,7.26,6.09,6.5,60.19,6.98,6.33,63.55,8.19,11.99,67.12,11.43,27.1,122.52,,,,0.0,0.0,0.0,0.0,0.0,0.0,5.0,0.0,1.0,0.0
True,2021/6/15 20:00:13,,3925325014353576191,Equ1,2021/6/15 19:51:45,1.0,0.0,0.0,1242.0,0.0,0.0,0.0,0.0,462.26,425.11,447.21,469.58,473.79,461.79,0.0,1.09,1.5,0.63,0.73,0.0,123.64,135.19,127.2,161.75,134.04,114.05,486.42,450.36,472.87,494.37,498.68,485.95,7516.45,5.02,0.16,27077.38,33.98,0.78,2.02,16.84,1908.71,1854.96,1.0,1.0,-2.07,4.09,3.56,3.75,0.0,0.0,3.65,5.58,3.68,3.63,0.0,0.0,0.0,0.0,5.0,12.0,8.0,12.0,7.0,12.0,5.0,12.0,0.0,0.0,2.0,3.0,3.0,3.0,0.12,7.27,10.34,11.59,39.39,4.57,5.25,3.94,4.29,5.87,5.69,6.11,5.82,5.96,5.54,6.83,6.36,7.73,6.61,4.83,6.13,6.26,6.96,7.11,6.93,7.25,6.13,6.49,60.2,6.98,6.34,63.55,8.18,11.48,67.11,11.44,27.15,122.51,,,,0.0,0.0,0.0,0.0,0.0,0.0,5.0,0.0,1.0,0.0
True,2021/6/15 20:00:13,,3925325014353576192,Equ1,2021/6/15 19:51:50,1.0,0.0,0.0,1242.0,0.0,0.0,0.0,0.0,462.26,425.11,447.21,469.58,473.79,461.79,0.0,1.07,1.68,0.77,0.93,0.0,123.99,134.97,133.0,161.69,140.06,115.7,488.77,452.69,475.4,496.85,501.23,488.3,7957.53,6.91,0.12,27480.89,31.66,1.0,2.02,15.69,1888.09,1876.81,1.0,1.0,-2.06,4.07,3.55,3.74,0.0,0.0,3.68,4.05,3.87,3.59,0.0,0.0,0.0,0.0,5.0,12.0,8.0,12.0,7.0,12.0,5.0,12.0,0.0,0.0,2.0,3.0,3.0,3.0,0.12,7.03,9.64,10.24,16.92,4.6,5.25,3.94,4.29,5.87,5.69,6.1,5.82,5.95,5.55,6.85,6.36,7.74,6.62,4.83,6.13,6.26,6.96,7.11,6.94,7.25,6.12,6.49,60.21,6.98,6.34,63.56,8.18,11.05,67.1,11.44,27.25,122.52,,,,0.0,0.0,0.0,0.0,0.0,0.0,5.0,0.0,1.0,0.0
True,2021/6/15 20:00:13,,3925325014353576193,Equ1,2021/6/15 19:52:00,1.0,0.0,0.0,1242.0,0.0,0.0,0.0,0.0,462.26,425.11,447.21,469.58,473.79,461.79,0.0,0.96,1.87,0.88,1.12,0.0,122.77,134.0,142.88,161.78,144.6,116.02,493.05,456.86,479.87,501.25,505.7,492.58,8575.04,9.73,0.1,27863.16,28.82,1.28,2.02,14.28,1917.9,1936.78,1.0,1.0,-2.02,4.03,3.52,3.71,0.0,0.0,3.51,3.31,3.73,3.85,0.0,0.0,0.0,0.0,5.0,12.0,8.0,12.0,7.0,12.0,5.0,12.0,0.0,0.0,3.0,4.0,4.0,4.0,0.16,6.7,8.85,9.1,12.78,13.48,5.26,3.95,4.29,5.87,5.69,6.1,5.82,5.95,5.55,6.85,6.34,7.74,6.62,4.83,6.13,6.26,6.96,7.1,6.95,7.25,6.11,6.48,60.25,6.98,6.34,63.56,8.17,10.5,67.05,11.46,27.44,122.51,,,,0.0,0.0,0.0,0.0,0.0,0.0,5.0,0.0,1.0,0.0
True,2021/6/15 20:00:13,,3925325014353576194,Equ1,2021/6/15 19:52:05,1.0,0.0,0.0,1242.0,0.0,0.0,0.0,0.0,462.26,425.11,447.21,469.58,473.79,461.79,0.0,0.92,1.91,0.88,1.13,0.0,123.32,135.37,145.57,161.6,144.78,117.51,495.28,459.05,482.14,503.48,507.94,494.81,8739.16,11.12,0.09,28096.77,28.3,1.44,2.02,14.03,1940.76,1952.98,1.0,1.0,-2.0,4.01,3.49,3.69,0.0,0.0,3.38,3.47,3.72,3.29,0.0,0.0,0.0,0.0,5.0,12.0,8.0,12.0,7.0,12.0,5.0,12.0,0.0,0.0,4.0,5.0,5.0,5.0,0.21,6.55,8.55,8.72,11.92,10.56,5.27,3.95,4.3,5.87,5.7,6.1,5.82,5.94,5.57,6.85,6.34,7.75,6.64,4.84,6.13,6.27,6.96,7.11,6.97,7.27,6.13,6.5,60.31,6.99,6.34,63.58,8.19,10.26,67.02,11.48,27.49,122.5,,,,0.0,0.0,0.0,0.0,0.0,0.0,5.0,0.0,1.0,0.0
True,2021/6/15 20:00:13,,3925325014353576195,Equ1,2021/6/15 19:52:10,1.0,0.0,0.0,1242.0,0.0,0.0,0.0,0.0,462.26,425.11,447.21,469.58,473.79,461.79,0.0,0.96,2.0,0.98,1.22,0.0,119.69,134.46,144.49,162.25,143.5,114.57,496.09,459.89,483.04,504.39,508.84,495.62,8764.29,0.0,0.0,27778.21,21.39,1.38,2.02,10.61,1903.94,1958.84,1.0,1.0,-2.0,3.99,3.47,3.67,0.0,0.0,3.63,3.45,3.85,3.69,0.0,0.0,0.0,0.0,5.0,12.0,8.0,12.0,7.0,12.0,5.0,12.0,0.0,0.0,4.0,5.0,5.0,5.0,0.21,6.42,8.3,8.41,11.35,9.38,5.27,3.98,4.31,5.87,5.7,6.11,5.82,5.94,5.56,6.85,6.34,7.74,6.63,4.85,6.14,6.27,6.97,7.12,6.98,7.27,6.12,6.51,60.34,7.0,6.35,63.59,8.18,10.05,66.95,11.5,27.56,122.5,,,,0.0,0.0,0.0,0.0,0.0,0.0,5.0,0.0,1.0,0.0
True,2021/6/15 20:00:13,,3925325014353576196,Equ1,2021/6/15 19:52:15,1.0,0.0,0.0,1242.0,0.0,0.0,0.0,0.0,462.26,425.11,447.21,469.58,473.79,461.79,0.0,1.19,2.34,1.22,1.42,0.0,114.89,133.93,144.89,161.27,144.76,106.94,497.65,461.7,484.95,506.2,510.61,497.18,8638.12,12.52,0.07,27417.18,21.16,1.21,2.02,10.49,1914.5,1959.35,1.0,1.0,-2.0,3.98,3.46,3.65,0.0,0.0,3.73,3.5,3.68,3.33,0.0,0.0,0.0,0.0,5.0,12.0,8.0,12.0,7.0,12.0,5.0,12.0,0.0,0.0,5.0,6.0,6.0,6.0,0.25,6.32,8.1,8.17,10.92,8.67,5.27,37.03,4.31,5.87,5.69,6.11,5.82,5.94,5.56,6.84,6.33,7.75,6.63,4.84,6.13,6.26,6.96,7.11,6.99,7.26,6.11,6.5,60.35,6.99,6.34,63.59,8.17,9.86,66.86,11.62,27.71,122.5,,,,0.0,0.0,0.0,0.0,0.0,0.0,5.0,0.0,1.0,0.0
True,2021/6/15 20:00:13,,3925325014353576197,Equ1,2021/6/15 19:52:20,1.0,0.0,0.0,1242.0,0.0,0.0,0.0,0.0,462.26,425.11,447.21,469.58,473.79,461.79,0.0,1.39,2.73,1.5,1.62,0.0,116.28,133.8,148.06,160.98,146.5,103.79,499.13,463.37,486.81,507.95,512.28,498.66,8701.21,14.09,0.07,27512.74,19.28,1.24,2.02,9.55,1910.3,1944.37,1.0,1.0,-1.99,3.97,3.46,3.66,0.0,0.0,3.56,2.72,3.75,3.31,0.0,0.0,0.0,0.0,5.0,12.0,8.0,12.0,7.0,12.0,5.0,12.0,0.0,0.0,6.0,7.0,6.0,6.0,0.27,6.22,7.92,7.96,10.57,8.13,5.27,18.92,42.28,5.86,5.68,6.1,5.82,5.94,5.55,6.83,6.32,7.74,6.63,4.87,6.12,6.24,6.96,7.1,6.99,7.27,6.1,6.51,60.35,6.99,6.3,63.58,8.15,9.69,66.62,11.83,27.93,122.47,,,,0.0,0.0,0.0,0.0,0.0,0.0,5.0,0.0,1.0,0.0
True,2021/6/15 20:00:13,,3925325014353576198,Equ1,2021/6/15 19:52:25,1.0,0.0,0.0,1242.0,0.0,0.0,0.0,0.0,462.26,425.11,447.21,469.58,473.79,461.79,0.0,1.48,2.98,1.68,1.74,0.0,119.21,133.16,151.56,160.34,147.28,99.96,500.72,465.04,488.64,509.72,513.99,500.25,8625.81,15.99,0.06,27533.98,18.29,1.34,2.02,9.06,1894.75,1954.21,1.0,1.0,-1.98,3.97,3.46,3.65,0.0,0.0,3.69,3.0,4.43,3.81,0.0,0.0,0.0,0.0,5.0,12.0,8.0,12.0,7.0,12.0,5.0,12.0,0.0,0.0,6.0,7.0,7.0,7.0,0.29,6.12,7.74,7.77,10.31,7.75,5.27,15.05,13.09,5.85,5.68,6.1,5.81,5.93,5.54,6.83,6.31,7.74,6.63,4.84,6.12,6.25,6.96,7.1,6.99,7.26,6.09,6.51,60.35,6.99,6.29,63.58,8.15,9.56,66.12,11.99,28.12,122.42,,,,0.0,0.0,0.0,0.0,0.0,0.0,5.0,0.0,1.0,0.0
True,2021/6/15 20:00:13,,3925325014353576199,Equ1,2021/6/15 19:52:30,1.0,0.0,0.0,1242.0,0.0,0.0,0.0,0.0,462.26,425.11,447.21,469.58,473.79,461.79,0.0,1.69,3.25,1.85,1.87,0.0,117.4,134.07,152.31,161.31,147.06,96.51,502.33,466.87,490.53,511.49,515.73,501.86,8575.04,13.66,0.07,27417.18,21.11,1.32,2.02,10.46,1923.18,1970.2,1.0,1.0,-1.98,3.97,3.46,3.65,0.0,0.0,3.27,3.25,3.97,3.45,0.0,0.0,0.0,0.0,5.0,12.0,8.0,12.0,7.0,12.0,5.0,12.0,0.0,0.0,7.0,8.0,7.0,7.0,0.31,6.02,7.58,7.6,10.1,7.46,5.27,13.08,9.43,40.11,5.67,6.09,5.81,5.93,5.54,6.82,6.3,7.74,6.63,4.83,6.12,6.23,6.95,7.09,6.98,7.26,6.08,6.5,60.35,6.99,6.28,63.48,8.19,9.45,65.54,12.2,28.2,122.36,,,,0.0,0.0,0.0,0.0,0.0,0.0,5.0,0.0,1.0,0.0
True,2021/6/15 20:00:13,,3925325014353576200,Equ1,2021/6/15 19:52:35,1.0,0.0,0.0,1242.0,0.0,0.0,0.0,0.0,462.26,425.11,447.21,469.58,473.79,461.79,0.0,1.69,3.35,1.93,1.93,0.0,119.81,134.07,153.95,160.6,147.92,96.33,503.88,468.42,492.18,513.13,517.34,503.41,8625.81,14.22,0.07,27640.17,20.16,1.31,2.02,9.99,1924.7,1963.11,1.0,1.0,-1.98,3.97,3.46,3.66,0.0,0.0,3.3,3.76,4.03,3.72,0.0,0.0,0.0,0.0,5.0,12.0,8.0,12.0,7.0,12.0,5.0,12.0,0.0,0.0,7.0,8.0,8.0,8.0,0.33,5.94,7.42,7.45,9.92,7.2,5.27,11.78,8.12,15.63,5.67,6.09,5.8,5.91,5.54,6.82,6.28,7.74,6.63,4.83,6.13,6.24,6.95,7.09,6.97,7.26,6.08,6.49,60.35,6.98,6.3,63.54,8.19,9.35,64.86,12.31,28.31,122.31,,,,0.0,0.0,0.0,0.0,0.0,0.0,5.0,0.0,1.0,0.0
True,2021/6/15 20:00:13,,3925325014353576201,Equ1,2021/6/15 19:52:40,1.0,0.0,0.0,1242.0,0.0,0.0,0.0,0.0,462.26,425.11,447.21,469.58,473.79,461.79,0.0,1.72,3.41,1.93,1.96,0.0,122.34,133.62,154.77,160.55,149.45,96.76,505.34,469.91,493.7,514.59,518.84,504.87,8688.39,15.69,0.06,27799.45,19.21,1.38,2.02,9.52,1915.0,1977.29,1.0,1.0,-1.98,3.98,3.47,3.66,0.0,0.0,3.89,3.9,4.21,3.51,0.0,0.0,0.0,0.0,5.0,12.0,8.0,12.0,7.0,12.0,5.0,12.0,0.0,0.0,8.0,9.0,8.0,9.0,0.37,5.86,7.3,7.33,9.79,7.01,5.27,10.94,7.45,12.0,27.82,6.08,5.8,5.9,5.53,6.82,6.27,7.74,6.63,4.81,6.12,6.23,6.94,7.09,6.97,7.26,6.08,6.49,60.35,6.99,6.28,63.54,8.17,9.27,64.27,12.37,28.34,122.26,,,,0.0,0.0,0.0,0.0,0.0,0.0,5.0,0.0,1.0,0.0
True,2021/6/15 20:00:13,,3925325014353576202,Equ1,2021/6/15 19:52:45,1.0,0.0,0.0,1242.0,0.0,0.0,0.0,0.0,462.26,425.11,447.21,469.58,473.79,461.79,0.0,1.86,3.57,1.99,2.02,0.0,122.05,134.01,152.66,160.62,149.33,95.31,506.84,471.56,495.37,516.15,520.39,506.37,8638.12,13.6,0.07,27640.17,19.34,1.2,2.02,9.59,1906.4,1957.61,1.0,1.0,-1.98,4.0,3.48,3.68,0.0,0.0,3.56,3.52,4.2,3.68,0.0,0.0,0.0,0.0,5.0,12.0,8.0,12.0,7.0,12.0,5.0,12.0,0.0,0.0,9.0,10.0,9.0,9.0,0.4,5.78,7.18,7.21,9.65,6.83,5.27,10.3,7.0,10.49,14.4,41.18,5.8,5.89,5.53,6.82,6.26,7.74,6.63,4.83,6.12,6.24,7.06,7.08,6.96,7.26,6.08,6.49,60.35,6.99,6.3,63.56,8.18,9.29,63.78,12.52,28.36,122.23,,,,0.0,0.0,0.0,0.0,0.0,0.0,5.0,0.0,1.0,0.0
True,2021/6/15 20:00:13,,3925325014353576203,Equ1,2021/6/15 19:52:50,1.0,0.0,0.0,1242.0,0.0,0.0,0.0,0.0,462.26,425.11,447.21,469.58,473.79,461.79,0.0,1.9,3.69,2.08,2.07,0.0,121.33,133.84,154.37,160.91,149.65,97.21,508.24,472.98,496.88,517.64,521.84,507.77,8726.34,14.81,0.06,27767.59,18.57,1.26,2.02,9.2,1891.93,1953.56,1.0,1.0,-1.99,4.02,3.5,3.69,0.0,0.0,3.8,3.59,4.03,3.56,0.0,0.0,0.0,0.0,5.0,12.0,8.0,12.0,7.0,12.0,5.0,12.0,0.0,0.0,9.0,10.0,9.0,10.0,0.41,5.73,7.08,7.11,9.54,6.7,5.27,9.8,6.7,9.6,11.56,20.69,5.8,5.86,5.53,6.81,6.24,7.74,6.63,4.82,6.12,6.24,6.97,7.08,6.95,7.26,6.07,6.49,60.35,6.99,6.3,63.56,8.17,9.13,63.19,12.66,28.45,122.18,,,,0.0,0.0,0.0,0.0,0.0,0.0,5.0,0.0,1.0,0.0
True,2021/6/15 20:00:13,,3925325014353576204,Equ1,2021/6/15 19:52:55,1.0,0.0,0.0,1242.0,0.0,0.0,0.0,0.0,462.26,425.11,447.21,469.58,473.79,461.79,0.0,1.79,3.68,2.07,2.05,0.0,121.35,134.1,157.22,161.21,150.38,100.29,509.62,474.27,498.25,519.02,523.21,509.15,8701.21,17.58,0.05,27926.87,17.44,1.41,2.02,8.65,1923.03,1977.29,1.0,1.0,-2.02,4.03,3.52,3.71,0.0,0.0,3.42,3.28,4.21,3.63,0.0,0.0,0.0,0.0,5.0,12.0,8.0,12.0,7.0,12.0,5.0,12.0,0.0,0.0,10.0,11.0,10.0,10.0,0.44,5.68,6.98,7.02,9.45,6.58,5.27,9.38,6.47,8.89,10.05,14.62,32.95,5.84,5.52,6.8,6.23,7.74,6.64,4.82,6.12,6.23,6.91,7.05,6.94,7.25,6.06,6.48,60.35,6.99,6.29,63.55,8.15,9.05,62.62,12.7,28.53,122.13,,,,0.0,0.0,0.0,0.0,0.0,0.0,5.0,0.0,1.0,0.0
True,2021/6/15 20:00:13,,3925325014353576205,Equ1,2021/6/15 19:53:00,1.0,0.0,0.0,1242.0,0.0,0.0,0.0,0.0,462.26,425.11,447.21,469.58,473.79,461.79,0.0,1.81,3.7,2.07,2.06,0.0,120.99,134.07,156.97,161.47,150.39,101.2,511.03,475.69,499.68,520.42,524.63,510.56,8701.21,17.34,0.05,28022.43,17.51,1.39,2.02,8.68,1938.87,1954.35,1.0,1.0,-2.04,4.05,3.53,3.73,0.0,0.0,3.74,3.1,4.02,3.85,0.0,0.0,0.0,0.0,5.0,12.0,8.0,12.0,7.0,12.0,5.0,12.0,0.0,0.0,10.0,11.0,11.0,11.0,0.46,5.72,6.9,6.95,9.37,6.48,5.27,9.03,6.27,8.36,9.2,12.16,11.88,5.82,5.52,6.81,6.22,7.74,6.63,4.81,6.12,6.24,6.91,7.08,6.93,7.26,6.06,6.48,60.35,7.0,6.29,63.57,8.15,9.0,62.21,12.72,28.54,122.1,,,,0.0,0.0,0.0,0.0,0.0,0.0,5.0,0.0,1.0,0.0
True,2021/6/15 20:00:13,,3925325014353576206,Equ1,2021/6/15 19:53:05,1.0,0.0,0.0,1242.0,0.0,0.0,0.0,0.0,462.26,425.11,447.21,469.58,473.79,461.79,0.0,1.72,3.63,2.07,2.11,0.0,122.53,134.36,158.22,161.37,150.61,104.41,512.38,476.96,500.96,521.77,526.02,511.91,8789.42,19.0,0.05,28149.86,16.12,1.4,2.02,7.99,1891.13,1953.85,1.0,1.0,-2.05,4.06,3.54,3.73,0.0,0.0,4.13,3.64,4.08,3.84,0.0,0.0,0.0,0.0,5.0,12.0,8.0,12.0,7.0,12.0,5.0,12.0,0.0,0.0,11.0,12.0,11.0,11.0,0.49,5.66,7.02,6.88,9.3,6.39,5.28,8.73,6.11,7.94,8.5,10.71,9.77,25.26,5.52,6.81,6.2,7.74,6.65,4.83,6.12,6.24,6.89,7.08,6.89,7.26,6.06,6.48,60.36,7.0,6.3,63.58,8.16,8.94,61.82,12.73,28.61,122.07,,,,0.0,0.0,0.0,0.0,0.0,0.0,5.0,0.0,1.0,0.0
True,2021/6/15 20:00:13,,3925325014353576207,Equ1,2021/6/15 19:53:10,1.0,0.0,0.0,1242.0,0.0,0.0,0.0,0.0,462.26,425.11,447.21,469.58,473.79,461.79,0.0,1.69,3.62,2.05,2.08,0.0,120.96,133.67,156.9,161.07,150.46,105.7,513.47,478.01,502.05,522.84,527.08,513.0,8801.74,18.38,0.05,28149.86,15.87,1.34,2.02,7.86,1886.43,1996.24,1.0,1.0,-2.06,4.06,3.54,3.73,0.0,0.0,3.55,3.9,3.92,3.71,0.0,0.0,0.0,0.0,5.0,12.0,8.0,12.0,7.0,12.0,5.0,12.0,0.0,0.0,11.0,12.0,11.0,12.0,0.5,5.62,6.93,6.82,9.24,6.32,5.27,8.51,5.99,7.68,8.11,9.98,8.95,15.68,46.03,6.81,6.19,7.74,6.65,4.83,6.12,6.24,6.9,7.09,6.93,7.26,6.07,6.48,60.36,7.0,6.3,63.61,8.16,8.9,61.54,12.75,28.62,122.05,,,,0.0,0.0,0.0,0.0,0.0,0.0,4.0,0.0,1.0,0.0
True,2021/6/15 20:00:13,,3925325014353576208,Equ1,2021/6/15 19:53:15,1.0,0.0,0.0,1242.0,0.0,0.0,0.0,0.0,462.26,425.11,447.21,469.58,473.79,461.79,0.0,1.77,3.67,2.05,2.09,0.0,124.25,133.56,154.96,161.21,150.23,102.65,514.97,479.58,503.58,524.33,528.59,514.5,8726.34,15.25,0.06,28054.29,16.73,1.17,2.02,8.29,1897.79,1999.35,1.0,1.0,-2.08,4.07,3.54,3.74,0.0,0.0,3.66,3.71,4.08,3.86,0.0,0.0,0.0,0.0,5.0,12.0,8.0,12.0,7.0,12.0,5.0,12.0,0.0,0.0,12.0,13.0,12.0,12.0,0.53,5.57,6.85,6.77,9.18,6.24,5.27,8.28,5.85,7.4,7.73,9.31,8.37,12.52,16.59,6.79,6.18,7.73,6.64,4.83,6.12,6.24,6.88,7.09,6.92,7.18,6.06,6.47,60.35,7.0,6.3,63.59,8.15,8.84,61.27,12.76,28.62,122.03,,,,0.0,0.0,0.0,0.0,0.0,0.0,4.0,0.0,1.0,0.0
True,2021/6/15 20:00:13,,3925325014353576209,Equ1,2021/6/15 19:53:20,1.0,0.0,0.0,1242.0,0.0,0.0,0.0,0.0,462.26,425.11,447.21,469.58,473.79,461.79,0.0,1.77,3.77,2.08,2.1,0.0,121.19,133.81,157.74,161.2,150.8,105.11,516.27,480.89,504.99,525.67,529.9,515.8,8852.51,16.76,0.06,28149.86,16.32,1.25,2.02,8.09,1903.79,2000.0,1.0,1.0,-2.09,4.06,3.54,3.74,0.0,0.0,3.62,3.59,3.93,3.63,0.0,0.0,0.0,0.0,5.0,12.0,8.0,12.0,7.0,12.0,5.0,12.0,0.0,0.0,13.0,14.0,13.0,13.0,0.57,5.53,6.78,6.71,9.1,6.17,5.27,8.06,5.75,7.18,7.44,8.8,7.98,11.09,12.05,52.2,6.16,7.71,6.63,4.83,6.11,6.23,6.88,7.08,6.92,7.16,6.11,6.46,60.34,6.99,6.3,63.6,8.14,8.79,61.02,12.83,28.64,122.01,,,,0.0,0.0,0.0,0.0,0.0,0.0,4.0,0.0,1.0,0.0
True,2021/6/15 20:00:13,,3925325014353576210,Equ1,2021/6/15 19:53:25,1.0,0.0,0.0,1242.0,0.0,0.0,0.0,0.0,462.26,425.11,447.21,469.58,473.79,461.79,0.0,1.78,3.8,2.13,2.14,0.0,121.15,134.01,158.74,161.73,150.54,106.12,517.63,482.26,506.38,527.08,531.3,517.16,8826.87,18.33,0.05,28256.04,16.46,1.38,2.02,8.16,1904.73,1980.76,1.0,1.0,-2.11,4.06,3.53,3.73,0.0,0.0,3.47,3.62,4.1,3.59,0.0,0.0,0.0,0.0,5.0,12.0,8.0,12.0,7.0,12.0,5.0,12.0,0.0,0.0,13.0,14.0,13.0,13.0,0.57,5.49,6.71,6.66,9.06,6.11,5.27,7.86,5.65,6.98,7.16,8.38,7.69,10.2,10.54,17.66,6.16,7.73,6.64,4.83,6.1,6.23,6.88,7.08,6.9,7.18,6.07,6.48,60.35,7.0,6.3,63.59,8.14,8.74,60.77,12.86,28.67,121.99,,,,0.0,0.0,0.0,0.0,0.0,0.0,4.0,0.0,1.0,0.0
True,2021/6/15 20:00:13,,3925325014353576211,Equ1,2021/6/15 19:53:30,1.0,0.0,0.0,1242.0,0.0,0.0,0.0,0.0,462.26,425.11,447.21,469.58,473.79,461.79,0.0,1.78,3.77,2.12,2.13,0.0,120.41,133.84,156.58,162.04,149.78,104.99,519.03,483.66,507.75,528.47,532.69,518.56,8801.74,18.44,0.05,28128.62,16.93,1.43,2.02,8.4,1886.36,1998.34,1.0,1.0,-2.13,4.06,3.53,3.73,0.0,0.0,4.21,3.4,3.46,3.89,0.0,0.0,0.0,0.0,5.0,12.0,8.0,12.0,7.0,12.0,5.0,12.0,0.0,0.0,14.0,15.0,14.0,14.0,0.62,5.45,6.65,6.6,9.0,6.03,5.28,7.7,5.56,6.79,6.94,8.06,7.47,9.64,9.67,13.52,49.41,7.72,6.65,4.82,6.09,6.22,6.88,7.08,6.89,7.17,6.06,6.46,60.35,7.0,6.29,63.59,8.13,8.7,60.54,12.86,28.7,121.97,,,,0.0,0.0,0.0,0.0,0.0,0.0,4.0,0.0,1.0,0.0
True,2021/6/15 20:00:13,,3925325014353576212,Equ1,2021/6/15 19:53:35,1.0,0.0,0.0,1242.0,0.0,0.0,0.0,0.0,462.26,425.11,447.21,469.58,473.79,461.79,0.0,1.67,3.74,2.11,2.17,0.0,121.92,134.45,159.82,162.28,150.84,107.52,520.37,484.89,509.06,529.8,534.08,519.9,8953.04,19.33,0.05,28383.47,16.07,1.42,2.02,7.96,1890.91,1996.38,1.0,1.0,-2.14,4.06,3.52,3.72,0.0,0.0,3.66,2.84,4.08,3.57,0.0,0.0,0.0,0.0,5.0,12.0,8.0,12.0,7.0,12.0,5.0,12.0,0.0,0.0,14.0,15.0,14.0,15.0,0.63,5.42,6.6,6.54,8.96,5.97,5.28,7.54,5.48,6.63,6.74,7.78,7.29,9.21,9.14,11.93,23.27,7.71,6.64,4.83,6.09,6.22,6.88,7.08,6.89,7.16,6.05,6.46,60.35,7.0,6.3,63.59,8.13,8.65,60.33,12.87,28.76,121.95,,,,0.0,0.0,0.0,0.0,0.0,0.0,4.0,0.0,1.0,0.0
True,2021/6/15 20:00:13,,3925325014353576213,Equ1,2021/6/15 19:53:40,1.0,0.0,0.0,1242.0,0.0,0.0,0.0,0.0,462.26,425.11,447.21,469.58,473.79,461.79,0.0,1.76,3.82,2.13,2.19,0.0,119.37,134.32,158.45,161.56,148.84,105.3,521.87,486.48,510.64,531.33,535.59,521.4,8864.82,18.27,0.05,28022.44,16.46,1.38,2.02,8.15,1888.96,1999.71,1.0,1.0,-2.15,4.06,3.52,3.72,0.0,0.0,3.85,3.51,5.08,4.0,0.0,0.0,0.0,0.0,5.0,12.0,8.0,12.0,7.0,12.0,5.0,12.0,0.0,0.0,15.0,16.0,15.0,15.0,0.66,5.38,6.54,6.48,8.92,5.96,5.28,7.4,5.4,6.49,6.56,7.52,7.15,8.88,8.77,10.99,14.05,31.56,6.64,4.82,6.08,6.2,6.87,7.08,6.89,7.16,6.04,6.47,60.34,7.0,6.29,63.59,8.12,8.62,60.12,12.9,28.77,121.94,,,,0.0,0.0,0.0,0.0,0.0,0.0,4.0,0.0,1.0,0.0
True,2021/6/15 20:00:13,,3925325014353576214,Equ1,2021/6/15 19:53:45,1.0,0.0,0.0,1242.0,0.0,0.0,0.0,0.0,462.26,425.11,447.21,469.58,473.79,461.79,0.0,1.92,3.99,2.2,2.25,0.0,123.03,133.83,156.06,161.62,149.73,102.99,523.31,488.08,512.25,532.83,537.09,522.84,8852.0,16.64,0.06,28096.77,17.51,1.34,2.02,8.68,1901.77,1995.73,1.0,1.0,-2.16,4.06,3.52,3.72,0.0,0.0,3.1,3.44,3.87,3.42,0.0,0.0,0.0,0.0,5.0,12.0,8.0,12.0,7.0,12.0,5.0,12.0,0.0,0.0,16.0,16.0,15.0,16.0,0.68,5.35,6.49,6.43,8.87,5.91,5.28,7.31,5.34,6.35,6.4,7.31,7.01,8.61,8.46,10.39,12.02,18.32,51.78,4.81,6.06,6.18,6.86,7.06,6.88,7.16,6.04,6.47,60.32,7.0,6.28,63.58,8.11,8.58,59.91,12.98,28.78,121.92,,,,0.0,0.0,0.0,0.0,0.0,0.0,4.0,0.0,1.0,0.0
True,2021/6/15 20:00:13,,3925325014353576215,Equ1,2021/6/15 19:53:50,1.0,0.0,0.0,1242.0,0.0,0.0,0.0,0.0,462.26,425.11,447.21,469.58,473.79,461.79,0.0,1.83,3.99,2.23,2.29,0.0,121.77,133.46,158.64,161.65,150.72,104.88,524.75,489.43,513.69,534.3,538.57,524.28,8978.17,17.08,0.06,28256.04,17.25,1.35,2.02,8.55,1905.67,2000.0,1.0,1.0,-2.17,4.05,3.52,3.72,0.0,0.0,2.8,3.83,3.73,3.27,0.0,0.0,0.0,0.0,5.0,12.0,8.0,12.0,7.0,12.0,5.0,12.0,0.0,0.0,16.0,17.0,16.0,16.0,0.7,5.32,6.44,6.38,8.84,5.86,5.29,7.22,5.28,6.24,6.27,7.14,6.91,8.39,8.24,9.97,10.96,14.85,26.35,4.81,6.05,6.17,6.86,7.08,6.87,7.16,6.04,6.48,60.35,7.01,6.28,63.58,8.11,8.54,59.67,13.05,28.84,121.9,,,,0.0,0.0,0.0,0.0,0.0,0.0,4.0,0.0,1.0,0.0
True,2021/6/15 20:00:13,,3925325014353576216,Equ1,2021/6/15 19:53:55,1.0,0.0,0.0,1242.0,0.0,0.0,0.0,0.0,462.26,425.11,447.21,469.58,473.79,461.79,0.0,1.72,3.93,2.2,2.26,0.0,121.64,133.84,160.69,162.02,150.82,108.3,526.01,490.58,514.89,535.53,539.8,525.54,8978.17,20.22,0.05,28415.32,16.78,1.56,2.02,8.32,1910.95,1985.97,1.0,1.0,-2.19,4.05,3.51,3.71,0.0,0.0,3.37,2.94,4.14,3.77,0.0,0.0,0.0,0.0,5.0,12.0,8.0,12.0,7.0,12.0,5.0,12.0,0.0,0.0,17.0,18.0,16.0,17.0,0.73,5.29,6.39,6.34,8.8,5.8,5.3,7.13,5.24,6.15,6.16,6.97,6.82,8.21,8.06,9.64,10.23,13.3,18.33,42.3,6.04,6.15,6.86,7.07,6.86,7.17,6.04,6.48,60.36,7.02,6.28,63.54,8.1,8.51,59.41,13.06,28.91,121.87,,,,0.0,0.0,0.0,0.0,0.0,0.0,4.0,0.0,1.0,0.0
True,2021/6/15 20:00:13,,3925325014353576217,Equ1,2021/6/15 19:54:00,1.0,0.0,0.0,1242.0,0.0,0.0,0.0,0.0,462.26,425.11,447.21,469.58,473.79,461.79,0.0,1.72,3.89,2.18,2.27,0.0,122.44,134.55,158.83,162.01,151.56,108.88,527.37,491.94,516.21,536.87,541.17,526.9,9003.3,20.81,0.05,28447.18,16.49,1.57,2.02,8.18,1914.42,1999.28,1.0,1.0,-2.2,4.04,3.5,3.7,0.0,0.0,3.5,2.49,4.23,3.55,0.0,0.0,0.0,0.0,5.0,12.0,8.0,12.0,7.0,12.0,5.0,12.0,0.0,0.0,17.0,18.0,17.0,17.0,0.74,5.26,6.34,6.3,8.77,5.75,5.3,7.03,5.21,6.06,6.06,6.84,6.74,8.06,7.91,9.35,9.75,12.34,15.36,14.91,6.04,6.14,6.86,7.07,6.86,7.17,6.04,6.49,60.36,7.03,6.28,63.57,8.11,8.48,59.18,13.06,28.9,121.85,,,,0.0,0.0,0.0,0.0,0.0,0.0,4.0,0.0,1.0,0.0
True,2021/6/15 20:00:13,,3925325014353576218,Equ1,2021/6/15 19:54:05,1.0,0.0,0.0,1242.0,0.0,0.0,0.0,0.0,462.26,425.11,447.21,469.58,473.79,461.79,0.0,1.64,3.78,2.16,2.27,0.0,120.69,134.36,156.39,162.28,150.25,109.4,528.73,493.23,517.47,538.21,542.53,528.26,9003.3,21.59,0.05,28256.04,15.38,1.52,2.02,7.62,1901.48,1979.6,1.0,1.0,-2.21,4.04,3.5,3.7,0.0,0.0,4.0,5.12,3.82,3.69,0.0,0.0,0.0,0.0,5.0,12.0,8.0,12.0,7.0,12.0,5.0,12.0,0.0,0.0,18.0,19.0,17.0,18.0,0.78,5.24,6.31,6.26,8.74,5.72,5.3,6.94,5.16,6.09,5.98,6.73,6.66,7.93,7.78,9.15,9.38,11.68,13.74,11.33,43.86,6.1,6.85,7.07,6.86,7.17,6.04,6.48,60.36,7.02,6.27,63.48,8.08,8.45,58.94,13.08,29.0,121.82,,,,0.0,0.0,0.0,0.0,0.0,0.0,4.0,0.0,1.0,0.0
True,2021/6/15 20:00:13,,3925325014353576219,Equ1,2021/6/15 19:54:10,1.0,0.0,0.0,1242.0,0.0,0.0,0.0,0.0,462.26,425.11,447.21,469.58,473.79,461.79,0.0,1.59,3.71,2.09,2.26,0.0,122.25,133.84,155.03,161.81,150.19,110.01,530.62,495.07,519.29,540.04,544.42,530.16,8965.35,19.08,0.05,28256.04,17.2,1.5,2.02,8.53,1908.06,1989.29,1.0,1.0,-2.22,4.04,3.49,3.7,0.0,0.0,2.91,3.52,4.12,3.54,0.0,0.0,0.0,0.0,5.0,12.0,8.0,12.0,7.0,12.0,5.0,12.0,0.0,0.0,19.0,19.0,18.0,19.0,0.81,5.21,6.27,6.22,8.7,5.68,5.3,6.85,5.12,6.08,5.94,6.66,6.61,7.82,7.67,8.96,9.09,11.2,12.64,9.82,17.3,47.95,6.84,7.05,6.85,7.16,6.03,6.48,60.35,7.01,6.27,63.51,8.07,8.4,58.72,13.07,28.97,121.8,,,,0.0,0.0,0.0,0.0,0.0,0.0,4.0,0.0,1.0,0.0
True,2021/6/15 20:00:13,,3925325014353576220,Equ1,2021/6/15 19:54:15,1.0,0.0,0.0,1242.0,0.0,0.0,0.0,0.0,462.26,425.11,447.21,469.58,473.79,461.79,0.0,1.58,3.72,2.07,2.22,0.0,122.93,134.52,155.8,161.59,150.23,111.83,532.54,496.97,521.21,541.93,546.29,532.07,9066.39,16.78,0.06,28383.47,19.34,1.49,2.02,9.59,1918.84,1978.95,1.0,1.0,-2.23,4.04,3.5,3.7,0.0,0.0,6.62,3.44,3.91,3.62,0.0,0.0,0.0,0.0,5.0,12.0,8.0,12.0,7.0,12.0,5.0,12.0,0.0,0.0,19.0,20.0,18.0,19.0,0.82,5.2,6.24,6.2,8.68,5.65,5.3,6.77,5.09,6.06,5.92,6.6,6.56,7.72,7.6,8.81,8.85,10.87,11.92,9.07,13.52,22.11,6.83,7.05,6.85,7.16,6.03,6.48,60.36,7.02,6.27,63.54,8.1,8.34,58.54,13.07,29.01,121.79,,,,0.0,0.0,0.0,0.0,0.0,0.0,4.0,0.0,1.0,0.0
True,2021/6/15 20:00:13,,3925325014353576221,Equ1,2021/6/15 19:54:20,1.0,0.0,0.0,1242.0,0.0,0.0,0.0,0.0,462.26,425.11,447.21,469.58,473.79,461.79,0.0,1.54,3.76,2.05,2.21,0.0,122.86,133.67,159.77,161.89,150.52,114.9,534.07,498.46,522.78,543.43,547.81,533.6,9166.92,16.8,0.06,28638.31,20.6,1.58,2.02,10.21,1901.19,2000.0,1.0,1.0,-2.23,4.05,3.5,3.7,0.0,0.0,3.17,3.59,4.11,3.54,0.0,0.0,0.0,0.0,5.0,12.0,8.0,12.0,7.0,12.0,5.0,12.0,0.0,0.0,20.0,20.0,19.0,20.0,0.85,5.19,6.22,6.18,8.66,5.63,5.3,6.71,5.09,6.04,5.9,6.68,6.52,7.66,7.55,8.73,8.7,10.62,11.46,8.6,12.04,15.69,44.26,7.05,6.84,7.16,6.03,6.48,60.36,7.02,6.27,63.55,8.1,8.33,58.41,13.09,29.02,121.77,,,,0.0,0.0,0.0,0.0,0.0,0.0,4.0,0.0,1.0,0.0
True,2021/6/15 20:00:13,,3925325014353576222,Equ1,2021/6/15 19:54:25,1.0,0.0,0.0,1242.0,0.0,0.0,0.0,0.0,462.26,425.11,447.21,469.58,473.79,461.79,0.0,1.27,3.49,1.96,2.18,0.0,121.99,134.23,158.64,162.14,150.8,121.99,535.67,499.8,524.11,544.96,549.39,535.21,9393.62,18.65,0.05,28797.59,20.66,1.77,2.02,10.24,1913.92,1989.44,1.0,1.0,-2.24,4.05,3.5,3.7,0.0,0.0,4.8,4.02,3.91,3.77,0.0,0.0,0.0,0.0,5.0,12.0,8.0,12.0,7.0,12.0,5.0,12.0,0.0,0.0,20.0,21.0,19.0,20.0,0.86,5.2,6.21,6.17,8.64,5.61,5.31,6.66,5.08,6.03,5.89,6.59,6.49,7.6,7.49,8.62,8.53,10.4,11.0,8.2,10.91,12.96,21.85,7.07,6.84,7.17,6.03,6.48,60.37,7.03,6.28,63.56,8.11,8.24,58.22,13.1,29.18,121.74,,,,0.0,0.0,0.0,0.0,0.0,0.0,4.0,0.0,1.0,0.0
True,2021/6/15 20:00:13,,3925325014353576223,Equ1,2021/6/15 19:54:30,1.0,0.0,0.0,1242.0,0.0,0.0,0.0,0.0,462.26,425.11,447.21,469.58,473.79,461.79,0.0,1.22,3.39,1.88,2.15,0.0,123.84,135.37,159.98,162.3,151.53,123.55,537.5,501.58,525.84,546.7,551.18,537.03,9456.7,19.26,0.05,28956.87,20.51,1.81,2.02,10.17,1916.31,1963.18,1.0,1.0,-2.24,4.05,3.5,3.71,0.0,0.0,4.29,3.59,4.01,2.92,0.0,0.0,0.0,0.0,5.0,12.0,8.0,12.0,7.0,12.0,5.0,12.0,0.0,0.0,21.0,22.0,20.0,21.0,0.91,5.19,6.18,6.15,8.61,5.59,5.31,6.59,5.06,6.02,5.86,6.53,6.44,7.53,7.44,8.52,8.39,10.21,10.59,7.89,10.1,11.44,15.72,27.85,6.83,7.16,6.03,6.48,60.37,7.03,6.28,63.56,8.1,8.16,57.96,13.09,29.23,121.71,,,,0.0,0.0,0.0,0.0,0.0,0.0,4.0,0.0,1.0,0.0
True,2021/6/15 20:00:13,,3925325014353576224,Equ1,2021/6/15 19:54:35,1.0,0.0,0.0,1242.0,0.0,0.0,0.0,0.0,462.26,425.11,447.21,469.58,473.79,461.79,0.0,1.03,3.23,1.83,2.16,0.0,122.76,135.37,160.0,161.82,150.81,125.38,539.06,502.94,527.24,548.2,552.75,538.59,9570.05,20.68,0.05,28956.87,18.86,1.79,2.02,9.35,1926.58,2000.0,1.0,1.0,-2.25,4.05,3.49,3.7,0.0,0.0,3.6,3.58,3.92,4.22,0.0,0.0,0.0,0.0,5.0,12.0,8.0,12.0,7.0,12.0,5.0,12.0,0.0,0.0,22.0,22.0,21.0,21.0,0.93,5.18,6.16,6.14,8.59,5.58,5.31,6.53,5.04,6.0,5.85,6.51,6.41,7.46,7.4,8.43,8.26,10.03,10.27,7.65,9.6,10.59,13.27,13.94,34.63,7.17,6.02,6.48,60.37,7.03,6.28,63.56,8.09,8.11,57.71,13.08,29.36,121.68,,,,0.0,0.0,0.0,0.0,0.0,0.0,4.0,0.0,1.0,0.0
True,2021/6/15 20:00:13,,3925325014353576225,Equ1,2021/6/15 19:54:40,1.0,0.0,0.0,1242.0,0.0,0.0,0.0,0.0,462.26,425.11,447.21,469.58,473.79,461.79,0.0,0.99,3.16,1.78,2.14,0.0,122.14,134.95,157.75,162.14,149.99,123.32,540.93,504.78,529.04,550.03,554.61,540.47,9494.65,20.0,0.05,28765.73,19.25,1.76,2.02,9.54,1893.3,1997.83,1.0,1.0,-2.26,4.05,3.5,3.7,0.0,0.0,3.86,3.28,4.22,3.97,0.0,0.0,0.0,0.0,5.0,12.0,8.0,12.0,7.0,12.0,5.0,12.0,0.0,0.0,22.0,23.0,21.0,22.0,0.95,5.18,6.16,6.13,8.58,5.56,5.31,6.47,5.02,5.98,5.83,6.48,6.37,7.5,7.36,8.34,8.15,9.88,10.0,7.45,9.17,9.94,11.85,11.45,22.08,7.17,6.03,6.48,60.38,7.03,6.28,63.57,8.08,8.04,57.44,13.07,29.38,121.64,,,,0.0,0.0,0.0,0.0,0.0,0.0,4.0,0.0,1.0,0.0
True,2021/6/15 20:00:13,,3925325014353576226,Equ1,2021/6/15 19:54:45,1.0,0.0,0.0,1242.0,0.0,0.0,0.0,0.0,462.26,425.11,447.21,469.58,473.79,461.79,0.0,1.1,3.32,1.81,2.16,0.0,123.12,135.2,159.01,162.38,150.55,123.67,542.74,506.69,531.01,551.87,556.43,542.27,9608.0,18.16,0.06,28925.01,20.76,1.73,2.02,10.29,1910.73,1974.1,1.0,1.0,-2.26,4.05,3.49,3.7,0.0,0.0,3.08,3.82,3.52,3.5,0.0,0.0,0.0,0.0,5.0,12.0,8.0,12.0,7.0,12.0,5.0,12.0,0.0,0.0,23.0,23.0,22.0,22.0,0.97,5.17,6.15,6.12,8.55,5.55,5.31,6.41,5.0,5.96,5.81,6.45,6.34,7.45,7.25,8.26,8.05,9.75,9.76,7.28,8.85,9.47,11.01,10.49,15.23,49.31,6.02,6.48,60.37,7.03,6.28,63.57,8.08,7.99,57.23,13.09,29.38,121.62,,,,0.0,0.0,0.0,0.0,0.0,0.0,4.0,0.0,1.0,0.0
True,2021/6/15 20:00:13,,3925325014353576227,Equ1,2021/6/15 19:54:50,1.0,0.0,0.0,1242.0,0.0,0.0,0.0,0.0,462.26,425.11,447.21,469.58,473.79,461.79,0.0,1.03,3.3,1.83,2.19,0.0,122.47,135.19,160.63,161.83,149.83,124.33,544.63,508.51,532.88,553.78,558.35,544.16,9683.4,19.64,0.05,28925.01,20.95,1.89,2.02,10.39,1908.64,1984.01,1.0,1.0,-2.27,4.05,3.49,3.69,0.0,0.0,3.56,4.22,4.06,4.11,0.0,0.0,0.0,0.0,5.0,12.0,8.0,12.0,7.0,12.0,5.0,12.0,0.0,0.0,23.0,24.0,22.0,23.0,0.99,5.17,6.15,6.13,8.54,5.53,5.31,6.35,4.98,5.94,5.79,6.41,6.31,7.4,7.27,8.19,7.96,9.64,9.54,7.15,8.58,9.12,10.39,9.9,12.64,18.95,6.04,6.49,60.38,7.04,6.28,63.58,8.08,7.93,57.02,13.11,29.43,121.6,,,,0.0,0.0,0.0,0.0,0.0,0.0,4.0,0.0,1.0,0.0
True,2021/6/15 20:00:13,,3925325014353576228,Equ1,2021/6/15 19:54:55,1.0,0.0,0.0,1242.0,0.0,0.0,0.0,0.0,462.26,425.11,447.21,469.58,473.79,461.79,0.0,0.83,3.04,1.74,2.18,0.0,122.61,135.23,159.81,162.3,151.32,127.47,546.06,509.74,534.05,555.12,559.77,545.59,9670.58,21.58,0.05,29020.58,20.13,1.99,2.02,9.97,1913.7,1967.74,1.0,1.0,-2.27,4.04,3.48,3.69,0.0,0.0,4.31,3.56,5.24,3.53,0.0,0.0,0.0,0.0,5.0,12.0,8.0,12.0,7.0,12.0,5.0,12.0,0.0,0.0,24.0,24.0,23.0,24.0,1.03,5.17,6.13,6.13,8.58,5.52,5.31,6.3,4.97,5.93,5.78,6.38,6.28,7.35,7.27,8.18,7.87,9.54,9.36,7.03,8.38,8.83,9.94,9.48,11.38,14.66,27.5,6.48,60.37,7.03,6.28,63.58,8.07,7.86,56.76,13.09,29.6,121.55,,,,0.0,0.0,0.0,0.0,0.0,0.0,4.0,0.0,1.0,0.0
True,2021/6/15 20:00:13,,3925325014353576229,Equ1,2021/6/15 19:55:00,1.0,0.0,0.0,1242.0,0.0,0.0,0.0,0.0,462.26,425.11,447.21,469.58,473.79,461.79,0.0,0.8,3.06,1.72,2.19,0.0,121.9,135.19,161.5,162.54,151.11,128.15,547.6,511.26,535.61,556.65,561.32,547.14,9796.74,22.0,0.05,29158.62,19.11,1.93,2.02,9.47,1915.58,2000.0,1.0,1.0,-2.28,4.04,3.48,3.69,0.0,0.0,3.6,3.96,3.87,3.95,0.0,0.0,0.0,0.0,5.0,12.0,8.0,12.0,7.0,12.0,5.0,12.0,0.0,0.0,24.0,25.0,23.0,24.0,1.04,5.16,6.12,6.12,8.57,5.5,5.31,6.24,4.95,5.91,5.76,6.35,6.25,7.3,7.26,8.08,7.73,9.45,9.2,6.92,8.21,8.58,9.56,9.14,10.56,12.89,14.39,43.8,60.36,7.04,6.28,63.58,8.06,7.81,56.48,13.1,29.63,121.51,,,,0.0,0.0,0.0,0.0,0.0,0.0,4.0,0.0,1.0,0.0
True,2021/6/15 20:00:13,,3925325014353576230,Equ1,2021/6/15 19:55:05,1.0,0.0,0.0,1242.0,0.0,0.0,0.0,0.0,462.26,425.11,447.21,469.58,473.79,461.79,0.0,0.69,2.94,1.73,2.22,0.0,122.02,135.16,157.71,161.69,150.29,126.0,549.05,512.59,536.93,558.09,562.79,548.58,9658.26,24.34,0.04,28893.16,17.65,1.97,2.02,8.75,1901.11,1993.42,1.0,1.0,-2.28,4.04,3.48,3.69,0.0,0.0,3.61,3.29,3.79,7.77,0.0,0.0,0.0,0.0,5.0,12.0,8.0,12.0,7.0,12.0,5.0,12.0,0.0,0.0,25.0,26.0,24.0,25.0,1.08,5.16,6.11,6.11,8.56,5.48,5.31,6.19,4.93,5.89,5.75,6.33,6.23,7.27,7.24,8.03,7.71,9.38,9.05,6.82,8.06,8.39,9.28,8.89,9.97,11.98,12.11,46.77,60.36,7.04,6.28,63.57,8.06,7.76,56.18,13.1,29.76,121.46,,,,0.0,0.0,0.0,0.0,0.0,0.0,4.0,0.0,1.0,0.0
True,2021/6/15 20:00:13,,3925325014353576231,Equ1,2021/6/15 19:55:10,1.0,0.0,0.0,1242.0,0.0,0.0,0.0,0.0,462.26,425.11,447.21,469.58,473.79,461.79,0.0,0.8,3.0,1.72,2.24,0.0,122.19,134.82,157.67,162.05,149.75,123.84,550.9,514.55,538.85,559.94,564.67,550.43,9595.18,21.12,0.05,28829.45,18.32,1.77,2.02,9.07,1917.03,1960.14,1.0,1.0,-2.29,4.05,3.48,3.69,0.0,0.0,3.16,3.0,3.92,3.08,0.0,0.0,0.0,0.0,5.0,12.0,8.0,12.0,7.0,12.0,5.0,12.0,0.0,0.0,26.0,26.0,24.0,25.0,1.09,5.15,6.1,6.11,8.54,5.46,5.31,6.15,4.91,5.87,5.73,6.31,6.2,7.23,7.22,7.97,7.65,9.31,8.91,6.74,7.93,8.22,9.05,8.73,9.53,11.28,10.97,44.69,63.16,7.03,6.28,63.56,8.05,7.71,55.87,13.1,29.76,121.42,,,,0.0,0.0,0.0,0.0,0.0,0.0,4.0,0.0,1.0,0.0
True,2021/6/15 20:00:13,,3925325014353576232,Equ1,2021/6/15 19:55:15,1.0,0.0,0.0,1242.0,0.0,0.0,0.0,0.0,462.26,425.11,447.21,469.58,473.79,461.79,0.0,0.84,3.16,1.77,2.27,0.0,122.48,134.71,159.39,161.95,151.22,125.23,552.63,516.32,540.74,561.72,566.43,552.16,9784.43,20.71,0.05,28988.73,19.63,1.86,2.02,9.74,1897.86,1962.02,1.0,1.0,-2.29,4.05,3.48,3.69,0.0,0.0,3.56,3.33,4.17,3.07,0.0,0.0,0.0,0.0,5.0,12.0,8.0,12.0,7.0,12.0,5.0,12.0,0.0,0.0,26.0,27.0,25.0,26.0,1.12,5.15,6.08,6.09,8.52,5.47,5.32,6.11,4.9,5.86,5.72,6.29,6.19,7.19,7.2,7.92,7.62,9.24,8.77,6.68,7.82,8.08,8.86,8.58,9.2,10.79,10.23,29.62,64.2,7.04,6.28,63.57,8.04,7.66,55.63,13.12,29.76,121.39,,,,0.0,0.0,0.0,0.0,0.0,0.0,4.0,0.0,1.0,0.0
True,2021/6/15 20:00:13,,3925325014353576233,Equ1,2021/6/15 19:55:20,1.0,0.0,0.0,1242.0,0.0,0.0,0.0,0.0,462.26,425.11,447.21,469.58,473.79,461.79,0.0,0.72,3.01,1.76,2.3,0.0,123.81,135.6,159.51,162.44,151.88,128.66,554.01,517.59,541.98,563.1,567.85,553.54,9834.19,22.64,0.05,29179.86,19.02,1.97,2.02,9.43,1919.99,1962.09,1.0,1.0,-2.3,4.05,3.48,3.69,0.0,0.0,3.44,3.56,3.9,3.25,0.0,0.0,0.0,0.0,5.0,12.0,8.0,12.0,7.0,12.0,5.0,12.0,0.0,0.0,27.0,27.0,25.0,26.0,1.13,5.15,6.06,6.09,8.51,5.47,5.31,6.06,4.88,5.84,5.71,6.27,6.16,7.16,7.18,7.88,7.6,9.18,8.68,6.61,7.72,7.96,8.68,8.43,8.94,10.4,9.75,15.62,64.2,36.44,6.27,63.55,8.03,7.6,55.38,13.15,29.87,121.34,,,,0.0,0.0,0.0,0.0,0.0,0.0,4.0,0.0,1.0,0.0
True,2021/6/15 20:00:13,,3925325014353576234,Equ1,2021/6/15 19:55:25,1.0,0.0,0.0,1242.0,0.0,0.0,0.0,0.0,462.26,425.11,447.21,469.58,473.79,461.79,0.0,0.67,2.93,1.8,2.36,0.0,121.9,137.47,158.29,161.75,150.69,124.25,555.4,518.92,543.28,564.52,569.29,554.93,9733.16,22.38,0.05,28956.87,18.67,1.91,2.02,9.25,1930.7,1955.3,1.0,1.0,-2.3,4.04,3.48,3.69,0.0,0.0,3.59,3.95,4.14,3.92,0.0,0.0,0.0,0.0,5.0,12.0,8.0,12.0,7.0,12.0,5.0,12.0,0.0,0.0,27.0,28.0,26.0,27.0,1.17,5.15,6.06,6.08,8.49,5.47,5.32,6.02,4.87,5.84,5.69,6.25,6.15,7.12,7.16,7.84,7.55,9.13,8.57,6.56,7.64,7.85,8.55,8.33,8.74,10.1,9.38,12.81,64.19,23.9,41.14,63.54,8.02,7.56,54.9,13.17,30.06,121.25,,,,0.0,0.0,0.0,0.0,0.0,0.0,4.0,0.0,1.0,0.0
True,2021/6/15 20:00:13,,3925325014353576235,Equ1,2021/6/15 19:55:30,1.0,0.0,0.0,1242.0,0.0,0.0,0.0,0.0,462.26,425.11,447.21,469.58,473.79,461.79,0.0,0.7,3.02,1.77,2.33,0.0,122.18,138.63,162.47,162.33,151.26,125.32,556.86,520.41,544.83,565.95,570.72,556.39,9859.33,25.76,0.04,29190.48,17.54,2.07,2.02,8.7,1905.02,1985.46,1.0,1.0,-2.3,4.05,3.47,3.67,0.0,0.0,3.8,3.58,3.96,3.53,0.0,0.0,0.0,0.0,5.0,12.0,8.0,12.0,7.0,12.0,5.0,12.0,0.0,0.0,28.0,29.0,26.0,27.0,1.19,5.14,6.05,6.07,8.47,5.47,5.33,5.98,4.86,5.82,5.68,6.23,6.13,7.09,7.15,7.8,7.5,9.09,8.46,6.52,7.56,7.75,8.41,8.23,8.55,9.87,9.09,11.45,64.19,19.32,18.25,63.54,8.03,7.52,54.56,13.17,30.06,121.2,,,,0.0,0.0,0.0,0.0,0.0,0.0,4.0,0.0,1.0,0.0
True,2021/6/15 20:00:13,,3925325014353576236,Equ1,2021/6/15 19:55:35,1.0,0.0,0.0,1242.0,0.0,0.0,0.0,0.0,462.26,425.11,447.21,469.58,473.79,461.79,0.0,0.69,2.94,1.75,2.34,0.0,121.47,137.86,158.2,162.25,150.54,123.32,558.01,521.55,545.91,567.09,571.89,557.54,9758.29,28.42,0.04,28893.16,16.04,2.09,2.02,7.96,1897.14,1979.17,1.0,1.0,-2.3,4.04,3.47,3.68,0.0,0.0,3.58,3.51,4.17,3.88,0.0,0.0,0.0,0.0,5.0,12.0,8.0,12.0,7.0,12.0,5.0,12.0,0.0,0.0,29.0,29.0,27.0,28.0,1.22,5.14,6.05,6.06,8.45,5.46,5.33,5.96,4.86,5.82,5.68,6.22,6.13,7.08,7.13,7.77,7.47,9.06,8.38,6.47,7.51,7.69,8.33,8.18,8.43,9.7,8.92,10.82,64.18,17.55,14.31,61.24,8.03,7.49,54.35,13.17,30.07,121.17,,,,0.0,0.0,0.0,0.0,0.0,0.0,4.0,0.0,1.0,0.0
True,2021/6/15 20:00:13,,3925325014353576237,Equ1,2021/6/15 19:55:40,1.0,0.0,0.0,1242.0,0.0,0.0,0.0,0.0,462.26,425.11,447.21,469.58,473.79,461.79,0.0,0.77,3.03,1.77,2.37,0.0,122.27,138.01,158.09,161.78,150.88,121.77,559.79,523.41,547.77,568.88,573.7,559.32,9745.98,21.59,0.05,28893.16,18.51,1.83,2.02,9.17,1922.31,1967.88,1.0,1.0,-2.3,4.05,3.47,3.68,0.0,0.0,3.64,3.58,3.93,3.53,0.0,0.0,0.0,0.0,5.0,12.0,8.0,12.0,7.0,12.0,5.0,12.0,0.0,0.0,29.0,30.0,27.0,28.0,1.23,5.15,6.02,6.06,8.44,5.46,5.34,5.93,4.86,5.82,5.67,6.21,6.12,7.05,7.12,7.74,7.42,9.02,8.27,6.42,7.44,7.6,8.23,8.1,8.29,9.53,8.72,10.27,64.2,15.89,12.45,61.9,8.05,7.46,54.1,13.17,30.07,121.14,,,,0.0,0.0,0.0,0.0,0.0,0.0,4.0,0.0,1.0,0.0
True,2021/6/15 20:00:13,,3925325014353576238,Equ1,2021/6/15 19:55:45,1.0,0.0,0.0,1242.0,0.0,0.0,0.0,0.0,462.26,425.11,447.21,469.58,473.79,461.79,0.0,0.79,3.16,1.77,2.35,0.0,122.05,137.6,161.66,161.6,151.23,124.74,561.32,524.97,549.43,570.41,575.2,560.85,9947.54,20.34,0.05,29084.29,19.11,1.78,2.02,9.47,1903.94,1957.03,1.0,1.0,-2.3,4.04,3.47,3.68,0.0,0.0,3.27,3.69,4.15,3.62,0.0,0.0,0.0,0.0,5.0,12.0,8.0,12.0,7.0,12.0,5.0,12.0,0.0,0.0,30.0,30.0,28.0,29.0,1.26,5.14,6.02,6.05,8.42,5.45,5.33,5.89,4.84,5.8,5.66,6.19,6.11,7.03,7.09,7.71,7.39,8.98,8.18,6.37,7.4,7.56,8.15,8.03,8.16,9.37,8.54,9.83,64.2,14.84,11.46,62.03,37.09,7.41,53.91,13.22,30.07,121.11,,,,0.0,0.0,0.0,0.0,0.0,0.0,4.0,0.0,1.0,0.0
True,2021/6/15 20:00:13,,3925325014353576239,Equ1,2021/6/15 19:55:50,1.0,0.0,0.0,1242.0,0.0,0.0,0.0,0.0,462.26,425.11,447.21,469.58,473.79,461.79,0.0,0.74,3.09,1.82,2.43,0.0,122.93,138.12,158.78,162.44,151.42,125.0,562.67,526.26,550.7,571.81,576.63,562.2,9884.46,24.22,0.04,29052.44,18.24,2.02,2.02,9.04,1899.59,1957.68,1.0,1.0,-2.31,4.05,3.47,3.68,0.0,0.0,3.37,2.97,3.93,3.5,0.0,0.0,0.0,0.0,5.0,12.0,8.0,12.0,7.0,12.0,5.0,12.0,0.0,0.0,30.0,31.0,28.0,29.0,1.27,5.14,6.01,6.04,8.4,5.45,5.33,5.87,4.83,5.81,5.67,6.19,6.1,7.01,7.08,7.69,7.36,8.95,8.1,6.34,7.36,7.51,8.17,7.98,8.06,9.22,8.41,9.51,64.2,14.06,10.88,62.09,20.99,35.11,53.7,13.23,30.13,121.08,,,,0.0,0.0,0.0,0.0,0.0,0.0,4.0,0.0,1.0,0.0
True,2021/6/15 20:00:13,,3925325014353576240,Equ1,2021/6/15 19:55:55,1.0,0.0,0.0,1242.0,0.0,0.0,0.0,0.0,462.26,425.11,447.21,469.58,473.79,461.79,0.0,0.67,2.96,1.78,2.41,0.0,122.02,137.95,158.58,162.21,151.0,123.63,564.06,527.58,551.97,573.16,578.0,563.59,9745.47,25.37,0.04,28988.72,17.59,2.04,2.02,8.71,1912.04,1973.89,1.0,1.0,-2.31,4.05,3.47,3.68,0.0,0.0,3.4,6.31,4.17,3.57,0.0,0.0,0.0,0.0,5.0,12.0,8.0,12.0,7.0,12.0,5.0,12.0,0.0,0.0,31.0,31.0,29.0,30.0,1.31,5.14,6.0,6.04,8.39,5.44,5.34,5.84,4.83,5.8,5.65,6.19,6.09,6.99,7.07,7.66,7.33,8.93,8.03,6.3,7.31,7.48,8.06,7.93,7.96,9.1,8.3,9.27,64.2,13.44,10.44,62.13,17.12,26.82,53.49,13.22,30.18,121.06,,,,0.0,0.0,0.0,0.0,0.0,0.0,4.0,0.0,1.0,0.0
True,2021/6/15 20:00:13,,3925325014353576241,Equ1,2021/6/15 19:56:00,1.0,0.0,0.0,1242.0,0.0,0.0,0.0,0.0,462.26,425.11,447.21,469.58,473.79,461.79,0.0,0.66,2.98,1.75,2.41,0.0,122.47,139.35,160.45,162.57,151.24,126.88,565.29,528.81,553.23,574.36,579.24,564.83,9909.59,31.68,0.03,29190.48,15.66,2.28,2.02,7.77,1899.67,2000.0,1.0,1.0,-2.31,4.05,3.47,3.68,0.0,0.0,3.55,3.39,3.95,3.52,0.0,0.0,0.0,0.0,5.0,12.0,8.0,12.0,7.0,12.0,5.0,12.0,0.0,0.0,31.0,32.0,29.0,31.0,1.33,41.47,5.99,6.02,8.38,5.43,5.34,5.82,4.82,5.8,5.65,6.16,6.0,6.97,7.05,7.64,7.3,8.89,7.96,6.27,7.27,7.42,7.96,7.88,7.88,8.99,8.19,9.06,64.2,12.92,10.11,62.16,15.23,18.08,53.31,13.22,30.18,121.03,,,,0.0,0.0,0.0,0.0,0.0,0.0,4.0,0.0,1.0,0.0
True,2021/6/15 20:00:13,,3925325014353576242,Equ1,2021/6/15 19:56:05,1.0,0.0,0.0,1242.0,0.0,0.0,0.0,0.0,462.26,425.11,447.21,469.58,473.79,461.79,0.0,0.63,2.94,1.75,2.43,0.0,121.73,138.34,157.74,161.88,150.54,123.08,566.68,530.16,554.57,575.75,580.64,566.21,9808.56,30.87,0.03,28925.01,14.92,2.11,2.02,7.4,1909.94,1969.62,1.0,1.0,-2.31,4.05,3.47,3.68,0.0,0.0,3.93,3.84,3.99,3.64,0.0,0.0,0.0,0.0,5.0,12.0,8.0,12.0,7.0,12.0,5.0,12.0,0.0,0.0,32.0,32.0,30.0,31.0,1.35,12.04,5.98,6.02,8.36,5.43,5.34,5.79,4.81,5.8,5.64,6.15,6.19,6.96,7.04,7.62,7.28,8.88,7.91,6.23,7.22,7.37,7.91,7.85,7.8,8.9,8.1,8.89,64.2,12.51,9.84,62.18,14.02,15.14,53.12,13.22,30.22,121.01,,,,0.0,0.0,0.0,0.0,0.0,0.0,4.0,0.0,1.0,0.0
True,2021/6/15 20:00:13,,3925325014353576243,Equ1,2021/6/15 19:56:10,1.0,0.0,0.0,1242.0,0.0,0.0,0.0,0.0,462.26,425.11,447.21,469.58,473.79,461.79,0.0,0.7,2.98,1.74,2.43,0.0,122.11,137.64,156.99,162.11,150.74,122.27,568.32,531.87,556.24,577.37,582.28,567.84,9821.38,22.68,0.05,28893.16,16.95,1.76,2.02,8.39,1909.22,1973.38,1.0,1.0,-2.31,4.05,3.47,3.68,0.0,0.0,3.55,3.41,3.95,3.15,0.0,0.0,0.0,0.0,5.0,12.0,8.0,12.0,7.0,12.0,5.0,12.0,0.0,0.0,33.0,33.0,30.0,32.0,1.38,9.16,35.1,6.01,8.35,5.43,5.33,5.76,4.8,5.79,5.63,6.13,6.17,7.14,7.03,7.6,7.26,8.85,7.86,6.21,7.18,7.33,7.86,7.8,7.74,8.82,8.02,8.74,64.2,12.16,9.64,62.19,13.24,13.54,52.96,13.23,30.22,120.99,,,,0.0,0.0,0.0,0.0,0.0,0.0,4.0,0.0,1.0,0.0
True,2021/6/15 20:00:13,,3925325014353576244,Equ1,2021/6/15 19:56:15,1.0,0.0,0.0,1242.0,0.0,0.0,0.0,0.0,462.26,425.11,447.21,469.58,473.79,461.79,0.0,0.76,3.11,1.76,2.44,0.0,122.74,138.92,159.13,162.36,150.97,123.28,569.93,533.54,557.99,579.01,583.9,569.46,9884.46,23.4,0.05,29020.58,17.9,1.92,2.02,8.88,1897.93,1977.65,1.0,1.0,-2.31,4.05,3.47,3.67,0.0,0.0,3.94,3.61,3.91,4.51,0.0,0.0,0.0,0.0,5.0,12.0,8.0,12.0,7.0,12.0,5.0,12.0,0.0,0.0,33.0,33.0,31.0,32.0,1.39,8.11,14.7,6.01,8.34,5.42,5.34,5.73,4.79,5.79,5.62,6.12,6.16,7.07,7.02,7.58,7.24,8.83,7.81,6.18,7.15,7.29,7.8,7.76,7.82,8.75,7.94,8.59,64.19,11.87,9.47,62.22,12.67,12.44,52.8,13.25,30.22,120.97,,,,0.0,0.0,0.0,0.0,0.0,0.0,4.0,0.0,1.0,0.0
True,2021/6/15 20:00:13,,3925325014353576245,Equ1,2021/6/15 19:56:20,1.0,0.0,0.0,1242.0,0.0,0.0,0.0,0.0,462.26,425.11,447.21,469.58,473.79,461.79,0.0,0.69,3.07,1.84,2.52,0.0,122.93,138.76,160.0,162.09,151.76,122.67,571.57,535.11,559.59,580.73,585.62,571.1,9821.37,23.22,0.05,29020.58,19.51,2.08,2.02,9.67,1890.05,1957.83,1.0,1.0,-2.31,4.05,3.47,3.68,0.0,0.0,4.32,3.57,3.94,3.17,0.0,0.0,0.0,0.0,5.0,12.0,8.0,12.0,7.0,12.0,5.0,12.0,0.0,0.0,34.0,34.0,31.0,33.0,1.42,7.52,11.7,17.19,8.33,5.42,5.33,5.71,4.78,5.78,5.62,6.11,6.15,7.04,7.02,7.57,7.22,8.81,7.75,6.16,7.11,7.24,7.75,7.74,7.74,8.67,7.87,8.48,64.19,11.62,9.33,62.22,12.23,11.73,52.63,13.25,30.29,120.95,,,,0.0,0.0,0.0,0.0,0.0,0.0,4.0,0.0,1.0,0.0
True,2021/6/15 20:00:13,,3925325014353576246,Equ1,2021/6/15 19:56:25,1.0,0.0,0.0,1242.0,0.0,0.0,0.0,0.0,462.26,425.11,447.21,469.58,473.79,461.79,0.0,0.57,2.91,1.76,2.49,0.0,122.12,138.28,158.74,162.34,151.07,123.39,573.1,536.53,560.97,582.18,587.13,572.63,9795.74,23.09,0.05,28956.87,18.86,1.99,2.02,9.35,1898.29,1957.32,1.0,1.0,-2.31,4.05,3.47,3.68,0.0,0.0,3.65,3.1,3.96,3.21,0.0,0.0,0.0,0.0,5.0,12.0,8.0,12.0,7.0,12.0,5.0,12.0,0.0,0.0,34.0,35.0,32.0,33.0,1.45,7.17,10.34,11.61,51.78,5.41,5.33,5.68,4.76,5.78,5.61,6.11,6.14,7.01,7.0,7.55,7.2,8.78,7.7,6.13,7.07,7.19,7.7,7.7,7.66,8.61,7.89,8.36,64.18,11.38,9.2,62.23,11.85,11.16,52.43,13.24,30.37,120.92,,,,0.0,0.0,0.0,0.0,0.0,0.0,4.0,0.0,1.0,0.0
True,2021/6/15 20:00:13,,3925325014353576247,Equ1,2021/6/15 19:56:30,1.0,0.0,0.0,1242.0,0.0,0.0,0.0,0.0,462.26,425.11,447.21,469.58,473.79,461.79,0.0,0.54,2.87,1.68,2.43,0.0,122.86,138.14,160.04,162.36,151.61,126.71,574.31,537.7,562.13,583.31,588.27,573.84,9921.9,27.6,0.04,29222.34,17.21,2.18,2.02,8.53,1921.95,1937.57,1.0,1.0,-2.31,4.04,3.47,3.68,0.0,0.0,3.46,1.87,3.94,4.28,0.0,0.0,0.0,0.0,5.0,12.0,8.0,12.0,7.0,12.0,5.0,12.0,0.0,0.0,35.0,35.0,33.0,34.0,1.48,6.92,9.6,10.06,19.65,5.41,5.34,5.67,4.76,5.78,5.61,6.09,6.13,6.99,7.01,7.53,7.19,8.77,7.64,6.1,7.03,7.15,7.65,7.67,7.59,8.56,7.77,8.28,64.19,11.19,9.09,62.25,11.55,10.75,52.27,13.24,30.38,120.9,,,,0.0,0.0,0.0,0.0,0.0,0.0,4.0,0.0,1.0,0.0
True,2021/6/15 20:00:13,,3925325014353576248,Equ1,2021/6/15 19:56:35,1.0,0.0,0.0,1242.0,0.0,0.0,0.0,0.0,462.26,425.11,447.21,469.58,473.79,461.79,0.0,0.53,2.87,1.69,2.47,0.0,123.29,138.32,159.09,162.24,151.43,124.23,575.79,539.17,563.61,584.8,589.79,575.32,9808.56,27.1,0.04,29020.58,16.61,2.06,2.02,8.23,1937.79,1955.37,1.0,1.0,-2.31,4.05,3.47,3.68,0.0,0.0,3.56,3.23,4.02,3.45,0.0,0.0,0.0,0.0,5.0,12.0,8.0,12.0,7.0,12.0,5.0,12.0,0.0,0.0,35.0,36.0,33.0,34.0,1.49,6.71,9.06,9.21,14.6,45.34,5.33,5.64,4.75,5.77,5.6,6.08,6.11,6.97,6.98,7.51,7.16,8.75,7.58,6.07,6.99,7.1,7.61,7.64,7.52,8.49,7.7,8.2,64.18,11.0,9.0,62.25,11.29,10.36,52.11,13.23,30.38,120.88,,,,0.0,0.0,0.0,0.0,0.0,0.0,4.0,0.0,1.0,0.0
True,2021/6/15 20:00:13,,3925325014353576249,Equ1,2021/6/15 19:56:40,1.0,0.0,0.0,1242.0,0.0,0.0,0.0,0.0,462.26,425.11,447.21,469.58,473.79,461.79,0.0,0.56,2.89,1.64,2.44,0.0,122.48,138.12,158.35,162.04,151.24,124.67,577.1,540.51,564.94,586.05,591.06,576.63,9871.64,23.62,0.05,28988.73,15.74,1.7,2.02,7.8,1928.31,1916.02,1.0,1.0,-2.31,4.05,3.48,3.68,0.0,0.0,3.58,2.69,3.93,3.3,0.0,0.0,0.0,0.0,5.0,12.0,8.0,12.0,7.0,12.0,5.0,12.0,0.0,0.0,36.0,36.0,34.0,35.0,1.52,6.56,8.66,8.7,12.96,13.37,5.33,5.62,4.73,5.76,5.59,6.06,6.11,6.95,6.98,7.51,7.15,8.73,7.53,6.05,6.96,7.07,7.57,7.63,7.47,8.44,7.65,8.14,64.18,10.85,8.92,62.26,11.07,10.07,51.99,13.24,30.39,120.87,,,,0.0,0.0,0.0,0.0,0.0,0.0,4.0,0.0,1.0,0.0
True,2021/6/15 20:00:13,,3925325014353576250,Equ1,2021/6/15 19:56:45,1.0,0.0,0.0,1242.0,0.0,0.0,0.0,0.0,462.26,425.11,447.21,469.58,473.79,461.79,0.0,0.61,3.03,1.7,2.47,0.0,122.4,138.34,160.63,162.3,151.01,124.16,578.26,541.73,566.24,587.28,592.26,577.79,9984.99,25.85,0.04,29052.44,16.2,1.92,2.02,8.04,1933.67,1885.78,1.0,1.0,-2.31,4.05,3.48,3.68,0.0,0.0,3.57,3.34,3.9,3.7,0.0,0.0,0.0,0.0,5.0,12.0,8.0,12.0,7.0,12.0,5.0,12.0,0.0,0.0,36.0,37.0,34.0,35.0,1.53,6.46,8.41,8.39,12.19,10.98,5.34,5.6,4.73,5.76,5.58,6.05,6.1,6.93,6.97,7.5,7.16,8.73,7.49,6.02,6.93,7.03,7.54,7.61,7.42,8.4,7.61,8.08,64.2,10.73,8.85,62.26,10.92,9.87,51.89,13.25,30.34,120.85,,,,0.0,0.0,0.0,0.0,0.0,0.0,4.0,0.0,1.0,0.0
True,2021/6/15 20:00:13,,3925325014353576251,Equ1,2021/6/15 19:56:50,1.0,0.0,0.0,1242.0,0.0,0.0,0.0,0.0,462.26,425.11,447.21,469.58,473.79,461.79,0.0,0.57,2.99,1.75,2.52,0.0,122.79,138.48,159.07,162.24,151.1,124.13,579.73,543.15,567.67,588.8,593.78,579.26,9896.77,25.17,0.04,29052.44,17.25,1.99,2.02,8.55,1934.53,1923.47,1.0,1.0,-2.31,4.05,3.48,3.69,0.0,0.0,3.85,3.23,3.95,3.29,0.0,0.0,0.0,0.0,5.0,12.0,8.0,12.0,7.0,12.0,5.0,12.0,0.0,0.0,37.0,37.0,34.0,36.0,1.55,6.36,8.17,8.09,11.52,9.71,5.34,20.76,4.72,5.75,5.57,6.04,6.1,6.92,6.97,7.49,7.16,8.71,7.42,5.99,6.9,7.0,7.5,7.59,7.37,8.34,7.56,8.01,64.19,10.6,8.79,62.27,10.75,9.65,51.76,13.26,30.44,120.83,,,,0.0,0.0,0.0,0.0,0.0,0.0,4.0,0.0,1.0,0.0
True,2021/6/15 20:00:13,,3925325014353576252,Equ1,2021/6/15 19:56:55,1.0,0.0,0.0,1242.0,0.0,0.0,0.0,0.0,462.26,425.11,447.21,469.58,473.79,461.79,0.0,0.48,2.86,1.69,2.52,0.0,121.64,138.63,157.99,161.92,151.1,125.43,581.06,544.39,568.87,590.07,595.11,580.59,9833.69,25.59,0.04,29020.58,16.35,1.92,2.02,8.1,1929.47,1901.98,1.0,1.0,-2.3,4.05,3.48,3.69,0.0,0.0,5.89,3.91,3.98,3.56,0.0,0.0,0.0,0.0,5.0,12.0,8.0,12.0,7.0,12.0,5.0,12.0,0.0,0.0,38.0,38.0,35.0,36.0,1.59,6.27,7.97,7.85,11.09,8.96,5.34,30.97,4.7,5.75,5.57,6.02,6.08,6.89,6.96,7.47,7.14,8.69,7.41,5.96,6.86,6.96,7.46,7.58,7.33,8.29,7.52,7.93,64.19,10.49,8.73,62.27,10.61,9.48,51.6,13.25,30.51,120.81,,,,0.0,0.0,0.0,0.0,0.0,0.0,4.0,0.0,1.0,0.0
True,2021/6/15 20:00:13,,3925325014353576253,Equ1,2021/6/15 19:57:00,1.0,0.0,0.0,1242.0,0.0,0.0,0.0,0.0,462.26,425.11,447.21,469.58,473.79,461.79,0.0,0.51,2.96,1.66,2.49,0.0,123.52,138.54,164.4,161.92,151.87,125.39,582.39,545.75,570.3,591.37,596.42,581.92,9921.91,27.06,0.04,29275.43,16.42,2.04,2.02,8.14,1917.46,1877.75,1.0,1.0,-2.29,4.06,3.49,3.69,0.0,0.0,3.13,3.63,3.93,3.56,0.0,0.0,0.0,0.0,5.0,12.0,8.0,12.0,7.0,12.0,5.0,12.0,0.0,0.0,38.0,38.0,36.0,37.0,1.61,6.19,7.79,7.64,10.71,8.43,5.33,17.51,39.87,5.74,5.54,6.0,6.06,6.87,6.94,7.47,7.12,8.67,7.36,5.96,6.83,6.91,7.42,7.55,7.28,8.23,7.46,7.88,64.18,10.38,8.66,62.27,10.47,9.32,51.46,13.25,30.51,120.79,,,,0.0,0.0,0.0,0.0,0.0,0.0,4.0,0.0,1.0,0.0
True,2021/6/15 20:00:13,,3925325014353576254,Equ1,2021/6/15 19:57:05,1.0,0.0,0.0,1242.0,0.0,0.0,0.0,0.0,462.26,425.11,447.21,469.58,473.79,461.79,0.0,0.46,2.86,1.65,2.5,0.0,122.79,138.3,159.46,162.23,150.91,125.07,583.74,547.04,571.55,592.7,597.77,583.27,9808.56,28.65,0.04,29084.29,15.48,2.03,2.02,7.67,1909.29,1807.36,1.0,1.0,-2.28,4.07,3.51,3.71,0.0,0.0,3.35,3.69,4.03,3.57,0.0,0.0,0.0,0.0,5.0,12.0,8.0,12.0,7.0,12.0,5.0,12.0,0.0,0.0,39.0,39.0,36.0,37.0,1.63,6.1,7.62,7.44,10.44,8.02,5.33,14.07,10.45,5.74,5.53,5.98,6.06,6.85,6.93,7.45,7.1,8.66,7.31,5.92,6.78,6.87,7.37,7.52,7.23,8.19,7.41,7.82,64.18,10.25,8.66,62.29,10.36,9.17,51.34,13.24,30.52,120.78,,,,0.0,0.0,0.0,0.0,0.0,0.0,4.0,0.0,1.0,0.0
True,2021/6/15 20:00:13,,3925325014353576255,Equ1,2021/6/15 19:57:10,1.0,0.0,0.0,1242.0,0.0,0.0,0.0,0.0,462.26,425.11,447.21,469.58,473.79,461.79,0.0,0.49,2.86,1.6,2.47,0.0,122.93,138.98,158.83,162.63,151.5,125.8,585.15,548.49,572.96,594.06,599.15,584.68,9808.56,23.56,0.05,29190.48,16.05,1.73,2.02,7.96,1894.82,1753.69,1.0,1.0,-2.26,4.09,3.52,3.73,0.0,0.0,3.7,3.64,3.97,4.01,0.0,0.0,0.0,0.0,5.0,12.0,8.0,12.0,7.0,12.0,5.0,12.0,0.0,0.0,39.0,40.0,37.0,38.0,1.66,6.0,7.46,7.27,10.19,7.7,5.33,12.19,8.36,23.34,5.5,5.94,6.04,6.83,6.92,7.44,7.09,8.65,7.25,5.87,6.81,6.81,7.32,7.51,7.19,8.14,7.36,7.76,64.19,10.15,8.59,62.26,10.34,9.06,51.23,13.24,30.52,120.77,,,,0.0,0.0,0.0,0.0,0.0,0.0,4.0,0.0,1.0,0.0
True,2021/6/15 20:00:13,,3925325014353576256,Equ1,2021/6/15 19:57:15,1.0,0.0,0.0,1242.0,0.0,0.0,0.0,0.0,462.26,425.11,447.21,469.58,473.79,461.79,0.0,0.58,3.0,1.66,2.5,0.0,121.73,138.63,159.68,161.89,150.82,126.04,586.36,549.79,574.31,595.34,600.39,585.89,9909.59,25.18,0.04,29116.15,15.66,1.81,2.02,7.76,1902.99,1837.89,1.0,1.0,-2.24,4.1,3.53,3.74,0.0,0.0,3.58,3.71,4.2,3.61,0.0,0.0,0.0,0.0,5.0,12.0,8.0,12.0,7.0,12.0,5.0,12.0,0.0,0.0,40.0,40.0,37.0,39.0,1.68,5.91,7.31,7.12,9.99,7.43,5.33,11.08,7.44,13.97,45.79,5.89,6.01,6.81,6.91,7.42,7.07,8.63,7.19,5.8,6.72,6.71,7.25,7.49,7.14,8.1,7.3,7.71,64.18,10.05,8.55,62.27,10.21,8.96,51.13,13.26,30.52,120.76,,,,0.0,0.0,0.0,0.0,0.0,0.0,4.0,0.0,1.0,0.0
True,2021/6/15 20:00:13,,3925325014353576257,Equ1,2021/6/15 19:57:20,1.0,0.0,0.0,1242.0,0.0,0.0,0.0,0.0,462.26,425.11,447.21,469.58,473.79,461.79,0.0,0.44,2.9,1.65,2.53,0.0,122.45,138.04,161.07,162.6,151.88,127.71,587.61,550.9,575.46,596.58,601.67,587.14,9871.64,27.56,0.04,29254.19,15.31,1.93,2.02,7.58,1906.54,1908.78,1.0,1.0,-2.23,4.09,3.53,3.74,0.0,0.0,3.62,3.63,3.99,3.54,0.0,0.0,0.0,0.0,5.0,12.0,8.0,12.0,7.0,12.0,5.0,12.0,0.0,0.0,41.0,41.0,38.0,39.0,1.72,5.83,7.18,6.96,9.84,7.22,5.33,10.28,6.88,11.48,17.55,5.82,5.99,6.78,6.9,7.41,7.05,8.62,7.11,5.75,6.65,6.62,7.14,7.47,7.09,8.06,7.24,7.66,64.19,9.95,8.51,62.3,10.16,8.87,51.03,13.25,30.55,120.75,,,,0.0,0.0,0.0,0.0,0.0,0.0,4.0,0.0,1.0,0.0
True,2021/6/15 20:00:13,,3925325014353576258,Equ1,2021/6/15 19:57:25,1.0,0.0,0.0,1242.0,0.0,0.0,0.0,0.0,462.26,425.11,447.21,469.58,473.79,461.79,0.0,0.41,2.84,1.57,2.49,0.0,122.69,138.15,160.78,162.79,152.0,126.84,588.78,552.04,576.57,597.67,602.8,588.31,9783.42,28.53,0.04,29254.19,14.56,1.9,2.02,7.22,1921.51,1852.0,1.0,1.0,-2.23,4.08,3.53,3.72,0.0,0.0,3.9,2.83,4.14,3.65,0.0,0.0,0.0,0.0,5.0,12.0,8.0,12.0,7.0,12.0,5.0,12.0,0.0,0.0,41.0,41.0,38.0,40.0,1.73,5.75,7.07,6.83,9.69,7.04,5.33,9.68,6.49,10.19,12.24,37.33,5.93,6.74,6.88,7.39,7.04,8.59,7.05,5.68,6.56,6.52,7.15,7.45,7.04,8.0,7.18,7.61,64.19,9.86,8.45,62.3,10.06,8.89,50.93,13.23,30.57,120.74,,,,0.0,0.0,0.0,0.0,0.0,0.0,4.0,0.0,1.0,0.0
True,2021/6/15 20:00:13,,3925325014353576259,Equ1,2021/6/15 19:57:30,1.0,0.0,0.0,1242.0,0.0,0.0,0.0,0.0,462.26,425.11,447.21,469.58,473.79,461.79,0.0,0.39,2.81,1.58,2.5,0.0,122.12,138.61,158.85,162.02,150.98,126.19,589.48,552.72,577.24,598.38,603.51,589.01,9821.38,33.83,0.03,29084.29,11.71,1.82,2.02,5.8,1921.95,1933.38,1.0,1.0,-2.22,4.07,3.51,3.71,0.0,0.0,3.11,4.37,3.53,3.74,0.0,0.0,0.0,0.0,5.0,12.0,8.0,12.0,7.0,12.0,5.0,12.0,0.0,0.0,42.0,42.0,39.0,40.0,1.76,5.68,6.96,6.71,9.58,6.88,5.34,9.17,6.19,9.38,10.28,17.21,5.87,6.7,6.85,7.38,7.03,8.57,6.97,5.6,6.48,6.42,6.93,7.44,6.98,7.97,7.11,7.56,64.19,9.77,8.4,62.31,9.97,8.73,50.85,13.23,30.59,120.73,,,,0.0,0.0,0.0,0.0,0.0,0.0,4.0,0.0,1.0,0.0
True,2021/6/15 20:00:13,,3925325014353576260,Equ1,2021/6/15 19:57:35,1.0,0.0,0.0,1242.0,0.0,0.0,0.0,0.0,462.26,425.11,447.21,469.58,473.79,461.79,0.0,0.37,2.77,1.57,2.54,0.02,122.45,138.21,158.48,162.09,151.16,124.19,591.05,554.27,578.77,599.94,605.12,590.59,9758.29,27.75,0.04,28956.87,13.84,1.76,2.02,6.85,1924.33,1933.38,1.0,1.0,-2.22,4.06,3.5,3.7,0.0,0.0,5.49,3.43,4.02,2.93,0.0,0.0,0.0,0.0,5.0,12.0,8.0,12.0,7.0,12.0,5.0,12.0,0.0,0.0,42.0,42.0,39.0,41.0,1.77,5.71,6.86,6.6,9.46,6.73,5.34,8.79,5.98,8.8,9.26,13.02,14.37,6.66,6.83,7.36,7.01,8.55,6.9,5.53,6.4,6.34,6.85,7.41,6.92,7.92,7.06,7.52,64.19,9.69,8.35,62.31,9.87,8.65,50.75,13.23,30.6,120.72,,,,0.0,0.0,0.0,0.0,0.0,0.0,4.0,0.0,1.0,0.0
True,2021/6/15 20:00:13,,3925325014353576261,Equ1,2021/6/15 19:57:40,1.0,0.0,0.0,1242.0,0.0,0.0,0.0,0.0,462.26,425.11,447.21,469.58,473.79,461.79,0.0,0.45,2.88,1.56,2.49,0.0,122.05,138.19,158.52,161.78,150.68,124.15,592.66,555.96,580.48,601.53,606.68,592.19,9871.64,23.11,0.05,28988.72,15.31,1.62,2.02,7.59,1913.7,1927.66,1.0,1.0,-2.22,4.05,3.49,3.69,0.0,0.0,3.44,3.78,3.53,3.75,0.0,0.0,0.0,0.0,5.0,12.0,8.0,12.0,7.0,12.0,5.0,12.0,0.0,0.0,43.0,43.0,40.0,41.0,1.8,5.67,7.13,6.52,9.36,6.61,5.33,8.47,5.82,8.43,8.71,11.29,10.05,37.95,6.8,7.33,6.99,8.52,6.85,5.47,6.33,6.27,6.79,7.4,6.91,7.89,7.01,7.48,64.19,9.62,8.3,62.32,9.77,8.52,50.66,13.23,30.59,120.71,,,,0.0,0.0,0.0,0.0,0.0,0.0,4.0,0.0,1.0,0.0
True,2021/6/15 20:00:13,,3925325014353576262,Equ1,2021/6/15 19:57:45,1.0,0.0,0.0,1242.0,0.0,0.0,0.0,0.0,462.26,425.11,447.21,469.58,473.79,461.79,0.0,0.39,2.84,1.62,2.56,0.0,122.66,138.79,156.71,162.2,151.09,125.75,594.09,557.34,581.89,603.03,608.18,593.62,9959.86,24.05,0.04,29052.44,16.87,1.86,2.02,8.36,1911.17,1947.56,1.0,1.0,-2.21,4.04,3.49,3.69,0.0,0.0,3.67,3.62,4.04,4.78,0.0,0.0,0.0,0.0,5.0,12.0,8.0,12.0,7.0,12.0,5.0,12.0,0.0,0.0,43.0,43.0,40.0,42.0,1.81,5.62,6.94,6.45,9.29,6.51,5.34,8.2,5.69,8.12,8.26,10.25,8.72,17.27,6.78,7.32,6.98,8.5,6.78,5.43,6.27,6.21,6.73,7.39,6.94,7.87,6.96,7.44,64.2,9.54,8.27,62.33,9.67,8.4,50.56,13.24,30.63,120.7,,,,0.0,0.0,0.0,0.0,0.0,0.0,4.0,0.0,1.0,0.0
True,2021/6/15 20:00:13,,3925325014353576263,Equ1,2021/6/15 19:57:50,1.0,0.0,0.0,1242.0,0.0,0.0,0.0,0.0,462.26,425.11,447.21,469.58,473.79,461.79,0.0,0.3,2.76,1.62,2.6,0.0,121.9,138.54,160.69,162.53,151.09,126.74,595.16,558.31,582.88,604.1,609.29,594.69,9959.86,25.99,0.04,29222.33,16.79,2.0,2.02,8.32,1922.81,1948.64,1.0,1.0,-2.21,4.03,3.48,3.68,0.0,0.0,3.66,3.55,3.47,4.26,0.0,0.0,0.0,0.0,5.0,12.0,8.0,12.0,7.0,12.0,5.0,12.0,0.0,0.0,44.0,44.0,41.0,42.0,1.85,5.57,6.86,6.39,9.22,6.42,5.34,7.97,5.58,7.88,7.92,9.53,8.03,12.92,30.07,7.3,6.96,8.48,6.73,5.38,6.23,6.17,6.68,7.37,6.88,7.77,6.92,7.4,64.19,9.48,8.23,62.32,9.57,8.28,50.43,13.24,30.75,120.68,,,,0.0,0.0,0.0,0.0,0.0,0.0,4.0,0.0,1.0,0.0
True,2021/6/15 20:00:13,,3925325014353576264,Equ1,2021/6/15 19:57:55,1.0,0.0,0.0,1242.0,0.0,0.0,0.0,0.0,462.26,425.11,447.21,469.58,473.79,461.79,0.0,0.25,2.69,1.53,2.55,0.0,122.58,138.48,160.32,162.36,151.33,126.82,596.36,559.46,584.0,605.21,610.44,595.89,9947.04,26.99,0.04,29190.48,15.47,1.91,2.02,7.67,1927.73,1928.31,1.0,1.0,-2.21,4.02,3.47,3.67,0.0,0.0,3.56,2.68,3.76,3.3,0.0,0.0,0.0,0.0,5.0,12.0,8.0,12.0,7.0,12.0,5.0,12.0,0.0,0.0,45.0,45.0,41.0,43.0,1.88,5.53,6.79,6.35,9.16,6.35,5.32,7.76,5.46,7.68,7.64,8.99,7.58,11.21,13.59,7.82,6.95,8.47,6.69,5.35,6.19,6.14,6.64,7.36,6.82,7.78,6.88,7.38,64.19,9.42,8.19,62.33,9.48,8.18,50.29,13.23,30.78,120.65,,,,0.0,0.0,0.0,0.0,0.0,0.0,4.0,0.0,1.0,0.0
True,2021/6/15 20:00:13,,3925325014353576265,Equ1,2021/6/15 19:58:00,1.0,0.0,0.0,1242.0,0.0,0.0,0.0,0.0,462.26,425.11,447.21,469.58,473.79,461.79,0.0,0.22,2.64,1.53,2.56,0.0,122.84,138.61,158.87,163.14,151.55,126.94,597.07,560.13,584.66,605.92,611.16,596.6,9984.99,32.97,0.03,29254.19,12.63,1.91,2.02,6.25,1924.05,1950.02,1.0,1.0,-2.2,4.02,3.47,3.67,0.0,0.0,3.97,3.63,4.01,3.05,0.0,0.0,0.0,0.0,5.0,12.0,8.0,12.0,7.0,12.0,5.0,12.0,0.0,0.0,45.0,45.0,42.0,43.0,1.89,5.49,6.73,6.31,9.11,6.29,5.33,7.59,5.39,7.53,7.44,8.61,7.3,10.39,11.57,23.31,6.94,8.45,6.66,5.33,6.17,6.12,6.6,7.35,6.78,7.77,6.89,7.36,64.18,9.36,8.16,62.33,9.42,8.11,50.19,13.23,30.77,120.64,,,,0.0,0.0,0.0,0.0,0.0,0.0,4.0,0.0,1.0,0.0
True,2021/6/15 20:00:13,,3925325014353576266,Equ1,2021/6/15 19:58:05,1.0,0.0,0.0,1242.0,0.0,0.0,0.0,0.0,462.26,425.11,447.21,469.58,473.79,461.79,0.0,0.2,2.59,1.5,2.56,0.0,122.99,138.32,158.22,161.81,151.35,124.36,598.53,561.59,586.08,607.35,612.62,598.06,9883.96,29.51,0.04,28988.72,13.57,1.83,2.02,6.72,1904.44,1955.44,1.0,1.0,-2.2,4.02,3.47,3.67,0.0,0.0,3.03,2.76,4.12,4.69,0.0,0.0,0.0,0.0,5.0,12.0,8.0,12.0,7.0,12.0,5.0,12.0,0.0,0.0,46.0,46.0,42.0,44.0,1.92,5.45,6.66,6.25,9.06,6.24,5.33,7.42,5.31,7.37,7.22,8.24,7.07,9.72,10.38,14.62,43.27,8.44,6.62,5.31,6.13,6.09,6.57,7.34,6.74,7.75,6.83,7.33,64.18,9.3,8.13,62.33,9.35,8.04,50.04,13.22,30.83,120.62,,,,0.0,0.0,0.0,0.0,0.0,0.0,4.0,0.0,1.0,0.0
True,2021/6/15 20:00:13,,3925325014353576267,Equ1,2021/6/15 19:58:10,1.0,0.0,0.0,1242.0,0.0,0.0,0.0,0.0,462.26,425.11,447.21,469.58,473.79,461.79,0.0,0.29,2.71,1.5,2.57,0.0,122.67,137.77,157.71,161.89,150.9,123.9,600.28,563.42,587.93,609.09,614.38,599.81,9896.77,22.24,0.05,28988.72,16.46,1.68,2.02,8.16,1919.7,1933.67,1.0,1.0,-2.19,4.02,3.47,3.67,0.0,0.0,3.19,2.97,3.68,3.3,0.0,0.0,0.0,0.0,5.0,12.0,8.0,12.0,7.0,12.0,5.0,12.0,0.0,0.0,46.0,46.0,43.0,44.0,1.93,5.41,6.59,6.19,9.0,6.14,5.33,7.27,5.23,7.22,7.0,7.92,6.89,9.21,9.66,12.33,39.71,8.43,6.59,5.28,6.11,6.05,6.53,7.33,6.7,7.73,6.8,7.31,64.18,9.24,8.1,62.34,9.3,7.96,49.91,13.22,30.82,120.6,,,,0.0,0.0,0.0,0.0,0.0,0.0,4.0,0.0,1.0,0.0
True,2021/6/15 20:00:13,,3925325014353576268,Equ1,2021/6/15 19:58:15,1.0,0.0,0.0,1242.0,0.0,0.0,0.0,0.0,462.26,425.11,447.21,469.58,473.79,461.79,0.0,0.25,2.73,1.55,2.6,0.0,123.03,138.63,158.81,162.43,151.04,126.04,601.7,564.8,589.38,610.57,615.83,601.23,10111.15,24.6,0.04,29116.15,16.93,1.91,2.02,8.39,1928.02,1951.03,1.0,1.0,-2.19,4.02,3.47,3.67,0.0,0.0,4.92,3.17,4.14,3.34,0.0,0.0,0.0,0.0,5.0,12.0,8.0,12.0,7.0,12.0,5.0,12.0,0.0,0.0,47.0,47.0,43.0,45.0,1.96,5.37,6.52,6.14,8.95,6.12,5.32,7.12,5.16,7.09,6.84,7.65,6.75,8.85,9.14,11.27,15.73,46.2,6.56,5.25,6.07,6.02,6.49,7.32,6.67,7.71,6.77,7.31,64.17,9.18,8.07,62.34,9.25,7.92,49.79,13.24,30.84,120.59,,,,0.0,0.0,0.0,0.0,0.0,0.0,4.0,0.0,1.0,0.0
True,2021/6/15 20:00:13,,3925325014353576269,Equ1,2021/6/15 19:58:20,1.0,0.0,0.0,1242.0,0.0,0.0,0.0,0.0,462.26,425.11,447.21,469.58,473.79,461.79,0.0,0.1,2.6,1.54,2.62,0.0,122.45,138.19,160.08,162.34,150.77,126.85,602.82,565.76,590.37,611.67,616.97,602.34,10010.12,26.65,0.04,29116.15,16.78,2.05,2.02,8.31,1922.53,1947.19,1.0,1.0,-2.18,4.02,3.47,3.67,0.0,0.0,3.19,3.06,3.37,3.53,0.0,0.0,0.0,0.0,5.0,12.0,8.0,12.0,7.0,12.0,5.0,12.0,0.0,0.0,47.0,47.0,44.0,45.0,1.98,5.32,6.45,6.09,8.91,6.08,5.34,7.01,5.1,6.97,6.7,7.43,6.64,8.58,8.8,10.6,12.99,22.04,6.53,5.23,6.04,5.99,6.45,7.31,6.64,7.7,6.72,7.28,64.15,9.13,8.05,62.34,9.2,7.86,49.61,13.24,30.99,120.55,,,,0.0,0.0,0.0,0.0,0.0,0.0,4.0,0.0,1.0,0.0
True,2021/6/15 20:00:13,,3925325014353576270,Equ1,2021/6/15 19:58:25,1.0,0.0,0.0,1242.0,0.0,0.0,0.0,0.0,462.26,425.11,447.21,469.58,473.79,461.79,0.0,0.06,2.53,1.47,2.59,0.0,122.47,138.14,159.3,162.31,151.23,126.79,603.87,566.78,591.36,612.66,618.0,603.4,9959.35,27.21,0.04,29084.29,15.05,1.88,2.02,7.46,1923.39,1943.43,1.0,1.0,-2.19,4.01,3.47,3.66,0.0,0.0,3.42,3.41,4.17,3.57,0.0,0.0,0.0,0.0,5.0,12.0,8.0,12.0,7.0,12.0,5.0,12.0,0.0,0.0,48.0,48.0,44.0,46.0,2.01,5.28,6.38,6.04,8.87,6.02,5.34,6.96,5.04,6.88,6.58,7.24,6.56,8.36,8.54,10.14,11.77,16.6,31.74,5.2,6.0,5.95,6.41,7.29,6.63,7.67,6.7,7.26,64.14,9.11,8.02,62.33,9.15,7.81,49.4,13.23,31.05,120.51,,,,0.0,0.0,0.0,0.0,0.0,0.0,4.0,0.0,1.0,0.0
True,2021/6/15 20:00:13,,3925325014353576271,Equ1,2021/6/15 19:58:30,1.0,0.0,0.0,1242.0,0.0,0.0,0.0,0.0,462.26,425.11,447.21,469.58,473.79,461.79,0.0,0.04,2.53,1.46,2.62,0.0,122.7,138.15,160.43,162.88,151.33,127.56,604.79,567.69,592.28,613.57,618.94,604.32,10022.44,32.29,0.03,29286.05,12.52,1.85,2.02,6.2,1937.43,1922.81,1.0,1.0,-2.19,4.02,3.47,3.67,0.0,0.0,3.52,3.58,4.32,3.48,0.0,0.0,0.0,0.0,5.0,12.0,8.0,12.0,7.0,12.0,5.0,12.0,0.0,0.0,48.0,48.0,45.0,46.0,2.02,5.25,6.33,5.99,8.83,5.97,5.34,6.86,4.99,6.79,6.45,7.07,6.48,8.17,8.33,9.79,10.99,14.46,18.83,39.01,5.97,5.91,6.37,7.29,6.6,7.64,6.67,7.23,64.14,9.06,8.0,62.33,9.09,7.76,49.24,13.23,31.06,120.49,,,,0.0,0.0,0.0,0.0,0.0,0.0,4.0,0.0,1.0,0.0
True,2021/6/15 20:00:13,,3925325014353576272,Equ1,2021/6/15 19:58:35,1.0,0.0,0.0,1242.0,0.0,0.0,0.0,0.0,462.26,425.11,447.21,469.58,473.79,461.79,0.0,0.08,2.5,1.41,2.59,0.0,121.86,138.21,159.66,162.01,150.97,125.64,606.07,569.01,593.53,614.8,620.19,605.6,9909.09,30.15,0.04,29084.29,12.95,1.79,2.02,6.42,1939.02,1947.27,1.0,1.0,-2.19,4.03,3.48,3.67,0.0,0.0,3.58,3.69,3.73,3.48,0.0,0.0,0.0,0.0,5.0,12.0,8.0,12.0,7.0,12.0,5.0,12.0,0.0,0.0,49.0,49.0,45.0,47.0,2.05,5.21,6.27,5.95,8.79,5.91,5.34,6.77,4.97,6.71,6.35,6.93,6.42,8.03,8.17,9.51,10.49,13.27,15.25,15.58,5.94,5.89,6.34,7.27,6.59,7.63,6.64,7.22,64.16,9.02,7.97,62.34,9.07,7.73,49.06,13.22,31.06,120.46,,,,0.0,0.0,0.0,0.0,0.0,0.0,4.0,0.0,1.0,0.0
True,2021/6/15 20:00:13,,3925325014353576273,Equ1,2021/6/15 19:58:40,1.0,0.0,0.0,1242.0,0.0,0.0,0.0,0.0,462.26,425.11,447.21,469.58,473.79,461.79,0.0,0.15,2.59,1.42,2.63,0.0,122.37,138.48,158.26,162.27,151.07,125.94,607.47,570.47,595.01,616.21,621.63,607.0,9947.04,26.6,0.04,29020.58,14.11,1.72,2.02,7.0,1925.78,1933.16,1.0,1.0,-2.2,4.04,3.49,3.69,0.0,0.0,3.23,3.62,4.72,3.52,0.0,0.0,0.0,0.0,5.0,12.0,8.0,12.0,7.0,12.0,5.0,12.0,0.0,0.0,50.0,50.0,46.0,48.0,2.09,5.17,6.22,5.9,8.76,5.86,5.33,6.68,4.92,6.71,6.27,6.81,6.36,7.89,8.01,9.29,10.09,12.46,13.32,10.9,36.85,5.85,6.3,7.27,6.57,7.62,6.6,7.19,64.16,8.98,7.95,62.29,9.02,7.69,48.92,13.23,31.06,120.44,,,,0.0,0.0,0.0,0.0,0.0,0.0,4.0,0.0,1.0,0.0
True,2021/6/15 20:00:13,,3925325014353576274,Equ1,2021/6/15 19:58:45,1.0,0.0,0.0,1242.0,0.0,0.0,0.0,0.0,462.26,425.11,447.21,469.58,473.79,461.79,0.0,0.1,2.64,1.48,2.64,0.0,122.87,137.82,160.74,162.28,151.32,127.13,608.73,571.68,596.33,617.53,622.9,608.26,10085.52,26.05,0.04,29179.86,14.65,1.75,2.02,7.26,1911.82,1981.99,1.0,1.0,-2.21,4.05,3.49,3.69,0.0,0.0,2.95,3.63,4.26,3.33,0.0,0.0,0.0,0.0,5.0,12.0,8.0,12.0,7.0,12.0,5.0,12.0,0.0,0.0,50.0,50.0,46.0,48.0,2.09,5.14,6.18,5.86,8.73,5.82,5.32,6.6,4.87,6.66,6.2,6.71,6.31,7.79,7.88,9.11,9.8,11.92,12.24,9.34,16.37,44.76,6.27,7.27,6.56,7.59,6.58,7.16,64.15,8.93,7.92,62.31,8.98,7.63,48.79,13.25,31.08,120.43,,,,0.0,0.0,0.0,0.0,0.0,0.0,4.0,0.0,1.0,0.0
True,2021/6/15 20:00:13,,3925325014353576275,Equ1,2021/6/15 19:58:50,1.0,0.0,0.0,1242.0,0.0,0.0,0.0,0.0,462.26,425.11,447.21,469.58,473.79,461.79,0.02,0.0,2.52,1.5,2.69,0.02,122.48,138.5,159.3,163.35,151.82,127.08,609.55,572.38,597.01,618.36,623.76,609.08,9997.3,30.35,0.04,29158.63,13.89,1.93,2.02,6.88,1916.59,1976.42,1.0,1.0,-2.21,4.06,3.5,3.69,0.0,0.0,3.28,4.36,3.93,2.68,0.0,0.0,0.0,0.0,5.0,12.0,8.0,12.0,7.0,12.0,5.0,12.0,0.0,0.0,51.0,51.0,47.0,49.0,2.14,5.12,6.14,5.82,8.7,5.79,5.34,6.52,4.84,6.59,6.14,6.6,6.26,7.69,7.77,8.96,9.56,11.49,11.34,8.44,12.52,18.54,6.24,7.24,6.55,7.58,6.56,7.15,64.16,8.9,7.9,62.34,8.95,7.58,48.61,13.24,31.2,120.39,,,,0.0,0.0,0.0,0.0,0.0,0.0,4.0,0.0,1.0,0.0
True,2021/6/15 21:00:04,,3925340077982482487,Equ1,2021/6/15 20:04:35,1.0,0.0,0.0,1242.0,0.0,0.0,0.0,0.0,462.26,425.11,447.21,469.58,473.79,461.79,0.0,0.69,2.99,1.85,2.78,0.0,111.11,130.12,132.28,161.15,131.71,96.38,612.76,576.29,600.7,621.93,627.07,612.28,6933.37,8.02,0.09,26015.53,8.9,0.33,2.01,4.42,1910.95,1876.59,1.0,1.0,-2.32,4.06,3.46,3.66,0.0,0.0,3.64,3.51,4.41,3.59,0.0,0.0,0.0,0.0,5.0,12.0,8.0,12.0,7.0,12.0,5.0,12.0,0.0,0.0,54.0,54.0,54.0,54.0,2.33,4.9,5.56,5.27,7.95,5.13,5.31,5.34,4.61,5.92,5.54,5.75,5.75,6.51,6.56,7.54,7.34,8.57,6.74,5.39,6.29,6.34,6.67,17.72,6.31,7.12,6.16,6.81,64.24,7.84,7.29,62.44,8.08,6.6,44.05,13.56,31.33,119.92,,,,0.0,0.0,0.0,0.0,0.0,0.0,4.0,0.0,1.0,0.0
True,2021/6/15 21:00:04,,3925340077982482488,Equ1,2021/6/15 20:04:40,1.0,0.0,0.0,1242.0,0.0,0.0,0.0,0.0,462.26,425.11,447.21,469.58,473.79,461.79,0.0,1.12,3.3,1.88,2.84,0.0,118.49,139.37,135.33,161.26,136.99,94.13,615.05,579.02,603.3,624.25,629.42,614.58,7425.22,6.13,0.13,26684.49,17.66,0.5,2.01,8.77,1909.43,1902.78,1.0,1.0,-2.32,4.07,3.46,3.66,0.0,0.0,3.65,3.53,4.42,3.6,0.0,0.0,0.0,0.0,5.0,12.0,8.0,12.0,7.0,12.0,5.0,12.0,0.0,0.0,54.0,54.0,54.0,54.0,2.33,4.9,5.55,5.27,7.95,5.12,5.31,5.34,4.61,5.93,5.54,5.74,5.76,6.5,6.56,7.54,7.34,8.58,6.74,5.39,6.29,6.34,6.67,12.3,30.76,7.12,6.15,6.81,64.24,7.83,7.29,62.44,8.08,6.6,44.03,13.8,31.31,119.92,,,,0.0,0.0,0.0,0.0,0.0,0.0,4.0,0.0,1.0,0.0
True,2021/6/15 21:00:04,,3925340077982482489,Equ1,2021/6/15 20:04:45,1.0,0.0,0.0,1242.0,0.0,0.0,0.0,0.0,462.26,425.11,447.21,469.58,473.79,461.79,0.0,1.15,3.42,1.9,2.95,0.0,122.5,138.61,141.64,161.65,143.71,93.84,617.22,581.22,605.59,626.44,631.71,616.75,7778.58,6.68,0.13,27300.37,25.37,0.78,2.01,12.61,1931.57,1923.1,1.0,1.0,-2.32,4.07,3.47,3.67,0.0,0.0,3.66,3.53,4.43,3.61,0.0,0.0,0.0,0.0,5.0,12.0,8.0,12.0,7.0,12.0,5.0,12.0,0.0,0.0,54.0,54.0,54.0,54.0,2.33,4.91,5.56,5.27,7.96,5.12,5.31,5.34,4.62,5.93,5.54,5.76,5.78,6.53,6.56,7.54,7.34,8.57,6.74,5.4,6.3,6.34,6.66,10.75,17.09,7.13,6.16,6.81,64.25,7.82,7.29,62.45,8.09,6.62,44.01,13.85,31.31,119.92,,,,0.0,0.0,0.0,0.0,0.0,0.0,4.0,0.0,1.0,0.0
True,2021/6/15 21:00:04,,3925340077982482490,Equ1,2021/6/15 20:04:50,1.0,0.0,0.0,1242.0,0.0,0.0,0.0,0.0,462.26,425.11,447.21,469.58,473.79,461.79,0.0,1.22,3.61,1.89,2.96,0.0,121.5,138.76,148.6,161.72,148.58,95.34,619.41,583.48,607.97,628.62,633.9,618.94,8219.66,6.33,0.14,27650.79,29.35,0.85,2.01,14.58,1932.58,1916.23,1.0,1.0,-2.32,4.07,3.46,3.67,0.0,0.0,3.66,3.53,4.43,3.61,0.0,0.0,0.0,0.0,5.0,12.0,8.0,12.0,7.0,12.0,5.0,12.0,0.0,0.0,54.0,54.0,54.0,54.0,2.33,4.91,5.56,5.28,7.95,5.12,5.31,5.33,4.62,5.93,5.54,5.77,5.78,6.53,6.53,7.53,7.34,8.56,6.74,5.4,6.29,6.34,6.67,9.92,13.47,21.84,6.16,6.8,64.25,7.82,7.28,62.45,8.09,6.63,43.98,13.97,31.32,119.92,,,,0.0,0.0,0.0,0.0,0.0,0.0,4.0,0.0,1.0,0.0
True,2021/6/15 21:00:04,,3925340077982482491,Equ1,2021/6/15 20:04:55,1.0,0.0,0.0,1242.0,0.0,0.0,0.0,0.0,462.26,425.11,447.21,469.58,473.79,461.79,0.0,1.33,3.89,1.95,3.0,0.0,121.88,138.6,156.12,161.63,150.39,98.6,621.43,585.61,610.27,630.7,635.97,620.96,8573.03,8.37,0.11,28096.77,26.69,1.03,2.01,13.26,1911.39,1910.37,1.0,1.0,-2.32,4.07,3.47,3.67,0.0,0.0,3.66,3.53,4.43,3.61,0.0,0.0,0.0,0.0,5.0,12.0,8.0,12.0,7.0,12.0,5.0,12.0,0.0,0.0,54.0,54.0,54.0,54.0,2.33,4.91,5.55,5.28,7.98,5.1,5.3,5.33,4.62,5.93,5.54,5.77,5.78,6.53,6.52,7.61,7.33,8.55,6.74,5.39,6.29,6.34,6.67,9.4,11.88,15.01,42.91,6.79,64.25,7.81,7.27,62.45,8.08,6.61,43.9,14.18,31.35,119.9,,,,0.0,0.0,0.0,0.0,0.0,0.0,4.0,0.0,1.0,0.0
True,2021/6/15 21:00:04,,3925340077982482492,Equ1,2021/6/15 20:05:00,1.0,0.0,0.0,1242.0,0.0,0.0,0.0,0.0,462.26,425.11,447.21,469.58,473.79,461.79,0.0,1.32,3.95,1.94,3.02,0.0,122.22,139.45,162.18,162.3,151.19,102.23,623.43,587.6,612.33,632.69,637.99,622.96,8963.85,11.06,0.09,28415.32,25.62,1.3,2.01,12.73,1908.64,1922.24,1.0,1.0,-2.32,4.07,3.47,3.67,0.0,0.0,3.66,3.53,4.43,3.62,0.0,0.0,0.0,0.0,5.0,12.0,8.0,12.0,7.0,12.0,5.0,12.0,0.0,0.0,54.0,54.0,54.0,54.0,2.33,4.91,5.56,5.3,7.99,5.12,5.31,5.33,4.63,5.93,5.54,5.78,5.79,6.53,6.55,7.56,7.33,8.56,6.74,5.39,6.29,6.33,6.66,9.05,10.93,12.78,15.98,6.81,64.26,7.81,7.26,62.45,8.08,6.62,43.79,14.26,31.39,119.89,,,,0.0,0.0,0.0,0.0,0.0,0.0,4.0,0.0,1.0,0.0
True,2021/6/15 21:00:04,,3925340077982482493,Equ1,2021/6/15 20:05:05,1.0,0.0,0.0,1242.0,0.0,0.0,0.0,0.0,462.26,425.11,447.21,469.58,473.79,461.79,0.0,1.26,3.8,1.84,2.96,0.0,121.33,139.11,157.49,161.76,151.13,104.31,625.33,589.44,614.08,634.48,639.83,624.86,9001.8,11.73,0.08,28287.9,23.95,1.29,2.01,11.9,1918.98,1905.31,1.0,1.0,-2.32,4.07,3.47,3.67,0.0,0.0,3.66,3.52,4.38,3.62,0.0,0.0,0.0,0.0,5.0,12.0,8.0,12.0,7.0,12.0,5.0,12.0,0.0,0.0,54.0,54.0,54.0,54.0,2.33,4.91,5.56,5.3,7.99,5.1,5.3,5.34,4.63,5.94,5.54,5.77,5.79,6.53,6.55,7.54,7.26,8.56,6.74,5.4,6.29,6.33,6.66,8.79,10.25,11.53,12.53,42.6,64.27,7.81,7.25,62.45,8.08,6.62,43.7,14.26,31.38,119.88,,,,0.0,0.0,0.0,0.0,0.0,0.0,4.0,0.0,1.0,0.0
True,2021/6/15 21:00:04,,3925340077982482494,Equ1,2021/6/15 20:05:10,1.0,0.0,0.0,1242.0,0.0,0.0,0.0,0.0,462.26,425.11,447.21,469.58,473.79,461.79,0.0,1.29,3.86,1.82,2.94,0.0,121.34,138.64,157.26,161.88,149.7,104.83,627.36,591.51,616.17,636.51,641.84,626.89,9001.79,12.23,0.08,28224.19,23.63,1.33,2.01,11.74,1928.96,1891.28,1.0,1.0,-2.32,4.07,3.47,3.67,0.0,0.0,3.68,3.55,4.03,3.41,0.0,0.0,0.0,0.0,5.0,12.0,8.0,12.0,7.0,12.0,5.0,12.0,0.0,0.0,54.0,54.0,54.0,54.0,2.33,4.91,5.56,5.29,7.97,5.09,5.3,5.34,4.63,5.93,5.54,5.77,5.78,6.52,6.54,7.52,7.26,8.55,6.72,5.39,6.28,6.33,6.66,8.59,9.79,10.79,11.13,39.81,57.77,7.8,7.24,62.45,8.07,6.61,43.6,14.29,31.38,119.86,,,,0.0,0.0,0.0,0.0,0.0,0.0,4.0,0.0,1.0,0.0
True,2021/6/15 21:00:04,,3925340077982482495,Equ1,2021/6/15 20:05:15,1.0,0.0,0.0,1242.0,0.0,0.0,0.0,0.0,462.26,425.11,447.21,469.58,473.79,461.79,0.0,1.26,3.84,1.82,2.95,0.0,121.64,139.0,157.2,161.96,150.23,105.66,628.94,593.05,617.73,638.08,643.43,628.47,9064.88,13.42,0.07,28351.61,23.36,1.44,2.01,11.61,1914.42,1918.55,1.0,1.0,-2.32,4.07,3.47,3.67,0.0,0.0,3.6,3.54,4.28,2.83,0.0,0.0,0.0,0.0,5.0,12.0,8.0,12.0,7.0,12.0,5.0,12.0,0.0,0.0,54.0,54.0,55.0,54.0,2.34,4.91,5.55,5.3,7.97,5.08,5.3,5.33,4.63,5.93,5.53,5.76,5.78,6.52,6.55,7.52,7.27,8.55,6.71,5.39,6.28,6.33,6.66,8.47,9.5,10.36,10.45,38.96,57.81,7.79,7.23,62.45,8.07,6.61,43.53,14.3,31.39,119.86,,,,0.0,0.0,0.0,0.0,0.0,0.0,4.0,0.0,1.0,0.0
True,2021/6/15 21:00:04,,3925340077982482496,Equ1,2021/6/15 20:05:20,1.0,0.0,0.0,1242.0,0.0,0.0,0.0,0.0,462.26,425.11,447.21,469.58,473.79,461.79,0.0,1.29,3.86,1.82,2.96,0.0,121.48,138.9,155.86,161.82,149.19,105.4,630.97,595.11,619.78,640.11,645.46,630.5,9090.01,12.53,0.08,28256.04,23.71,1.36,2.01,11.78,1911.31,1909.8,1.0,1.0,-2.32,4.07,3.47,3.67,0.0,0.0,3.6,3.52,4.29,5.02,0.0,0.0,0.0,0.0,5.0,12.0,8.0,12.0,7.0,12.0,5.0,12.0,0.0,0.0,55.0,55.0,55.0,55.0,2.37,4.9,5.55,5.29,7.97,5.09,5.3,5.33,4.63,5.92,5.53,5.76,5.77,6.5,6.55,7.52,7.34,8.55,6.7,5.39,6.27,6.31,6.65,8.35,9.22,9.98,9.87,19.77,57.86,46.5,7.22,62.45,8.06,6.61,43.44,14.3,31.38,119.85,,,,0.0,0.0,0.0,0.0,0.0,0.0,4.0,0.0,1.0,0.0
True,2021/6/15 21:00:04,,3925340077982482497,Equ1,2021/6/15 20:05:25,1.0,0.0,0.0,1242.0,0.0,0.0,0.0,0.0,462.26,425.11,447.21,469.58,473.79,461.79,0.0,1.33,3.92,1.85,2.98,0.0,121.22,138.59,155.53,161.75,148.7,104.59,632.96,597.14,621.83,642.12,647.47,632.49,9064.88,12.87,0.08,28192.33,24.03,1.42,2.01,11.94,1888.82,1915.73,1.0,1.0,-2.32,4.07,3.47,3.67,0.0,0.0,3.78,3.51,3.9,2.9,0.0,0.0,0.0,0.0,5.0,12.0,8.0,12.0,7.0,12.0,5.0,12.0,0.0,0.0,55.0,56.0,56.0,55.0,2.4,4.91,5.56,5.3,7.98,5.09,5.3,5.34,4.63,5.93,5.54,5.76,5.78,6.5,6.56,7.52,7.36,8.55,6.71,5.39,6.27,6.32,6.65,8.26,8.98,9.67,9.46,14.48,57.94,27.82,7.2,62.46,8.06,6.61,43.36,14.32,31.39,119.84,,,,0.0,0.0,0.0,0.0,0.0,0.0,4.0,0.0,1.0,0.0
True,2021/6/15 21:00:04,,3925340077982482498,Equ1,2021/6/15 20:05:30,1.0,0.0,0.0,1242.0,0.0,0.0,0.0,0.0,462.26,425.11,447.21,469.58,473.79,461.79,0.0,1.2,3.85,1.8,2.99,0.0,122.6,138.86,159.23,162.37,150.26,107.26,634.91,598.97,623.72,644.03,649.43,634.44,9077.7,14.48,0.07,28479.04,23.39,1.56,2.01,11.62,1922.6,1914.93,1.0,1.0,-2.32,4.07,3.47,3.67,0.0,0.0,3.32,3.82,4.23,3.43,0.0,0.0,0.0,0.0,5.0,12.0,8.0,12.0,7.0,12.0,5.0,12.0,0.0,0.0,56.0,56.0,56.0,56.0,2.42,4.91,5.56,5.3,7.97,5.09,5.3,5.34,4.63,5.93,5.53,5.76,5.77,6.49,6.56,7.52,7.36,8.56,6.71,5.39,6.27,6.32,6.65,8.2,8.78,9.42,9.12,12.47,57.98,21.05,23.98,62.45,8.06,6.61,43.27,14.32,31.4,119.82,,,,0.0,0.0,0.0,0.0,0.0,0.0,4.0,0.0,1.0,0.0
True,2021/6/15 21:00:04,,3925340077982482499,Equ1,2021/6/15 20:05:35,1.0,0.0,0.0,1242.0,0.0,0.0,0.0,0.0,462.26,425.11,447.21,469.58,473.79,461.79,0.0,1.21,3.85,1.77,2.97,0.0,121.05,138.57,158.88,161.73,149.09,106.6,636.99,601.06,625.79,646.09,651.49,636.52,9052.56,13.77,0.07,28351.61,23.84,1.51,2.01,11.84,1902.27,1916.88,1.0,1.0,-2.32,4.06,3.47,3.67,0.0,0.0,2.7,3.24,3.8,3.72,0.0,0.0,0.0,0.0,5.0,12.0,8.0,12.0,7.0,12.0,5.0,12.0,0.0,0.0,56.0,57.0,57.0,56.0,2.44,4.91,5.56,5.3,7.97,5.09,5.3,5.34,4.64,5.94,5.54,5.77,5.77,6.5,6.56,7.52,7.36,8.56,6.71,5.41,6.28,6.32,6.65,8.1,8.59,9.21,8.88,11.49,58.01,18.0,13.44,57.23,8.06,6.61,43.19,14.32,31.41,119.81,,,,0.0,0.0,0.0,0.0,0.0,0.0,4.0,0.0,1.0,0.0
True,2021/6/15 21:00:04,,3925340077982482500,Equ1,2021/6/15 20:05:40,1.0,0.0,0.0,1242.0,0.0,0.0,0.0,0.0,462.26,425.11,447.21,469.58,473.79,461.79,0.0,1.22,3.85,1.78,2.98,0.0,121.7,138.4,158.09,161.52,149.48,106.5,638.92,602.99,627.73,648.02,653.44,638.46,9077.7,15.59,0.06,28351.61,23.71,1.7,2.01,11.78,1895.91,1906.32,1.0,1.0,-2.32,4.06,3.46,3.67,0.0,0.0,3.32,2.61,4.29,4.11,0.0,0.0,0.0,0.0,5.0,12.0,8.0,12.0,7.0,12.0,5.0,12.0,0.0,0.0,57.0,57.0,57.0,57.0,2.46,4.92,5.56,5.31,7.98,5.1,5.3,5.34,4.65,5.94,5.54,5.78,5.78,6.49,6.57,7.52,7.36,8.56,6.71,5.41,6.28,6.33,6.66,8.05,8.43,9.04,8.67,10.86,58.04,16.22,11.23,58.58,8.07,6.62,43.12,14.32,31.41,119.81,,,,0.0,0.0,0.0,0.0,0.0,0.0,4.0,0.0,1.0,0.0
True,2021/6/15 21:00:04,,3925340077982482501,Equ1,2021/6/15 20:05:45,1.0,0.0,0.0,1242.0,0.0,0.0,0.0,0.0,462.26,425.11,447.21,469.58,473.79,461.79,0.0,1.1,3.74,1.72,2.97,0.0,122.28,138.61,157.61,161.62,150.51,109.4,640.83,604.78,629.53,649.87,655.34,640.36,9153.09,17.36,0.06,28510.89,22.85,1.82,2.01,11.35,1906.54,1926.79,1.0,1.0,-2.32,4.06,3.46,3.66,0.0,0.0,3.58,3.54,3.55,3.42,0.0,0.0,0.0,0.0,5.0,12.0,8.0,12.0,7.0,12.0,5.0,12.0,0.0,0.0,57.0,58.0,58.0,57.0,2.48,4.92,5.56,5.3,7.96,5.1,5.3,5.34,4.65,5.93,5.53,5.78,5.78,6.49,6.56,7.51,7.36,8.56,6.7,5.41,6.27,6.33,6.65,7.99,8.28,8.88,8.48,10.39,58.06,14.97,10.13,58.98,48.12,6.61,43.05,14.31,31.42,119.8,,,,0.0,0.0,0.0,0.0,0.0,0.0,4.0,0.0,1.0,0.0
True,2021/6/15 21:00:04,,3925340077982482502,Equ1,2021/6/15 20:05:50,1.0,0.0,0.0,1242.0,0.0,0.0,0.0,0.0,462.26,425.11,447.21,469.58,473.79,461.79,0.0,1.18,3.77,1.73,2.99,0.0,120.8,138.34,155.25,161.52,148.37,106.99,642.9,606.92,631.62,651.95,657.41,642.43,9102.83,15.28,0.06,28192.33,23.58,1.65,2.01,11.71,1905.89,1897.28,1.0,1.0,-2.32,4.05,3.46,3.66,0.0,0.0,3.67,3.4,4.27,3.94,0.0,0.0,0.0,0.0,5.0,12.0,8.0,12.0,7.0,12.0,5.0,12.0,0.0,0.0,58.0,58.0,58.0,58.0,2.5,4.92,5.56,5.31,7.96,5.1,5.3,5.34,4.65,5.95,5.54,5.78,5.78,6.49,6.57,7.52,7.36,8.56,6.7,5.42,6.28,6.34,6.66,7.94,8.17,8.76,8.33,10.06,58.08,14.11,9.47,59.17,23.9,6.61,42.98,14.31,31.41,119.79,,,,0.0,0.0,0.0,0.0,0.0,0.0,4.0,0.0,1.0,0.0
True,2021/6/15 21:00:04,,3925340077982482503,Equ1,2021/6/15 20:05:55,1.0,0.0,0.0,1242.0,0.0,0.0,0.0,0.0,462.26,425.11,447.21,469.58,473.79,461.79,0.0,1.2,3.83,1.74,3.02,0.0,121.8,138.96,156.29,161.24,150.41,107.31,644.87,608.92,633.66,653.93,659.42,644.4,9203.36,15.56,0.06,28309.14,23.4,1.67,2.01,11.62,1910.73,1909.14,1.0,1.0,-2.32,4.05,3.46,3.66,0.0,0.0,3.54,3.41,3.74,3.51,0.0,0.0,0.0,0.0,5.0,12.0,8.0,12.0,7.0,12.0,5.0,12.0,0.0,0.0,59.0,59.0,59.0,58.0,2.54,4.91,5.55,5.3,7.95,5.09,5.3,5.34,4.65,5.94,5.54,5.8,5.76,6.48,6.56,7.51,7.36,8.56,6.68,5.42,6.28,6.34,6.77,7.89,8.07,8.64,8.21,9.79,58.1,13.43,9.0,59.27,17.8,43.21,42.92,14.32,31.42,119.79,,,,0.0,0.0,0.0,0.0,0.0,0.0,4.0,0.0,1.0,0.0
True,2021/6/15 21:00:04,,3925340077982482504,Equ1,2021/6/15 20:06:00,1.0,0.0,0.0,1242.0,0.0,0.0,0.0,0.0,462.26,425.11,447.21,469.58,473.79,461.79,0.0,1.07,3.77,1.73,3.05,0.0,122.45,138.59,159.32,161.53,151.3,110.37,646.69,610.61,635.41,655.74,661.28,646.22,9279.26,18.02,0.06,28574.6,22.74,1.88,2.01,11.29,1911.02,1913.34,1.0,1.0,-2.32,4.05,3.46,3.66,0.0,0.0,3.75,3.58,4.23,3.63,0.0,0.0,0.0,0.0,5.0,12.0,8.0,12.0,7.0,12.0,5.0,12.0,0.0,0.0,59.0,59.0,59.0,59.0,2.55,4.92,5.55,5.3,7.95,5.1,5.3,5.35,4.66,5.95,5.55,5.8,5.77,6.47,6.57,7.51,7.36,8.56,6.67,5.42,6.28,6.34,6.71,7.85,7.97,8.52,8.1,9.58,58.11,12.9,8.66,59.33,15.38,22.95,42.86,14.32,31.45,119.78,,,,0.0,0.0,0.0,0.0,0.0,0.0,4.0,0.0,1.0,0.0
True,2021/6/15 21:00:04,,3925340077982482505,Equ1,2021/6/15 20:06:05,1.0,0.0,0.0,1242.0,0.0,0.0,0.0,0.0,462.26,425.11,447.21,469.58,473.79,461.79,0.0,1.0,3.66,1.67,3.01,0.0,122.19,138.66,159.75,162.15,151.17,112.31,648.52,612.37,637.13,657.51,663.07,648.05,9380.29,18.6,0.05,28670.17,22.5,1.92,2.01,11.17,1900.82,1926.36,1.0,1.0,-2.32,4.04,3.46,3.65,0.0,0.0,3.2,3.99,6.14,3.52,0.0,0.0,0.0,0.0,5.0,12.0,8.0,12.0,7.0,12.0,5.0,12.0,0.0,0.0,60.0,60.0,60.0,60.0,2.59,38.18,5.54,5.3,7.95,5.09,5.3,5.35,4.66,5.95,5.54,5.78,5.63,6.46,6.56,7.5,7.35,8.56,6.66,5.42,6.28,6.34,6.66,7.81,7.89,8.43,7.99,9.39,58.12,12.43,8.38,59.38,14.0,16.77,42.79,14.31,31.49,119.77,,,,0.0,0.0,0.0,0.0,0.0,0.0,4.0,0.0,1.0,0.0
True,2021/6/15 21:00:04,,3925340077982482506,Equ1,2021/6/15 20:06:10,1.0,0.0,0.0,1242.0,0.0,0.0,0.0,0.0,462.26,425.11,447.21,469.58,473.79,461.79,0.0,0.88,3.53,1.64,3.04,0.0,122.79,139.13,157.8,162.07,151.43,115.6,650.25,613.98,638.73,659.21,664.82,649.78,9493.64,21.31,0.05,28797.59,21.49,2.1,2.01,10.67,1910.81,1928.96,1.0,1.0,-2.32,4.04,3.45,3.66,0.0,0.0,4.73,2.91,3.65,3.91,0.0,0.0,0.0,0.0,5.0,12.0,8.0,12.0,7.0,12.0,5.0,12.0,0.0,0.0,60.0,61.0,60.0,60.0,2.6,12.36,5.54,5.3,7.95,5.1,5.3,5.35,4.66,5.95,5.55,5.79,5.83,6.46,6.57,7.51,7.35,8.56,6.64,5.42,6.28,6.34,6.66,7.78,7.81,8.34,7.91,9.25,58.14,12.04,8.15,59.41,13.04,14.35,42.72,14.31,31.52,119.77,,,,0.0,0.0,0.0,0.0,0.0,0.0,4.0,0.0,1.0,0.0
True,2021/6/15 21:00:04,,3925340077982482507,Equ1,2021/6/15 20:06:15,1.0,0.0,0.0,1242.0,0.0,0.0,0.0,0.0,462.26,425.11,447.21,469.58,473.79,461.79,0.0,0.8,3.54,1.56,2.97,0.0,120.65,137.83,163.69,160.85,150.71,117.55,652.15,615.8,640.64,661.03,666.65,651.68,9606.99,22.15,0.05,28956.87,20.82,2.12,2.01,10.34,1915.73,1905.24,1.0,1.0,-2.32,4.04,3.45,3.65,0.0,0.0,4.11,3.84,4.11,3.49,0.0,0.0,0.0,0.0,5.0,12.0,8.0,12.0,7.0,12.0,5.0,12.0,0.0,0.0,61.0,61.0,61.0,61.0,2.63,9.21,36.67,5.3,7.93,5.09,5.3,5.35,4.66,5.95,5.55,5.79,5.84,6.63,6.56,7.5,7.35,8.55,6.63,5.42,6.28,6.34,6.65,7.75,7.72,8.28,7.82,9.13,58.14,11.75,7.97,59.44,12.37,12.96,42.64,14.3,31.54,119.76,,,,0.0,0.0,0.0,0.0,0.0,0.0,4.0,0.0,1.0,0.0
True,2021/6/15 21:00:04,,3925340077982482508,Equ1,2021/6/15 20:06:20,1.0,0.0,0.0,1242.0,0.0,0.0,0.0,0.0,462.26,425.11,447.21,469.58,473.79,461.79,0.0,0.94,3.68,1.59,2.99,0.0,120.65,138.63,161.5,161.65,149.09,113.41,654.32,618.11,642.96,663.23,668.84,653.85,9531.59,17.68,0.06,28670.17,23.12,1.88,2.01,11.49,1905.96,1934.46,1.0,1.0,-2.32,4.05,3.46,3.66,0.0,0.0,3.62,3.32,3.75,3.67,0.0,0.0,0.0,0.0,5.0,12.0,8.0,12.0,7.0,12.0,5.0,12.0,0.0,0.0,61.0,62.0,61.0,61.0,2.64,8.18,15.52,5.3,7.93,5.09,5.3,5.34,4.66,5.95,5.54,5.79,5.84,6.59,6.56,7.5,7.34,8.56,6.61,5.42,6.28,6.35,6.64,7.73,7.8,8.21,7.75,9.01,58.15,11.46,7.8,59.46,11.86,11.99,42.56,14.31,31.53,119.75,,,,0.0,0.0,0.0,0.0,0.0,0.0,4.0,0.0,1.0,0.0
True,2021/6/15 21:00:04,,3925340077982482509,Equ1,2021/6/15 20:06:25,1.0,0.0,0.0,1242.0,0.0,0.0,0.0,0.0,462.26,425.11,447.21,469.58,473.79,461.79,0.0,0.97,3.76,1.61,3.02,0.0,122.28,138.86,163.51,161.55,150.26,115.26,655.86,619.68,644.57,664.78,670.41,655.39,9644.94,18.67,0.06,28829.45,22.99,1.97,2.01,11.42,1904.88,1914.42,1.0,1.0,-2.32,4.05,3.46,3.66,0.0,0.0,4.05,3.6,3.73,3.5,0.0,0.0,0.0,0.0,5.0,12.0,8.0,12.0,7.0,12.0,5.0,12.0,0.0,0.0,62.0,62.0,62.0,62.0,2.68,7.72,12.27,45.49,7.92,5.09,5.31,5.34,4.66,5.95,5.55,5.78,5.83,6.57,6.55,7.49,7.34,8.56,6.6,5.42,6.27,6.35,6.64,7.7,7.73,8.18,7.7,8.93,58.15,11.27,7.7,59.47,11.53,11.44,42.51,14.32,31.53,119.74,,,,0.0,0.0,0.0,0.0,0.0,0.0,4.0,0.0,1.0,0.0
True,2021/6/15 21:00:04,,3925340077982482510,Equ1,2021/6/15 20:06:30,1.0,0.0,0.0,1242.0,0.0,0.0,0.0,0.0,462.26,425.11,447.21,469.58,473.79,461.79,0.0,0.7,3.48,1.55,3.0,0.0,122.8,139.0,161.73,162.64,151.91,123.1,657.42,620.97,645.85,666.29,671.96,656.96,9834.19,22.54,0.05,29190.48,21.68,2.24,2.01,10.77,1904.95,1915.94,1.0,1.0,-2.32,4.04,3.46,3.66,0.0,0.0,3.58,3.19,4.27,3.66,0.0,0.0,0.0,0.0,5.0,12.0,8.0,12.0,7.0,12.0,5.0,12.0,0.0,0.0,62.0,63.0,62.0,62.0,2.69,7.34,10.52,15.44,7.93,5.1,5.31,5.34,4.66,5.95,5.54,5.78,5.83,6.56,6.57,7.5,7.35,8.56,6.59,5.42,6.27,6.35,6.64,7.68,7.65,8.09,7.65,8.84,58.16,11.06,7.6,59.49,11.2,10.93,42.44,14.32,31.61,119.74,,,,0.0,0.0,0.0,0.0,0.0,0.0,4.0,0.0,1.0,0.0
True,2021/6/15 21:00:04,,3925340077982482511,Equ1,2021/6/15 20:06:35,1.0,0.0,0.0,1242.0,0.0,0.0,0.0,0.0,462.26,425.11,447.21,469.58,473.79,461.79,0.0,0.58,3.29,1.45,2.97,0.0,122.57,139.31,158.71,162.01,151.55,122.64,658.95,622.38,647.19,667.71,673.45,658.48,9783.42,22.45,0.05,29052.44,20.75,2.14,2.01,10.31,1904.8,1920.65,1.0,1.0,-2.32,4.04,3.46,3.66,0.0,0.0,3.81,3.16,3.83,2.54,0.0,0.0,0.0,0.0,5.0,12.0,8.0,12.0,7.0,12.0,5.0,12.0,0.0,0.0,63.0,63.0,63.0,63.0,2.72,7.11,9.65,11.2,49.5,5.09,5.31,5.34,4.67,5.95,5.54,5.78,5.82,6.55,6.56,7.48,7.34,8.55,6.57,5.42,6.27,6.35,6.64,7.66,7.56,8.04,7.67,8.75,58.15,10.87,7.51,59.5,10.89,10.52,42.33,14.3,31.68,119.72,,,,0.0,0.0,0.0,0.0,0.0,0.0,4.0,0.0,1.0,0.0
True,2021/6/15 21:00:04,,3925340077982482512,Equ1,2021/6/15 20:06:40,1.0,0.0,0.0,1242.0,0.0,0.0,0.0,0.0,462.26,425.11,447.21,469.58,473.79,461.79,0.0,0.47,3.18,1.38,2.93,0.0,122.71,139.44,159.78,162.62,151.76,125.78,660.17,623.49,648.3,668.87,674.64,659.7,9821.37,28.18,0.04,29190.48,16.76,2.17,2.01,8.33,1925.42,1921.66,1.0,1.0,-2.32,4.04,3.46,3.66,0.0,0.0,3.55,3.46,4.24,3.64,0.0,0.0,0.0,0.0,5.0,12.0,8.0,12.0,7.0,12.0,5.0,12.0,0.0,0.0,64.0,64.0,63.0,63.0,2.74,6.93,9.07,9.87,17.95,5.1,5.31,5.34,4.66,5.95,5.54,5.78,5.82,6.54,6.57,7.49,7.34,8.56,6.56,5.42,6.27,6.35,6.64,7.63,7.49,8.0,7.58,8.69,58.17,10.7,7.4,59.51,10.64,10.16,42.24,14.29,31.73,119.7,,,,0.0,0.0,0.0,0.0,0.0,0.0,4.0,0.0,1.0,0.0
True,2021/6/15 21:00:04,,3925340077982482513,Equ1,2021/6/15 20:06:45,1.0,0.0,0.0,1242.0,0.0,0.0,0.0,0.0,462.26,425.11,447.21,469.58,473.79,461.79,0.0,0.39,3.07,1.33,2.94,0.0,121.69,138.59,158.22,161.39,149.97,124.1,661.47,624.71,649.49,670.12,675.94,661.0,9758.29,29.78,0.04,28850.68,14.84,2.03,2.01,7.37,1927.16,1912.11,1.0,1.0,-2.32,4.04,3.45,3.65,0.0,0.0,3.65,3.59,4.03,3.2,0.0,0.0,0.0,0.0,5.0,12.0,8.0,12.0,7.0,12.0,5.0,12.0,0.0,0.0,64.0,64.0,64.0,64.0,2.76,6.81,8.67,9.13,14.29,46.17,5.32,5.34,4.66,5.95,5.54,5.78,5.81,6.53,6.56,7.49,7.34,8.56,6.56,5.41,6.26,6.35,6.64,7.61,7.43,7.95,7.52,8.64,58.18,10.55,7.31,59.53,10.43,9.88,42.11,14.28,31.81,119.68,,,,0.0,0.0,0.0,0.0,0.0,0.0,4.0,0.0,1.0,0.0
True,2021/6/15 21:00:04,,3925340077982482514,Equ1,2021/6/15 20:06:50,1.0,0.0,0.0,1242.0,0.0,0.0,0.0,0.0,462.26,425.11,447.21,469.58,473.79,461.79,0.0,0.49,3.15,1.34,2.95,0.0,121.11,138.8,155.93,161.47,149.86,118.82,663.48,626.82,651.58,672.14,677.96,663.01,9670.08,21.66,0.05,28659.55,18.36,1.83,2.01,9.12,1901.48,1906.1,1.0,1.0,-2.32,4.04,3.46,3.66,0.0,0.0,3.68,3.81,3.69,2.94,0.0,0.0,0.0,0.0,5.0,12.0,8.0,12.0,7.0,12.0,5.0,12.0,0.0,0.0,65.0,65.0,64.0,64.0,2.79,6.68,8.34,8.63,12.71,15.08,5.31,5.34,4.66,5.95,5.54,5.78,5.8,6.52,6.57,7.49,7.34,8.56,6.54,5.41,6.26,6.35,6.64,7.58,7.37,7.9,7.48,8.6,58.18,10.41,7.23,59.54,10.25,9.65,41.97,14.28,31.74,119.66,,,,0.0,0.0,0.0,0.0,0.0,0.0,4.0,0.0,1.0,0.0
True,2021/6/15 21:00:04,,3925340077982482515,Equ1,2021/6/15 20:06:55,1.0,0.0,0.0,1242.0,0.0,0.0,0.0,0.0,462.26,425.11,447.21,469.58,473.79,461.79,0.0,0.52,3.2,1.39,3.01,0.0,122.12,139.34,158.29,161.79,150.52,120.92,665.27,628.63,653.41,673.98,679.81,664.8,9796.24,24.22,0.04,28925.01,18.74,2.09,2.01,9.32,1899.88,1951.53,1.0,1.0,-2.32,4.04,3.46,3.66,0.0,0.0,4.46,3.55,5.09,5.96,0.0,0.0,0.0,0.0,5.0,12.0,8.0,12.0,7.0,12.0,5.0,12.0,0.0,0.0,65.0,66.0,65.0,65.0,2.82,6.6,8.11,8.29,11.88,11.5,5.32,5.34,4.66,5.95,5.54,5.77,5.79,6.5,6.57,7.49,7.34,8.57,6.54,5.41,6.26,6.35,6.64,7.56,7.31,7.86,7.44,8.53,58.2,10.29,7.16,59.54,10.09,9.46,41.85,14.3,31.82,119.64,,,,0.0,0.0,0.0,0.0,0.0,0.0,4.0,0.0,1.0,0.0
True,2021/6/15 21:00:04,,3925340077982482516,Equ1,2021/6/15 20:07:00,1.0,0.0,0.0,1242.0,0.0,0.0,0.0,0.0,462.26,425.11,447.21,469.58,473.79,461.79,0.0,0.25,2.95,1.33,2.99,0.0,122.74,139.44,160.05,162.99,151.32,126.62,666.78,629.88,654.68,675.43,681.3,666.31,9896.77,26.01,0.04,29254.19,19.49,2.33,2.01,9.68,1918.47,1915.22,1.0,1.0,-2.32,4.04,3.46,3.66,0.0,0.0,3.46,3.78,3.65,3.9,0.0,0.0,0.0,0.0,5.0,12.0,8.0,12.0,7.0,12.0,5.0,12.0,0.0,0.0,66.0,66.0,65.0,65.0,2.83,6.53,7.92,8.02,11.29,10.06,5.32,5.34,4.67,5.96,5.54,5.79,5.81,6.5,6.59,7.51,7.35,8.58,6.53,5.41,6.26,6.37,6.66,7.56,7.26,7.82,7.41,8.48,58.21,10.19,7.11,59.57,9.96,9.3,41.7,14.28,31.99,119.6,,,,0.0,0.0,0.0,0.0,0.0,0.0,4.0,0.0,1.0,0.0
True,2021/6/15 21:00:04,,3925340077982482517,Equ1,2021/6/15 20:07:05,1.0,0.0,0.0,1242.0,0.0,0.0,0.0,0.0,462.26,425.11,447.21,469.58,473.79,461.79,0.0,0.17,2.84,1.21,2.94,0.0,123.26,139.68,159.04,163.09,151.63,126.59,667.95,630.97,655.74,676.48,682.42,667.48,9896.77,24.6,0.04,29254.19,18.5,2.09,2.01,9.19,1913.34,1939.74,1.0,1.0,-2.32,4.04,3.46,3.66,0.0,0.0,3.51,3.54,5.46,3.25,0.0,0.0,0.0,0.0,5.0,12.0,8.0,12.0,7.0,12.0,5.0,12.0,0.0,0.0,66.0,67.0,66.0,66.0,2.86,6.46,7.76,7.81,10.89,9.35,5.31,53.98,4.68,5.95,5.54,5.79,5.8,6.5,6.59,7.49,7.36,8.56,6.5,5.41,6.26,6.35,6.66,7.54,7.2,7.77,7.36,8.43,58.2,10.07,7.04,59.57,9.82,9.13,41.49,14.27,32.05,119.56,,,,0.0,0.0,0.0,0.0,0.0,0.0,4.0,0.0,1.0,0.0
True,2021/6/15 21:00:04,,3925340077982482518,Equ1,2021/6/15 20:07:10,1.0,0.0,0.0,1242.0,0.0,0.0,0.0,0.0,462.26,425.11,447.21,469.58,473.79,461.79,0.0,0.14,2.82,1.22,2.95,0.0,122.51,139.89,159.85,163.09,151.45,126.3,668.92,631.91,656.69,677.46,683.4,668.45,9959.86,34.3,0.03,29222.34,14.53,2.29,2.01,7.22,1901.11,1930.7,1.0,1.0,-2.32,4.04,3.46,3.66,0.0,0.0,3.74,2.87,3.63,3.66,0.0,0.0,0.0,0.0,5.0,12.0,8.0,12.0,7.0,12.0,5.0,12.0,0.0,0.0,67.0,67.0,66.0,66.0,2.87,6.41,7.62,7.62,10.57,8.8,5.32,34.95,4.67,5.95,5.54,5.78,5.79,6.48,6.59,7.49,7.36,8.57,6.52,5.41,6.26,6.36,6.65,7.52,7.15,7.74,7.33,8.37,58.22,9.99,6.98,59.58,9.7,9.0,41.32,14.27,32.07,119.54,,,,0.0,0.0,0.0,0.0,0.0,0.0,4.0,0.0,1.0,0.0
True,2021/6/15 21:00:04,,3925340077982482519,Equ1,2021/6/15 20:07:15,1.0,0.0,0.0,1242.0,0.0,0.0,0.0,0.0,462.26,425.11,447.21,469.58,473.79,461.79,0.0,0.14,2.79,1.19,2.95,0.0,122.44,138.95,158.32,162.02,150.78,124.64,670.61,633.6,658.35,679.12,685.1,670.14,9846.51,31.5,0.03,29020.58,15.01,2.17,2.01,7.45,1924.12,1918.11,1.0,1.0,-2.32,4.04,3.46,3.65,0.0,0.0,3.55,3.62,3.96,3.83,0.0,0.0,0.0,0.0,5.0,12.0,8.0,12.0,7.0,12.0,5.0,12.0,0.0,0.0,68.0,68.0,67.0,67.0,2.91,6.35,7.5,7.47,10.32,8.42,5.32,18.59,40.83,5.94,5.53,5.78,5.79,6.48,6.58,7.49,7.35,8.56,6.5,5.44,6.25,6.34,6.65,7.5,7.1,7.7,7.3,8.33,58.22,9.9,6.93,59.56,9.59,8.88,41.15,14.26,32.09,119.51,,,,0.0,0.0,0.0,0.0,0.0,0.0,4.0,0.0,1.0,0.0
True,2021/6/15 21:00:04,,3925340077982482520,Equ1,2021/6/15 20:07:20,1.0,0.0,0.0,1242.0,0.0,0.0,0.0,0.0,462.26,425.11,447.21,469.58,473.79,461.79,0.0,0.19,2.85,1.13,2.93,0.0,122.63,139.4,158.87,162.18,151.5,126.48,672.3,635.35,660.11,680.76,686.77,671.83,9972.67,24.18,0.04,29116.15,16.76,1.86,2.01,8.33,1925.06,1912.4,1.0,1.0,-2.32,4.04,3.46,3.66,0.0,0.0,3.64,3.12,4.2,3.53,0.0,0.0,0.0,0.0,5.0,12.0,8.0,12.0,7.0,12.0,5.0,12.0,0.0,0.0,68.0,68.0,67.0,67.0,2.91,6.31,7.4,7.34,10.13,8.12,5.32,14.79,11.76,5.94,5.54,5.78,5.79,6.48,6.57,7.49,7.34,8.57,6.5,5.42,6.24,6.34,6.64,7.48,7.05,7.66,7.27,8.29,58.22,9.82,6.92,59.58,9.51,8.77,41.0,14.27,32.08,119.49,,,,0.0,0.0,0.0,0.0,0.0,0.0,4.0,0.0,1.0,0.0
True,2021/6/15 21:00:04,,3925340077982482521,Equ1,2021/6/15 20:07:25,1.0,0.0,0.0,1242.0,0.0,0.0,0.0,0.0,462.26,425.11,447.21,469.58,473.79,461.79,0.0,0.31,2.95,1.22,2.99,0.0,122.93,145.62,159.75,162.33,151.48,126.22,673.92,637.09,661.82,682.47,688.45,673.45,10161.42,25.06,0.04,29371.0,18.96,2.18,2.01,9.42,1928.53,1917.54,1.0,1.0,-2.32,4.04,3.46,3.66,0.0,0.0,5.2,3.44,3.96,3.57,0.0,0.0,0.0,0.0,5.0,12.0,8.0,12.0,7.0,12.0,5.0,12.0,0.0,0.0,69.0,69.0,68.0,68.0,2.96,6.26,7.29,7.23,9.95,7.89,5.32,12.92,8.98,43.66,5.53,5.77,5.78,6.46,6.58,7.49,7.34,8.58,6.49,5.41,6.29,6.34,6.63,7.47,7.01,7.64,7.24,8.25,58.23,9.75,6.87,59.53,9.51,8.67,40.87,14.28,32.1,119.47,,,,0.0,0.0,0.0,0.0,0.0,0.0,4.0,0.0,1.0,0.0
True,2021/6/15 21:00:04,,3925340077982482522,Equ1,2021/6/15 20:07:30,1.0,0.0,0.0,1242.0,0.0,0.0,0.0,0.0,462.26,425.11,447.21,469.58,473.79,461.79,0.0,0.16,2.8,1.24,3.02,0.0,122.99,146.33,160.94,163.37,151.62,126.59,675.05,638.07,662.81,683.62,689.61,674.59,10160.42,29.96,0.04,29509.04,17.74,2.44,2.01,8.82,1926.36,1931.42,1.0,1.0,-2.32,4.04,3.46,3.65,0.0,0.0,3.03,3.57,4.15,3.5,0.0,0.0,0.0,0.0,5.0,12.0,8.0,12.0,7.0,12.0,5.0,12.0,0.0,0.0,69.0,69.0,68.0,68.0,2.96,6.23,7.22,7.13,9.81,7.69,5.32,11.71,7.99,18.44,5.53,5.77,5.78,6.45,6.58,7.48,7.34,8.58,6.49,5.41,6.3,6.35,6.64,7.45,6.97,7.61,7.22,8.21,58.23,9.68,6.82,59.61,9.4,8.59,40.69,14.28,32.24,119.43,,,,0.0,0.0,0.0,0.0,0.0,0.0,4.0,0.0,1.0,0.0
True,2021/6/15 21:00:04,,3925340077982482523,Equ1,2021/6/15 20:07:35,1.0,0.0,0.0,1242.0,0.0,0.0,0.0,0.0,462.26,425.11,447.21,469.58,473.79,461.79,0.0,0.16,2.75,1.15,2.97,0.0,122.42,145.78,160.04,163.21,151.62,126.42,675.97,638.98,663.68,684.44,690.47,675.5,10198.37,31.35,0.04,29445.33,14.79,2.13,2.01,7.35,1904.66,1926.94,1.0,1.0,-2.32,4.03,3.46,3.65,0.0,0.0,3.4,3.93,4.01,3.75,0.0,0.0,0.0,0.0,5.0,12.0,8.0,12.0,7.0,12.0,5.0,12.0,0.0,0.0,70.0,70.0,69.0,69.0,3.0,6.19,7.15,7.04,9.69,7.52,5.32,10.93,7.41,13.7,46.02,5.77,5.77,6.44,6.57,7.48,7.34,8.57,6.47,5.39,6.29,6.33,6.63,7.44,6.93,7.58,7.19,8.18,58.23,9.6,6.77,59.59,9.31,8.51,40.54,14.27,32.21,119.4,,,,0.0,0.0,0.0,0.0,0.0,0.0,4.0,0.0,1.0,0.0
True,2021/6/15 21:00:04,,3925340077982482524,Equ1,2021/6/15 20:07:40,1.0,0.0,0.0,1242.0,0.0,0.0,0.0,0.0,462.26,425.11,447.21,469.58,473.79,461.79,0.0,0.14,2.72,1.13,2.98,0.0,123.89,146.37,159.39,163.56,152.04,126.92,676.59,639.58,664.26,685.05,691.1,676.12,10236.32,37.3,0.03,29519.66,12.6,2.16,2.01,6.26,1911.82,1920.21,1.0,1.0,-2.32,4.03,3.45,3.65,0.0,0.0,4.01,3.56,3.64,3.5,0.0,0.0,0.0,0.0,5.0,12.0,8.0,12.0,7.0,12.0,5.0,12.0,0.0,0.0,70.0,71.0,69.0,69.0,3.01,6.17,7.09,6.98,9.61,7.41,5.33,10.45,7.11,12.14,18.51,5.77,5.78,6.44,6.57,7.48,7.34,8.57,6.47,5.41,6.3,6.35,6.64,7.43,6.9,7.55,7.17,8.15,58.24,9.55,6.75,59.62,9.27,8.45,40.42,14.26,32.24,119.39,,,,0.0,0.0,0.0,0.0,0.0,0.0,4.0,0.0,1.0,0.0
True,2021/6/15 21:00:04,,3925340077982482525,Equ1,2021/6/15 20:07:45,1.0,0.0,0.0,1242.0,0.0,0.0,0.0,0.0,462.26,425.11,447.21,469.58,473.79,461.79,0.0,0.13,2.66,1.07,2.95,0.0,122.25,144.85,158.06,161.65,150.71,123.89,678.38,641.36,665.99,686.77,692.86,677.91,10047.07,35.89,0.03,29179.86,13.24,2.18,2.01,6.58,1890.48,1931.28,1.0,1.0,-2.32,4.03,3.45,3.65,0.0,0.0,3.53,3.76,5.06,3.79,0.0,0.0,0.0,0.0,5.0,12.0,8.0,12.0,7.0,12.0,5.0,12.0,0.0,0.0,71.0,71.0,70.0,70.0,3.04,6.13,7.03,6.91,9.51,7.29,5.32,9.97,6.82,11.02,13.28,43.14,5.76,6.43,6.57,7.48,7.34,8.57,6.45,5.41,6.29,6.34,6.77,7.41,6.88,7.52,7.15,8.12,58.25,9.49,6.71,59.62,9.2,8.48,40.27,14.25,32.26,119.36,,,,0.0,0.0,0.0,0.0,0.0,0.0,4.0,0.0,1.0,0.0
True,2021/6/15 21:00:04,,3925340077982482526,Equ1,2021/6/15 20:07:50,1.0,0.0,0.0,1242.0,0.0,0.0,0.0,0.0,462.26,425.11,447.21,469.58,473.79,461.79,0.0,0.3,2.78,1.0,2.93,0.0,122.24,145.12,159.32,161.75,150.87,124.45,680.36,643.52,668.1,688.69,694.82,679.89,10097.83,22.84,0.05,29243.57,17.27,1.81,2.01,8.57,1906.54,1892.8,1.0,1.0,-2.32,4.04,3.46,3.66,0.0,0.0,3.55,2.89,3.71,3.49,0.0,0.0,0.0,0.0,5.0,12.0,8.0,12.0,7.0,12.0,5.0,12.0,0.0,0.0,71.0,72.0,70.0,70.0,3.05,6.11,6.97,6.86,9.42,7.18,5.32,9.58,6.59,10.29,11.44,18.69,5.76,6.42,6.57,7.48,7.34,8.58,6.44,5.41,6.29,6.34,6.65,7.41,6.85,7.49,7.12,8.1,58.25,9.43,6.67,59.63,9.14,8.36,40.15,14.26,32.23,119.35,,,,0.0,0.0,0.0,0.0,0.0,0.0,4.0,0.0,1.0,0.0
True,2021/6/15 21:00:04,,3925340077982482527,Equ1,2021/6/15 20:07:55,1.0,0.0,0.0,1242.0,0.0,0.0,0.0,0.0,462.26,425.11,447.21,469.58,473.79,461.79,0.0,0.24,2.85,1.11,2.98,0.0,123.5,145.85,159.29,162.53,151.84,126.66,681.98,645.07,669.78,690.41,696.49,681.51,10274.27,25.21,0.04,29445.33,18.99,2.2,2.01,9.43,1916.31,1853.37,1.0,1.0,-2.32,4.05,3.47,3.67,0.0,0.0,3.69,2.73,3.98,3.84,0.0,0.0,0.0,0.0,5.0,12.0,8.0,12.0,7.0,12.0,5.0,12.0,0.0,0.0,72.0,72.0,71.0,71.0,3.09,6.04,6.92,6.79,9.33,7.08,5.33,9.24,6.42,9.74,10.42,14.4,41.27,6.41,6.56,7.48,7.34,8.58,6.43,5.4,6.29,6.33,6.61,7.38,6.83,7.48,7.11,8.07,58.26,9.38,6.64,59.62,9.07,8.28,40.02,14.28,32.26,119.33,,,,0.0,0.0,0.0,0.0,0.0,0.0,4.0,0.0,1.0,0.0
True,2021/6/15 21:00:04,,3925340077982482528,Equ1,2021/6/15 20:08:00,1.0,0.0,0.0,1242.0,0.0,0.0,0.0,0.0,462.26,425.11,447.21,469.58,473.79,461.79,0.0,0.05,2.67,1.14,3.03,0.0,122.95,145.89,160.16,163.7,151.63,126.36,682.71,645.61,670.33,691.17,697.28,682.24,10185.55,29.78,0.04,29487.8,17.23,2.36,2.01,8.56,1914.35,1909.29,1.0,1.0,-2.32,4.05,3.47,3.67,0.0,0.0,2.99,3.2,4.47,2.13,0.0,0.0,0.0,0.0,5.0,12.0,8.0,12.0,7.0,12.0,5.0,12.0,0.0,0.0,73.0,73.0,71.0,72.0,3.12,6.17,6.86,6.74,9.27,6.98,5.32,8.98,6.29,9.36,9.72,12.38,12.11,6.41,6.56,7.48,7.34,8.58,6.41,5.4,6.3,6.33,6.61,7.41,6.83,7.45,7.08,8.04,58.25,9.33,6.6,59.64,9.02,8.23,39.83,14.28,32.45,119.28,,,,0.0,0.0,0.0,0.0,0.0,0.0,4.0,0.0,1.0,0.0
True,2021/6/15 21:00:04,,3925340077982482529,Equ1,2021/6/15 20:08:05,1.0,0.0,0.0,1242.0,0.0,0.0,0.0,0.0,462.26,425.11,447.21,469.58,473.79,461.79,0.0,0.02,2.6,1.01,2.96,0.0,123.64,145.5,159.71,162.95,151.37,126.07,683.54,646.41,671.09,691.87,698.03,683.07,10197.86,29.7,0.04,29413.47,14.74,2.01,2.01,7.32,1939.45,1923.76,1.0,1.0,-2.32,4.05,3.47,3.67,0.0,0.0,2.86,3.86,3.99,3.6,0.0,0.0,0.0,0.0,5.0,12.0,8.0,12.0,7.0,12.0,5.0,12.0,0.0,0.0,73.0,73.0,72.0,72.0,3.13,6.14,7.1,6.68,9.21,6.92,5.33,8.75,6.17,9.04,9.17,11.25,9.89,39.08,6.56,7.48,7.35,8.58,6.41,5.41,6.29,6.33,6.61,7.37,6.89,7.41,7.07,8.02,58.26,9.28,6.57,59.64,8.98,8.17,39.62,14.27,32.47,119.25,,,,0.0,0.0,0.0,0.0,0.0,0.0,4.0,0.0,1.0,0.0
True,2021/6/15 21:00:04,,3925340077982482530,Equ1,2021/6/15 20:08:10,1.0,0.0,0.0,1242.0,0.0,0.0,0.0,0.0,462.26,425.11,447.21,469.58,473.79,461.79,0.0,0.05,2.6,1.0,2.98,0.0,122.9,145.4,158.32,162.2,151.17,125.88,684.66,647.56,672.21,692.98,699.17,684.19,10235.81,40.33,0.03,29275.43,11.33,2.1,2.01,5.63,1899.23,1921.73,1.0,1.0,-2.32,4.05,3.47,3.67,0.0,0.0,3.3,4.29,4.01,7.21,0.0,0.0,0.0,0.0,5.0,12.0,8.0,12.0,7.0,12.0,5.0,12.0,0.0,0.0,74.0,74.0,72.0,73.0,3.16,6.11,6.99,6.64,9.15,6.85,5.32,8.54,6.06,8.77,8.77,10.44,9.03,22.6,6.56,7.48,7.35,8.58,6.39,5.41,6.29,6.33,6.6,7.37,6.94,7.39,7.04,7.99,58.27,9.24,6.55,59.65,8.94,8.13,39.44,14.27,32.47,119.22,,,,0.0,0.0,0.0,0.0,0.0,0.0,4.0,0.0,1.0,0.0
True,2021/6/15 21:00:04,,3925340077982482531,Equ1,2021/6/15 20:08:15,1.0,0.0,0.0,1242.0,0.0,0.0,0.0,0.0,462.26,425.11,447.21,469.58,473.79,461.79,0.0,0.03,2.55,0.93,2.94,0.0,123.32,145.98,159.38,162.79,151.84,125.75,686.4,649.28,673.9,694.65,700.87,685.93,10135.28,35.96,0.03,29413.47,12.39,2.04,2.01,6.15,1893.52,1926.36,1.0,1.0,-2.32,4.05,3.47,3.67,0.0,0.0,3.24,3.55,4.14,2.94,0.0,0.0,0.0,0.0,5.0,12.0,8.0,12.0,7.0,12.0,5.0,12.0,0.0,0.0,74.0,74.0,73.0,73.0,3.17,6.06,6.91,6.59,9.08,6.78,5.32,8.34,5.95,8.52,8.4,9.83,8.44,14.18,48.47,7.47,7.35,8.58,6.38,5.4,6.29,6.32,6.6,7.35,6.94,7.29,7.01,7.96,58.26,9.18,6.53,59.65,8.89,8.06,39.28,14.26,32.46,119.2,,,,0.0,0.0,0.0,0.0,0.0,0.0,4.0,0.0,1.0,0.0
True,2021/6/15 21:00:04,,3925340077982482532,Equ1,2021/6/15 20:08:20,1.0,0.0,0.0,1242.0,0.0,0.0,0.0,0.0,462.26,425.11,447.21,469.58,473.79,461.79,0.0,0.19,2.69,0.9,2.9,0.0,123.39,146.41,159.82,162.28,151.79,126.9,688.36,651.4,675.99,696.57,702.79,687.89,10298.9,24.4,0.05,29434.71,18.24,2.04,2.01,9.06,1894.96,1969.69,1.0,1.0,-2.32,4.05,3.48,3.68,0.0,0.0,3.84,3.52,4.0,2.54,0.0,0.0,0.0,0.0,5.0,12.0,8.0,12.0,7.0,12.0,5.0,12.0,0.0,0.0,75.0,75.0,73.0,74.0,3.21,6.02,6.85,6.53,9.03,6.7,5.33,8.14,5.86,8.31,8.1,9.35,8.07,12.03,47.63,7.47,7.34,8.58,6.37,5.4,6.29,6.32,6.6,7.35,6.91,7.23,7.0,7.95,58.27,9.14,6.51,59.64,8.85,7.99,39.16,14.28,32.43,119.18,,,,0.0,0.0,0.0,0.0,0.0,0.0,4.0,0.0,1.0,0.0
True,2021/6/15 21:00:04,,3925340077982482533,Equ1,2021/6/15 20:08:25,1.0,0.0,0.0,1242.0,0.0,0.0,0.0,0.0,462.26,425.11,447.21,469.58,473.79,461.79,0.0,0.14,2.77,1.14,3.05,0.0,123.37,146.67,159.14,167.33,152.42,126.79,689.93,652.92,677.66,698.39,704.51,689.46,10387.11,24.56,0.05,29615.22,19.69,2.22,2.01,9.79,1916.45,1924.77,1.0,1.0,-2.32,4.05,3.47,3.67,0.0,0.0,3.57,3.57,4.6,3.92,0.0,0.0,0.0,0.0,5.0,12.0,8.0,12.0,7.0,12.0,5.0,12.0,0.0,0.0,75.0,76.0,74.0,74.0,3.23,5.98,6.77,6.47,8.97,6.64,5.32,7.97,5.78,8.14,7.89,8.98,7.8,10.95,27.74,48.97,7.34,8.58,6.35,5.39,6.28,6.32,6.6,7.33,6.89,7.23,7.05,7.92,58.26,9.1,6.49,59.64,8.81,7.92,39.02,14.31,32.51,119.16,,,,0.0,0.0,0.0,0.0,0.0,0.0,4.0,0.0,1.0,0.0
True,2021/6/15 21:00:04,,3925340077982482534,Equ1,2021/6/15 20:08:30,1.0,0.0,0.0,1242.0,0.0,0.0,0.0,0.0,462.26,425.11,447.21,469.58,473.79,461.79,0.28,0.0,2.69,1.47,3.51,0.28,123.6,146.53,161.21,167.27,157.9,126.98,691.06,653.63,678.42,699.57,705.82,690.59,10499.96,29.35,0.04,29933.78,18.16,2.45,2.01,9.02,1912.83,1915.51,1.0,1.0,-2.31,4.04,3.47,3.66,0.0,0.0,3.73,3.87,4.0,3.04,0.0,0.0,0.0,0.0,5.0,12.0,8.0,12.0,7.0,12.0,5.0,12.0,0.0,0.0,76.0,76.0,74.0,75.0,3.25,5.94,6.71,6.43,8.92,6.57,5.32,7.83,5.7,7.99,7.7,8.69,7.58,10.25,13.94,49.35,7.34,8.58,6.33,5.39,6.28,6.32,6.6,7.33,6.89,7.25,6.99,7.89,58.26,9.08,6.46,59.65,8.77,7.85,38.44,14.32,32.97,118.98,,,,0.0,0.0,0.0,0.0,0.0,0.0,4.0,0.0,1.0,0.0
True,2021/6/15 21:00:04,,3925340077982482535,Equ1,2021/6/15 20:08:35,1.0,0.0,0.0,1242.0,0.0,0.0,0.0,0.0,462.26,425.11,447.21,469.58,473.79,461.79,0.18,0.0,2.63,1.34,3.39,0.18,123.08,146.47,161.07,167.22,157.88,127.34,692.07,654.75,679.48,700.56,706.82,691.6,10613.31,32.51,0.04,29870.07,15.39,2.3,2.01,7.65,1921.08,1932.58,1.0,1.0,-2.31,4.04,3.47,3.66,0.0,0.0,3.19,3.26,4.26,3.9,0.0,0.0,0.0,0.0,5.0,12.0,8.0,12.0,7.0,12.0,5.0,12.0,0.0,0.0,77.0,77.0,75.0,75.0,3.28,5.9,6.64,6.37,8.88,6.52,5.32,7.7,5.63,7.84,7.53,8.45,7.42,9.8,11.87,25.06,7.35,8.58,6.31,5.38,6.28,6.31,6.6,7.33,6.88,7.25,6.94,7.88,58.28,9.05,6.45,59.65,8.74,7.8,37.94,14.32,32.96,118.88,,,,0.0,0.0,0.0,0.0,0.0,0.0,4.0,0.0,1.0,0.0
True,2021/6/15 21:00:04,,3925340077982482536,Equ1,2021/6/15 20:08:40,1.0,0.0,0.0,1242.0,0.0,0.0,0.0,0.0,462.26,425.11,447.21,469.58,473.79,461.79,0.28,0.0,2.68,1.41,3.48,0.28,124.1,145.89,161.1,166.94,157.25,126.58,693.41,655.98,680.76,701.86,708.14,692.94,10651.26,39.6,0.03,29901.92,13.53,2.46,2.01,6.73,1922.45,1914.57,1.0,1.0,-2.31,4.04,3.46,3.66,0.0,0.0,2.79,2.35,4.24,4.51,0.0,0.0,0.0,0.0,5.0,12.0,8.0,12.0,7.0,12.0,5.0,12.0,0.0,0.0,77.0,77.0,75.0,76.0,3.29,5.86,6.59,6.31,8.84,6.46,5.32,7.58,5.56,7.73,7.39,8.24,7.29,9.46,10.89,15.89,38.05,8.57,6.29,5.37,6.28,6.31,6.61,7.31,6.87,7.22,6.9,7.85,58.27,9.01,6.42,59.65,8.72,7.73,37.6,14.32,32.97,118.83,,,,0.0,0.0,0.0,0.0,0.0,0.0,4.0,0.0,1.0,0.0
True,2021/6/15 21:00:04,,3925340077982482537,Equ1,2021/6/15 20:08:45,1.0,0.0,0.0,1242.0,0.0,0.0,0.0,0.0,462.26,425.11,447.21,469.58,473.79,461.79,0.26,0.0,2.63,1.32,3.44,0.26,122.95,146.38,161.43,166.97,157.54,126.48,695.53,658.12,682.86,703.91,710.24,695.06,10537.91,28.86,0.04,29763.88,17.27,2.29,2.01,8.57,1909.94,1917.1,1.0,1.0,-2.31,4.04,3.47,3.67,0.0,0.0,3.28,3.25,4.12,3.52,0.0,0.0,0.0,0.0,5.0,12.0,8.0,12.0,7.0,12.0,5.0,12.0,0.0,0.0,78.0,78.0,76.0,76.0,3.32,5.82,6.53,6.26,8.81,6.38,5.33,7.47,5.5,7.61,7.26,8.05,7.19,9.18,10.28,13.73,46.02,8.58,6.28,5.36,6.27,6.3,6.6,7.3,6.85,7.2,6.88,7.83,58.29,8.98,6.41,59.65,8.69,7.68,37.31,14.3,32.96,118.78,,,,0.0,0.0,0.0,0.0,0.0,0.0,4.0,0.0,1.0,0.0
True,2021/6/15 21:00:04,,3925340077982482538,Equ1,2021/6/15 20:08:50,1.0,0.0,0.0,1242.0,0.0,0.0,0.0,0.0,462.26,425.11,447.21,469.58,473.79,461.79,0.15,0.0,2.66,1.21,3.32,0.15,122.95,146.54,161.56,165.93,157.7,127.13,697.06,659.76,684.52,705.44,711.76,696.59,10664.08,24.69,0.05,29891.31,19.63,2.23,2.01,9.75,1910.66,1929.18,1.0,1.0,-2.3,4.05,3.48,3.68,0.0,0.0,3.16,4.69,4.02,3.41,0.0,0.0,0.0,0.0,5.0,12.0,8.0,12.0,7.0,12.0,5.0,12.0,0.0,0.0,78.0,78.0,76.0,77.0,3.34,5.79,6.48,6.22,8.78,6.33,5.33,7.37,5.46,7.52,7.15,7.91,7.11,9.0,9.9,12.8,31.55,8.57,6.25,5.35,6.27,6.29,6.61,7.3,6.84,7.19,6.85,7.81,58.28,8.95,6.39,59.66,8.66,7.64,37.14,14.32,32.95,118.75,,,,0.0,0.0,0.0,0.0,0.0,0.0,4.0,0.0,1.0,0.0
True,2021/6/15 21:00:04,,3925340077982482539,Equ1,2021/6/15 20:08:55,1.0,0.0,0.0,1242.0,0.0,0.0,0.0,0.0,462.26,425.11,447.21,469.58,473.79,461.79,0.19,0.0,2.79,1.47,3.51,0.19,123.0,146.38,160.84,167.32,157.34,126.81,698.28,660.94,685.83,706.88,713.13,697.81,10726.66,26.78,0.04,29901.93,19.64,2.42,2.01,9.77,1924.33,1905.17,1.0,1.0,-2.3,4.05,3.47,3.67,0.0,0.0,3.38,3.36,4.46,3.28,0.0,0.0,0.0,0.0,5.0,12.0,8.0,12.0,7.0,12.0,5.0,12.0,0.0,0.0,79.0,79.0,77.0,77.0,3.37,5.76,6.44,6.17,8.74,6.31,5.32,7.27,5.4,7.42,7.01,7.74,7.02,8.78,9.54,12.03,16.46,51.46,6.23,5.34,6.26,6.28,6.61,7.29,6.84,7.16,6.82,7.81,58.28,8.92,6.37,59.66,8.63,7.58,36.9,14.38,33.09,118.71,,,,0.0,0.0,0.0,0.0,0.0,0.0,4.0,0.0,1.0,0.0
True,2021/6/15 21:00:04,,3925340077982482540,Equ1,2021/6/15 20:09:00,1.0,0.0,0.0,1242.0,0.0,0.0,0.0,0.0,462.26,425.11,447.21,469.58,473.79,461.79,0.44,0.0,2.82,1.79,3.87,0.44,122.95,146.5,161.6,168.04,158.01,127.36,698.81,661.22,686.14,707.47,713.77,698.34,10713.33,32.53,0.04,29976.25,15.59,2.33,2.01,7.74,1920.57,1911.24,1.0,1.0,-2.3,4.04,3.47,3.67,0.0,0.0,3.39,3.6,4.19,3.67,0.0,0.0,0.0,0.0,5.0,12.0,8.0,12.0,7.0,12.0,5.0,12.0,0.0,0.0,79.0,79.0,77.0,78.0,3.38,5.73,6.39,6.13,8.71,6.28,5.32,7.18,5.36,7.32,6.89,7.59,6.94,8.61,9.27,11.55,13.88,31.18,6.21,5.31,6.24,6.27,6.61,7.29,6.83,7.15,6.79,7.79,58.29,8.9,6.34,59.66,8.61,7.53,36.01,14.45,33.5,118.47,,,,0.0,0.0,0.0,0.0,0.0,0.0,4.0,0.0,1.0,0.0
True,2021/6/15 21:00:04,,3925340077982482541,Equ1,2021/6/15 20:09:05,1.0,0.0,0.0,1242.0,0.0,0.0,0.0,0.0,462.26,425.11,447.21,469.58,473.79,461.79,0.43,0.0,2.77,1.68,3.78,0.43,123.61,146.93,161.88,168.59,158.51,127.08,699.64,662.06,686.93,708.21,714.53,699.17,10738.97,36.55,0.03,30082.44,13.25,2.22,2.01,6.58,1902.78,1904.44,1.0,1.0,-2.3,4.04,3.47,3.68,0.0,0.0,3.58,3.63,4.34,3.54,0.0,0.0,0.0,0.0,5.0,12.0,8.0,12.0,7.0,12.0,5.0,12.0,0.0,0.0,80.0,80.0,78.0,78.0,3.41,5.7,6.34,6.09,8.69,6.24,5.32,7.15,5.31,7.24,6.78,7.47,6.86,8.47,9.03,11.14,12.74,18.95,35.31,5.3,6.23,6.25,6.61,7.29,6.82,7.13,6.76,7.77,58.29,8.89,6.33,59.66,8.59,7.48,35.34,14.45,33.51,118.34,,,,0.0,0.0,0.0,0.0,0.0,0.0,4.0,0.0,1.0,0.0
True,2021/6/15 21:00:04,,3925340077982482542,Equ1,2021/6/15 20:09:10,1.0,0.0,0.0,1242.0,0.0,0.0,0.0,0.0,462.26,425.11,447.21,469.58,473.79,461.79,0.47,0.0,2.76,1.68,3.82,0.47,122.87,145.95,161.75,167.0,157.25,126.43,700.57,662.96,687.82,709.11,715.46,700.1,10701.02,53.71,0.02,29806.36,8.83,2.18,2.01,4.39,1902.63,1930.84,1.0,1.0,-2.3,4.04,3.48,3.67,0.0,0.0,3.55,3.59,4.15,3.53,0.0,0.0,0.0,0.0,5.0,12.0,8.0,12.0,7.0,12.0,5.0,12.0,0.0,0.0,81.0,81.0,78.0,79.0,3.44,5.67,6.3,6.05,8.66,6.19,5.32,7.07,5.27,7.16,6.69,7.35,6.79,8.33,8.84,10.84,12.03,16.09,19.75,33.72,6.22,6.23,6.61,7.28,6.81,7.11,6.72,7.75,58.3,8.87,6.32,59.65,8.56,7.43,34.95,14.44,33.52,118.28,,,,0.0,0.0,0.0,0.0,0.0,0.0,4.0,0.0,1.0,0.0
True,2021/6/15 21:00:04,,3925340077982482543,Equ1,2021/6/15 20:09:15,1.0,0.0,0.0,1242.0,0.0,0.0,0.0,0.0,462.26,425.11,447.21,469.58,473.79,461.79,0.41,0.0,2.65,1.5,3.7,0.41,123.12,145.66,159.9,166.41,157.62,126.32,702.67,665.12,689.87,711.09,717.5,702.2,10549.72,33.91,0.03,29732.03,13.0,2.02,2.01,6.45,1909.72,1919.63,1.0,1.0,-2.3,4.05,3.48,3.68,0.0,0.0,3.77,3.6,4.17,3.54,0.0,0.0,0.0,0.0,5.0,12.0,8.0,12.0,7.0,12.0,5.0,12.0,0.0,0.0,81.0,81.0,79.0,79.0,3.45,5.65,6.26,6.01,8.64,6.13,5.32,7.0,5.23,7.08,6.61,7.24,6.73,8.22,8.69,10.61,11.52,14.6,15.53,30.53,6.2,6.21,6.61,7.28,6.8,7.09,6.71,7.74,58.33,8.85,6.3,59.65,8.55,7.39,34.62,14.44,33.49,118.23,,,,0.0,0.0,0.0,0.0,0.0,0.0,4.0,0.0,1.0,0.0
True,2021/6/15 21:00:04,,3925340077982482544,Equ1,2021/6/15 20:09:20,1.0,0.0,0.0,1242.0,0.0,0.0,0.0,0.0,462.26,425.11,447.21,469.58,473.79,461.79,0.06,0.0,2.57,1.16,3.33,0.06,126.63,154.99,161.3,166.06,157.23,126.19,704.91,667.7,692.38,713.33,719.71,704.44,10890.27,23.84,0.05,30178.01,19.83,2.17,2.01,9.85,1910.37,1929.98,1.0,1.0,-2.29,4.06,3.49,3.69,0.0,0.0,4.34,3.26,4.15,3.51,0.0,0.0,0.0,0.0,5.0,12.0,8.0,12.0,7.0,12.0,5.0,12.0,0.0,0.0,82.0,82.0,79.0,80.0,3.49,5.62,6.22,5.98,8.61,6.05,5.32,6.93,5.2,7.01,6.54,7.14,6.67,8.11,8.54,10.39,11.12,13.65,13.45,13.03,6.19,6.19,6.61,7.28,6.79,7.08,6.68,7.72,58.32,8.83,6.3,59.66,8.54,7.34,34.37,14.48,33.45,118.2,,,,0.0,0.0,0.0,0.0,0.0,0.0,4.0,0.0,1.0,0.0
True,2021/6/15 21:00:04,,3925340077982482545,Equ1,2021/6/15 20:09:25,1.0,0.0,0.0,1242.0,0.0,0.0,0.0,0.0,462.26,425.11,447.21,469.58,473.79,461.79,0.07,0.0,2.77,1.38,3.49,0.07,127.58,156.02,166.49,167.68,158.26,127.66,706.36,669.14,694.01,714.99,721.31,705.89,11103.65,28.12,0.04,30581.51,21.53,2.78,2.01,10.71,1890.05,1917.97,1.0,1.0,-2.29,4.05,3.48,3.68,0.0,0.0,2.77,3.03,4.5,3.53,0.0,0.0,0.0,0.0,5.0,12.0,8.0,12.0,7.0,12.0,5.0,12.0,0.0,0.0,82.0,82.0,80.0,81.0,3.51,5.6,6.17,5.94,8.58,5.98,5.33,6.85,5.17,7.01,6.46,7.05,6.61,8.0,8.41,10.21,10.77,12.96,12.11,10.21,42.41,6.17,6.61,7.27,6.79,7.08,6.66,7.7,58.34,8.81,6.28,59.62,8.52,7.29,34.11,14.56,33.54,118.14,,,,0.0,0.0,0.0,0.0,0.0,0.0,4.0,0.0,1.0,0.0
True,2021/6/15 21:00:04,,3925340077982482546,Equ1,2021/6/15 20:09:30,1.0,0.0,0.0,1242.0,0.0,0.0,0.0,0.0,462.26,425.11,447.21,469.58,473.79,461.79,0.12,0.0,2.7,1.41,3.54,0.12,127.79,156.09,166.51,168.0,157.87,127.43,707.23,669.96,694.76,715.84,722.18,706.76,11103.14,27.52,0.04,30581.51,19.66,2.48,2.01,9.76,1913.34,1931.64,1.0,1.0,-2.29,4.05,3.48,3.68,0.0,0.0,5.14,5.03,4.21,3.51,0.0,0.0,0.0,0.0,5.0,12.0,8.0,12.0,7.0,12.0,5.0,12.0,0.0,0.0,83.0,83.0,80.0,81.0,3.53,5.58,6.15,5.9,8.56,5.91,5.32,6.78,5.13,6.98,6.4,6.98,6.56,7.92,8.29,10.07,10.51,12.49,11.25,9.03,19.54,6.15,6.62,7.28,6.77,7.07,6.63,7.68,58.33,8.8,6.28,59.68,8.52,7.25,33.78,14.59,33.63,118.09,,,,0.0,0.0,0.0,0.0,0.0,0.0,4.0,0.0,1.0,0.0
True,2021/6/15 21:00:04,,3925340077982482547,Equ1,2021/6/15 20:09:35,1.0,0.0,0.0,1242.0,0.0,0.0,0.0,0.0,462.26,425.11,447.21,469.58,473.79,461.79,0.12,0.0,2.67,1.28,3.47,0.12,127.0,155.12,166.8,167.22,157.05,126.58,708.23,670.96,695.74,716.71,723.11,707.76,11052.88,31.15,0.04,30475.33,16.49,2.36,2.01,8.2,1920.65,1919.34,1.0,1.0,-2.29,4.04,3.48,3.68,0.0,0.0,3.0,2.87,4.37,2.63,0.0,0.0,0.0,0.0,5.0,12.0,8.0,12.0,7.0,12.0,5.0,12.0,0.0,0.0,83.0,83.0,81.0,82.0,3.55,5.56,6.12,5.87,8.54,5.84,5.32,6.71,5.09,6.92,6.35,6.9,6.5,7.83,8.19,9.94,10.3,12.12,10.6,8.32,13.96,27.04,6.61,7.25,6.74,7.04,6.61,7.66,58.34,8.78,6.26,59.68,8.49,7.2,33.57,14.58,33.6,118.05,,,,0.0,0.0,0.0,0.0,0.0,0.0,4.0,0.0,1.0,0.0
True,2021/6/15 21:00:04,,3925340077982482548,Equ1,2021/6/15 20:09:40,1.0,0.0,0.0,1242.0,0.0,0.0,0.0,0.0,462.26,425.11,447.21,469.58,473.79,461.79,0.1,0.0,2.59,1.17,3.41,0.1,126.71,154.93,166.26,165.36,157.05,126.32,709.94,672.69,697.38,718.33,724.78,709.47,10976.98,39.07,0.03,30337.29,14.04,2.52,2.01,6.98,1906.4,1945.02,1.0,1.0,-2.3,4.03,3.48,3.68,0.0,0.0,3.55,3.89,4.2,3.6,0.0,0.0,0.0,0.0,5.0,12.0,8.0,12.0,7.0,12.0,5.0,12.0,0.0,0.0,84.0,84.0,81.0,82.0,3.57,5.53,6.09,5.84,8.51,5.78,5.33,6.65,5.06,6.86,6.3,6.94,6.44,7.75,8.1,9.81,10.1,11.8,10.06,7.84,11.77,15.61,41.25,7.25,6.71,7.03,6.59,7.64,58.34,8.76,6.26,59.69,8.46,7.2,33.38,14.58,33.59,118.02,,,,0.0,0.0,0.0,0.0,0.0,0.0,4.0,0.0,1.0,0.0
True,2021/6/15 21:00:04,,3925340077982482549,Equ1,2021/6/15 20:09:45,1.0,0.0,0.0,1242.0,0.0,0.0,0.0,0.0,462.26,425.11,447.21,469.58,473.79,461.79,0.04,0.0,2.55,1.04,3.3,0.05,127.07,155.32,166.67,166.51,157.64,126.63,711.8,674.61,699.26,720.11,726.59,711.33,11014.93,27.41,0.04,30507.18,17.32,2.18,2.01,8.6,1897.06,1945.82,1.0,1.0,-2.29,4.04,3.48,3.68,0.0,0.0,3.69,3.62,4.38,2.99,0.0,0.0,0.0,0.0,5.0,12.0,8.0,12.0,7.0,12.0,5.0,12.0,0.0,0.0,84.0,84.0,82.0,83.0,3.59,5.52,6.06,5.81,8.5,5.73,5.33,6.59,5.03,6.8,6.26,6.85,6.41,7.69,8.02,9.71,9.94,11.52,9.67,7.48,10.65,12.72,30.21,7.26,6.68,7.03,6.57,7.63,58.36,8.76,6.25,59.7,8.45,7.14,33.22,14.6,33.56,118.0,,,,0.0,0.0,0.0,0.0,0.0,0.0,4.0,0.0,1.0,0.0
True,2021/6/15 21:00:04,,3925340077982482550,Equ1,2021/6/15 20:09:50,1.0,0.0,0.0,1242.0,0.0,0.0,0.0,0.0,462.26,425.11,447.21,469.58,473.79,461.79,0.0,0.19,2.85,1.1,3.3,0.0,127.46,155.56,166.45,166.52,157.58,126.58,713.37,676.41,701.18,721.79,728.2,712.9,11141.09,27.54,0.04,30443.47,18.96,2.4,2.01,9.43,1895.91,1952.19,1.0,1.0,-2.3,4.04,3.49,3.69,0.0,0.0,3.68,3.71,4.27,2.76,0.0,0.0,0.0,0.0,5.0,12.0,8.0,12.0,7.0,12.0,5.0,12.0,0.0,0.0,85.0,85.0,83.0,83.0,3.63,5.49,6.04,5.79,8.48,5.67,5.33,6.53,4.99,6.75,6.2,6.74,6.36,7.62,7.94,9.61,9.79,11.24,9.34,7.2,9.92,11.26,17.33,42.64,6.66,7.03,6.56,7.62,58.35,8.73,6.24,59.71,8.43,7.07,33.03,14.75,33.56,117.96,,,,0.0,0.0,0.0,0.0,0.0,0.0,4.0,0.0,1.0,0.0
True,2021/6/15 21:00:04,,3925340077982482551,Equ1,2021/6/15 20:09:55,1.0,0.0,0.0,1242.0,0.0,0.0,0.0,0.0,462.26,425.11,447.21,469.58,473.79,461.79,0.0,0.09,2.87,1.33,3.44,0.0,127.53,156.09,166.58,167.51,158.13,127.39,714.48,677.43,702.3,723.13,729.46,714.01,11204.18,30.42,0.04,30549.66,19.09,2.67,2.01,9.48,1918.04,1962.46,1.0,1.0,-2.31,4.04,3.49,3.68,0.0,0.0,3.54,3.62,4.32,2.79,0.0,0.0,0.0,0.0,5.0,12.0,8.0,12.0,7.0,12.0,5.0,12.0,0.0,0.0,85.0,85.0,83.0,84.0,3.64,5.47,6.01,5.76,8.46,5.61,5.35,6.48,4.97,6.7,6.16,6.69,6.31,7.55,7.88,9.53,9.65,11.02,9.07,6.98,9.41,10.34,14.14,42.92,6.65,7.03,6.54,7.6,58.37,8.72,6.23,59.71,8.41,7.03,32.76,14.85,33.67,117.9,,,,0.0,0.0,0.0,0.0,0.0,0.0,4.0,0.0,1.0,0.0
True,2021/6/15 21:00:04,,3925340077982482552,Equ1,2021/6/15 20:10:05,1.0,0.0,0.0,1242.0,0.0,0.0,0.0,0.0,462.26,425.11,447.21,469.58,473.79,461.79,0.0,0.05,2.71,1.14,3.37,0.0,127.0,155.57,166.49,167.0,157.88,126.85,716.02,678.91,703.68,724.47,730.92,715.55,11103.14,36.24,0.03,30443.47,13.63,2.27,2.01,6.77,1912.54,1950.88,1.0,1.0,-2.32,4.04,3.48,3.68,0.0,0.0,3.58,3.61,4.46,4.81,0.0,0.0,0.0,0.0,5.0,12.0,8.0,12.0,7.0,12.0,5.0,12.0,0.0,0.0,86.0,86.0,84.0,85.0,3.68,5.43,5.96,5.72,8.43,5.49,5.34,6.39,4.92,6.61,6.1,6.63,6.25,7.51,7.78,9.39,9.43,10.68,8.66,6.67,8.73,9.29,11.46,12.65,40.44,7.01,6.5,7.58,58.37,8.7,6.22,59.72,8.37,6.98,32.17,14.85,33.76,117.78,,,,0.0,0.0,0.0,0.0,0.0,0.0,3.0,0.0,1.0,0.0
True,2021/6/15 21:00:04,,3925340077982482553,Equ1,2021/6/15 20:10:10,1.0,0.0,0.0,1242.0,0.0,0.0,0.0,0.0,462.26,425.11,447.21,469.58,473.79,461.79,0.0,0.02,2.67,1.13,3.41,0.0,127.37,155.5,166.19,166.38,157.02,125.74,717.86,680.73,705.48,726.31,732.8,717.39,11014.93,38.49,0.03,30337.29,14.38,2.54,2.01,7.14,1919.42,1970.05,1.0,1.0,-2.32,4.04,3.49,3.69,0.0,0.0,3.75,3.67,4.28,3.49,0.0,0.0,0.0,0.0,5.0,12.0,8.0,12.0,7.0,12.0,5.0,12.0,0.0,0.0,87.0,87.0,84.0,85.0,3.7,5.42,5.95,5.71,8.43,5.45,5.35,6.34,4.9,6.57,6.06,6.59,6.22,7.5,7.74,9.33,9.33,10.52,8.46,6.53,8.47,8.91,10.7,11.37,22.67,7.02,6.49,7.57,58.39,8.7,6.22,59.75,8.36,6.96,31.92,14.84,33.75,117.74,,,,0.0,0.0,0.0,0.0,0.0,0.0,3.0,0.0,1.0,0.0
True,2021/6/15 21:00:04,,3925340077982482554,Equ1,2021/6/15 20:10:15,1.0,0.0,0.0,1242.0,0.0,0.0,0.0,0.0,462.26,425.11,447.21,469.58,473.79,461.79,0.0,0.03,2.62,0.99,3.31,0.0,127.44,155.38,166.49,166.91,157.1,126.46,719.81,682.69,707.38,728.12,734.65,719.34,11027.75,29.35,0.04,30411.62,16.1,2.17,2.02,7.99,1919.63,1985.75,1.0,1.0,-2.32,4.05,3.49,3.69,0.0,0.0,3.56,3.64,4.27,4.82,0.0,0.0,0.0,0.0,5.0,12.0,8.0,12.0,7.0,12.0,5.0,12.0,0.0,0.0,88.0,88.0,85.0,86.0,3.75,5.4,5.94,5.69,8.4,5.38,5.34,6.29,4.88,6.53,6.02,6.55,6.19,7.44,7.63,9.26,9.22,10.35,8.29,6.42,8.25,8.61,10.12,10.62,14.8,49.13,6.46,7.55,58.37,8.68,6.21,59.75,8.33,6.92,31.74,14.83,33.72,117.71,,,,0.0,0.0,0.0,0.0,0.0,0.0,3.0,0.0,1.0,0.0
True,2021/6/15 21:00:04,,3925340077982482555,Equ1,2021/6/15 20:10:20,1.0,0.0,0.0,1242.0,0.0,0.0,0.0,0.0,462.26,425.11,447.21,469.58,473.79,461.79,0.0,0.25,2.89,1.07,3.34,0.0,126.5,155.03,166.04,165.81,157.48,126.62,721.56,684.67,709.4,729.95,736.44,721.09,11115.96,27.23,0.04,30337.29,20.13,2.52,2.01,10.01,1911.82,1954.64,1.0,1.0,-2.32,4.05,3.5,3.69,0.0,0.0,3.78,3.63,4.28,3.37,0.0,0.0,0.0,0.0,5.0,12.0,8.0,12.0,7.0,12.0,5.0,12.0,0.0,0.0,88.0,88.0,85.0,86.0,3.75,5.38,5.93,5.7,8.4,5.32,5.35,6.25,4.86,6.49,5.99,6.5,6.15,7.4,7.64,9.21,9.14,10.21,8.14,6.32,8.08,8.34,9.7,10.1,12.29,17.59,6.45,7.54,58.38,8.67,6.2,59.75,8.3,6.89,31.57,14.92,33.72,117.68,,,,0.0,0.0,0.0,0.0,0.0,0.0,3.0,0.0,1.0,0.0
True,2021/6/15 21:00:04,,3925340077982482556,Equ1,2021/6/15 20:10:25,1.0,0.0,0.0,1242.0,0.0,0.0,0.0,0.0,462.26,425.11,447.21,469.58,473.79,461.79,0.0,0.09,2.87,1.28,3.5,0.0,127.33,156.11,166.52,167.39,157.9,126.91,722.73,685.68,710.55,731.34,737.77,722.27,11141.09,29.92,0.04,30507.18,19.98,2.75,2.01,9.93,1937.21,1965.86,1.0,1.0,-2.32,4.05,3.5,3.7,0.0,0.0,3.36,3.74,4.32,4.46,0.0,0.0,0.0,0.0,5.0,12.0,8.0,12.0,7.0,12.0,5.0,12.0,0.0,0.0,89.0,89.0,86.0,87.0,3.79,5.38,5.9,5.69,8.44,5.26,5.34,6.2,4.84,6.45,5.95,6.46,6.12,7.34,7.63,9.23,9.05,10.09,8.01,6.23,7.92,8.14,9.37,9.76,11.1,13.76,52.02,7.52,58.38,8.66,6.2,59.74,8.28,6.86,31.3,15.02,33.83,117.62,,,,0.0,0.0,0.0,0.0,0.0,0.0,3.0,0.0,1.0,0.0
True,2021/6/15 21:00:04,,3925340077982482557,Equ1,2021/6/15 20:10:30,1.0,0.0,0.0,1242.0,0.0,0.0,0.0,0.0,462.26,425.11,447.21,469.58,473.79,461.79,0.0,0.0,2.74,1.23,3.48,0.0,127.39,155.92,167.85,167.59,157.54,126.75,723.73,686.58,711.42,732.27,738.74,723.26,11065.19,31.57,0.04,30581.52,16.6,2.4,2.01,8.24,1903.5,1951.75,1.0,1.0,-2.32,4.05,3.49,3.69,0.0,0.0,2.3,3.94,4.29,3.53,0.0,0.0,0.0,0.0,5.0,12.0,8.0,12.0,7.0,12.0,5.0,12.0,0.0,0.0,89.0,89.0,87.0,87.0,3.8,5.36,5.89,5.68,8.44,5.21,5.35,6.16,4.81,6.41,5.91,6.42,6.09,7.3,7.62,9.1,8.96,9.98,7.89,6.15,7.79,7.97,9.09,9.49,10.39,12.22,16.23,7.51,58.38,8.65,6.19,59.74,8.26,6.83,30.96,15.01,33.89,117.54,,,,0.0,0.0,0.0,0.0,0.0,0.0,3.0,0.0,1.0,0.0
True,2021/6/15 21:00:04,,3925340077982482558,Equ1,2021/6/15 20:10:35,1.0,0.0,0.0,1242.0,0.0,0.0,0.0,0.0,462.26,425.11,447.21,469.58,473.79,461.79,0.0,0.02,2.69,1.09,3.41,0.0,127.68,155.9,166.71,167.42,157.93,126.81,724.68,687.55,712.32,733.08,739.61,724.21,11078.01,37.87,0.03,30539.04,13.73,2.39,2.01,6.82,1919.99,1928.31,1.0,1.0,-2.32,4.05,3.49,3.68,0.0,0.0,3.21,4.25,4.41,3.81,0.0,0.0,0.0,0.0,5.0,12.0,8.0,12.0,7.0,12.0,5.0,12.0,0.0,0.0,90.0,90.0,87.0,88.0,3.83,5.35,5.87,5.66,8.42,5.14,5.35,6.12,4.79,6.38,5.88,6.38,6.06,7.27,7.58,9.06,8.86,9.88,7.77,6.08,7.67,7.82,8.86,9.31,9.88,11.27,12.44,47.78,58.39,8.63,6.17,59.74,8.23,6.8,30.74,15.01,33.91,117.5,,,,0.0,0.0,0.0,0.0,0.0,0.0,3.0,0.0,1.0,0.0
True,2021/6/15 21:00:04,,3925340077982482559,Equ1,2021/6/15 20:10:40,1.0,0.0,0.0,1242.0,0.0,0.0,0.0,0.0,462.26,425.11,447.21,469.58,473.79,461.79,0.02,0.0,2.65,1.05,3.43,0.02,127.27,155.27,166.23,166.0,157.12,126.35,726.23,689.07,713.81,734.59,741.17,725.76,11002.11,37.53,0.03,30337.29,13.55,2.33,2.01,6.73,1914.79,1984.45,1.0,1.0,-2.32,4.04,3.49,3.69,0.0,0.0,3.06,7.02,4.28,3.53,0.0,0.0,0.0,0.0,5.0,12.0,8.0,12.0,7.0,12.0,5.0,12.0,0.0,0.0,90.0,90.0,88.0,88.0,3.84,5.33,5.86,5.64,8.4,5.1,5.35,6.08,4.77,6.35,5.86,6.34,6.04,7.23,7.55,9.0,8.79,9.79,7.66,6.01,7.56,7.68,8.67,9.16,9.51,10.65,11.01,47.67,58.39,8.63,6.17,59.75,8.21,6.78,30.54,15.0,33.91,117.47,,,,0.0,0.0,0.0,0.0,0.0,0.0,3.0,0.0,1.0,0.0
True,2021/6/15 21:00:04,,3925340077982482560,Equ1,2021/6/15 20:10:45,1.0,0.0,0.0,1242.0,0.0,0.0,0.0,0.0,462.26,425.11,447.21,469.58,473.79,461.79,0.0,0.05,2.67,0.93,3.35,0.0,127.14,155.05,166.54,165.87,157.51,126.61,727.97,690.88,715.59,736.22,742.86,727.5,11027.75,30.41,0.04,30432.85,15.28,2.13,2.01,7.59,1924.26,1959.06,1.0,1.0,-2.32,4.05,3.48,3.69,0.0,0.0,4.09,3.19,4.37,3.51,0.0,0.0,0.0,0.0,5.0,12.0,8.0,12.0,7.0,12.0,5.0,12.0,0.0,0.0,91.0,91.0,88.0,89.0,3.88,5.32,5.84,5.62,8.39,5.06,5.34,6.04,4.75,6.31,5.82,6.3,6.02,7.19,7.52,8.95,8.7,9.69,7.57,5.95,7.47,7.56,8.5,9.02,9.21,10.2,10.17,44.78,62.04,8.62,6.16,59.73,8.18,6.76,30.39,15.01,33.87,117.45,,,,0.0,0.0,0.0,0.0,0.0,0.0,3.0,0.0,1.0,0.0
True,2021/6/15 21:00:04,,3925340077982482561,Equ1,2021/6/15 20:10:50,1.0,0.0,0.0,1242.0,0.0,0.0,0.0,0.0,462.26,425.11,447.21,469.58,473.79,461.79,0.0,0.19,2.85,1.04,3.4,0.0,127.66,155.95,167.33,166.62,157.77,127.08,729.77,692.81,717.57,738.12,744.7,729.3,11166.23,27.72,0.04,30539.04,19.25,2.45,2.01,9.57,1901.48,2000.0,1.0,1.0,-2.32,4.05,3.49,3.69,0.0,0.0,3.57,3.29,3.75,3.51,0.0,0.0,0.0,0.0,5.0,12.0,8.0,12.0,7.0,12.0,5.0,12.0,0.0,0.0,91.0,91.0,89.0,90.0,3.9,5.31,5.82,5.61,8.38,5.03,5.35,6.0,4.73,6.28,5.8,6.27,6.0,7.15,7.5,8.9,8.65,9.61,7.48,5.89,7.37,7.45,8.34,8.9,8.93,9.84,9.57,34.3,66.48,8.62,6.15,59.74,8.17,6.74,30.21,15.09,33.89,117.42,,,,0.0,0.0,0.0,0.0,0.0,0.0,3.0,0.0,1.0,0.0
True,2021/6/15 21:00:04,,3925340077982482562,Equ1,2021/6/15 20:10:55,1.0,0.0,0.0,1242.0,0.0,0.0,0.0,0.0,462.26,425.11,447.21,469.58,473.79,461.79,0.0,0.07,2.81,1.2,3.53,0.0,127.43,156.21,166.54,167.72,157.9,126.92,730.66,693.58,718.42,739.18,745.72,730.19,11128.28,32.75,0.04,30507.18,17.92,2.7,2.01,8.91,1896.63,1959.93,1.0,1.0,-2.32,4.04,3.49,3.69,0.0,0.0,3.81,3.33,4.42,3.84,0.0,0.0,0.0,0.0,5.0,12.0,8.0,12.0,7.0,12.0,5.0,12.0,0.0,0.0,92.0,92.0,89.0,90.0,3.92,5.3,5.8,5.59,8.36,5.01,5.35,5.96,4.72,6.25,5.76,6.23,5.98,7.12,7.47,8.85,8.63,9.53,7.41,5.84,7.3,7.37,8.22,8.81,8.72,9.57,9.17,17.13,65.74,51.04,6.15,59.73,8.14,6.71,29.93,15.16,34.06,117.35,,,,0.0,0.0,0.0,0.0,0.0,0.0,3.0,0.0,1.0,0.0
True,2021/6/15 21:00:04,,3925340077982482563,Equ1,2021/6/15 20:11:00,1.0,0.0,0.0,1242.0,0.0,0.0,0.0,0.0,462.26,425.11,447.21,469.58,473.79,461.79,0.0,0.02,2.63,1.07,3.49,0.0,127.62,156.21,167.27,167.09,157.91,127.11,731.75,694.62,719.34,740.15,746.77,731.28,11040.06,33.26,0.04,30507.18,15.88,2.43,2.01,7.89,1924.48,2000.0,1.0,1.0,-2.32,4.04,3.49,3.69,0.0,0.0,3.55,3.58,3.59,3.52,0.0,0.0,0.0,0.0,5.0,12.0,8.0,12.0,7.0,12.0,5.0,12.0,0.0,0.0,92.0,92.0,90.0,91.0,3.94,5.29,5.79,5.57,8.34,4.97,5.35,5.93,4.7,6.23,5.73,6.2,5.95,7.09,7.44,8.82,8.55,9.46,7.35,5.79,7.23,7.29,8.12,8.73,8.52,9.33,8.82,13.58,65.73,28.32,6.13,59.73,8.12,6.7,29.58,15.15,34.11,117.27,,,,0.0,0.0,0.0,0.0,0.0,0.0,3.0,0.0,1.0,0.0
True,2021/6/15 21:00:04,,3925340077982482564,Equ1,2021/6/15 20:11:05,1.0,0.0,0.0,1242.0,0.0,0.0,0.0,0.0,462.26,425.11,447.21,469.58,473.79,461.79,0.04,0.0,2.7,1.13,3.53,0.04,127.14,155.58,166.44,167.69,157.74,126.76,732.75,695.57,720.37,741.16,747.78,732.28,11040.06,40.5,0.03,30517.8,12.99,2.42,2.01,6.46,1896.48,1934.1,1.0,1.0,-2.32,4.04,3.48,3.69,0.0,0.0,3.86,3.65,3.8,3.59,0.0,0.0,0.0,0.0,5.0,12.0,8.0,12.0,7.0,12.0,5.0,12.0,0.0,0.0,93.0,93.0,90.0,91.0,3.96,5.28,5.78,5.56,8.34,4.93,5.36,5.9,4.68,6.19,5.7,6.17,5.93,7.07,7.41,8.78,8.49,9.39,7.29,5.75,7.18,7.21,8.01,8.66,8.36,9.16,8.55,12.2,65.72,21.18,42.05,59.7,8.09,6.68,29.34,15.15,34.11,117.24,,,,0.0,0.0,0.0,0.0,0.0,0.0,3.0,0.0,1.0,0.0
True,2021/6/15 21:00:04,,3925340077982482565,Equ1,2021/6/15 20:11:10,1.0,0.0,0.0,1242.0,0.0,0.0,0.0,0.0,462.26,425.11,447.21,469.58,473.79,461.79,0.11,0.0,2.65,1.08,3.56,0.11,127.49,155.96,167.07,166.94,157.44,126.62,734.13,696.87,721.62,742.42,749.11,733.66,10951.85,39.9,0.03,30475.33,12.25,2.24,2.02,6.08,1888.17,1938.66,1.0,1.0,-2.32,4.04,3.49,3.69,0.0,0.0,3.55,3.64,4.42,4.82,0.0,0.0,0.0,0.0,5.0,12.0,8.0,12.0,7.0,12.0,5.0,12.0,0.0,0.0,94.0,93.0,91.0,92.0,3.99,5.27,5.76,5.55,8.33,4.9,5.36,5.87,4.66,6.16,5.68,6.15,5.91,7.04,7.38,8.74,8.43,9.32,7.22,5.72,7.12,7.15,7.93,8.59,8.21,9.0,8.33,11.39,65.7,18.11,15.84,59.72,8.08,6.66,29.14,15.14,34.12,117.2,,,,0.0,0.0,0.0,0.0,0.0,0.0,3.0,0.0,1.0,0.0
True,2021/6/15 21:00:04,,3925340077982482566,Equ1,2021/6/15 20:11:15,1.0,0.0,0.0,1242.0,0.0,0.0,0.0,0.0,462.26,425.11,447.21,469.58,473.79,461.79,0.01,0.0,2.61,0.91,3.43,0.01,126.68,154.89,165.44,165.41,156.71,125.74,735.78,698.62,723.34,744.01,750.73,735.31,10863.63,29.7,0.04,30305.43,15.4,2.1,2.01,7.65,1912.83,1932.58,1.0,1.0,-2.32,4.04,3.5,3.7,0.0,0.0,3.67,3.64,4.38,3.73,0.0,0.0,0.0,0.0,5.0,12.0,8.0,12.0,7.0,12.0,5.0,12.0,0.0,0.0,94.0,94.0,91.0,92.0,4.0,5.27,5.76,5.54,8.31,4.87,5.36,5.84,4.66,6.15,5.66,6.12,5.9,7.02,7.36,8.72,8.39,9.28,7.16,5.69,7.07,7.1,7.86,8.55,8.11,8.89,8.18,10.94,65.69,16.6,12.42,59.97,8.07,6.64,28.99,15.15,34.08,117.18,,,,0.0,0.0,0.0,0.0,0.0,0.0,3.0,0.0,1.0,0.0
True,2021/6/15 21:00:04,,3925340077982482567,Equ1,2021/6/15 20:11:20,1.0,0.0,0.0,1242.0,0.0,0.0,0.0,0.0,462.26,425.11,447.21,469.58,473.79,461.79,0.0,0.12,2.84,1.0,3.45,0.0,127.72,156.12,166.41,167.13,157.88,127.29,737.42,700.39,725.21,745.74,752.4,736.95,11103.14,28.44,0.04,30507.18,18.32,2.39,2.01,9.1,1910.73,1955.51,1.0,1.0,-2.32,4.05,3.5,3.7,0.0,0.0,3.57,3.63,3.82,3.57,0.0,0.0,0.0,0.0,5.0,12.0,8.0,12.0,7.0,12.0,5.0,12.0,0.0,0.0,95.0,94.0,92.0,93.0,4.04,5.26,5.74,5.53,8.3,4.83,5.36,5.81,4.66,6.12,5.64,6.09,5.89,6.99,7.34,8.69,8.33,9.22,7.1,5.64,7.02,7.04,7.79,8.5,7.99,8.76,8.01,10.49,65.7,15.28,10.72,60.09,8.06,6.63,28.8,15.24,34.1,117.14,,,,0.0,0.0,0.0,0.0,0.0,0.0,3.0,0.0,1.0,0.0
True,2021/6/15 21:00:04,,3925340077982482568,Equ1,2021/6/15 20:11:25,1.0,0.0,0.0,1242.0,0.0,0.0,0.0,0.0,462.26,425.11,447.21,469.58,473.79,461.79,0.0,0.05,2.81,1.15,3.56,0.0,127.58,156.09,167.36,167.32,158.09,126.97,738.27,701.17,726.03,746.73,753.36,737.8,11115.96,31.5,0.04,30539.04,17.12,2.48,2.01,8.51,1904.3,1852.21,1.0,1.0,-2.32,4.05,3.5,3.7,0.0,0.0,3.84,4.22,4.48,3.74,0.0,0.0,0.0,0.0,5.0,12.0,8.0,12.0,7.0,12.0,5.0,12.0,0.0,0.0,95.0,95.0,92.0,93.0,4.05,5.25,5.73,5.51,8.29,4.79,5.36,5.78,4.64,6.09,5.61,6.06,5.87,6.97,7.31,8.65,8.27,9.17,7.04,5.6,6.97,7.01,7.72,8.45,7.88,8.65,7.86,10.14,65.69,14.42,9.88,60.03,51.48,6.61,28.56,15.3,34.2,117.09,,,,0.0,0.0,0.0,0.0,0.0,0.0,3.0,0.0,1.0,0.0
True,2021/6/15 21:00:04,,3925340077982482569,Equ1,2021/6/15 20:11:30,1.0,0.0,0.0,1242.0,0.0,0.0,0.0,0.0,462.26,425.11,447.21,469.58,473.79,461.79,0.03,0.0,2.71,1.08,3.56,0.03,127.39,156.09,166.7,167.59,158.13,126.85,739.23,702.06,726.87,747.61,754.3,738.76,10976.98,31.45,0.04,30581.51,15.64,2.26,2.01,7.77,1921.95,1939.96,1.0,1.0,-2.32,4.05,3.5,3.7,0.0,0.0,2.98,3.64,8.02,3.08,0.0,0.0,0.0,0.0,5.0,12.0,8.0,12.0,7.0,12.0,5.0,12.0,0.0,0.0,96.0,95.0,93.0,94.0,4.08,5.24,5.72,5.5,8.28,4.76,5.36,5.75,4.62,6.09,5.61,6.04,5.85,6.94,7.3,8.63,8.23,9.13,7.0,5.57,6.94,6.96,7.65,8.41,7.78,8.54,7.74,9.87,65.68,13.75,9.33,60.03,27.33,6.6,28.31,15.28,34.24,117.05,,,,0.0,0.0,0.0,0.0,0.0,0.0,3.0,0.0,1.0,0.0
True,2021/6/15 21:00:04,,3925340077982482570,Equ1,2021/6/15 20:11:35,1.0,0.0,0.0,1242.0,0.0,0.0,0.0,0.0,462.26,425.11,447.21,469.58,473.79,461.79,0.0,0.01,2.71,1.02,3.49,0.0,127.62,156.09,166.61,168.04,158.01,127.13,740.06,702.92,727.71,748.4,755.08,739.59,10989.79,40.73,0.03,30581.51,12.12,2.27,2.01,6.02,1914.64,1963.61,1.0,1.0,-2.32,4.05,3.49,3.7,0.0,0.0,3.04,3.96,4.37,3.65,0.0,0.0,0.0,0.0,5.0,12.0,8.0,12.0,7.0,12.0,5.0,12.0,0.0,0.0,96.0,96.0,93.0,94.0,4.09,5.23,5.71,5.48,8.26,4.73,5.36,5.72,4.61,6.07,5.58,6.05,5.83,6.92,7.27,8.6,8.18,9.07,6.94,5.54,6.9,6.93,7.72,8.36,7.69,8.45,7.63,9.64,65.68,13.22,8.95,60.02,18.28,45.82,28.14,15.28,34.24,117.02,,,,0.0,0.0,0.0,0.0,0.0,0.0,3.0,0.0,1.0,0.0
True,2021/6/15 21:00:04,,3925340077982482571,Equ1,2021/6/15 20:11:40,1.0,0.0,0.0,1242.0,0.0,0.0,0.0,0.0,462.26,425.11,447.21,469.58,473.79,461.79,0.09,0.0,2.7,1.05,3.59,0.09,127.76,155.27,166.72,166.91,157.12,126.33,741.66,704.41,729.22,749.93,756.68,741.19,10863.63,39.74,0.03,30443.47,12.44,2.27,2.01,6.18,1905.09,1943.07,1.0,1.0,-2.32,4.05,3.5,3.7,0.0,0.0,3.2,3.65,6.25,5.07,0.0,0.0,0.0,0.0,5.0,12.0,8.0,12.0,7.0,12.0,5.0,12.0,0.0,0.0,97.0,97.0,94.0,95.0,4.13,5.23,5.69,5.47,8.26,4.7,5.35,5.69,4.6,6.05,5.57,6.03,5.82,6.9,7.25,8.57,8.14,9.02,6.89,5.51,6.86,6.91,7.58,8.34,7.62,8.39,7.52,9.44,65.68,12.76,8.66,60.02,15.3,22.09,27.96,15.28,34.23,116.99,,,,0.0,0.0,0.0,0.0,0.0,0.0,3.0,0.0,1.0,0.0
True,2021/6/15 21:00:04,,3925340077982482572,Equ1,2021/6/15 20:11:45,1.0,0.0,0.0,1242.0,0.0,0.0,0.0,0.0,462.26,425.11,447.21,469.58,473.79,461.79,0.0,0.03,2.65,0.86,3.45,0.0,127.75,155.54,166.8,166.29,157.64,126.62,743.67,706.55,731.28,751.85,758.65,743.2,10914.4,30.29,0.04,30496.56,15.8,2.2,2.01,7.86,1896.05,1943.72,1.0,1.0,-2.32,4.05,3.5,3.7,0.0,0.0,4.33,3.87,3.95,3.36,0.0,0.0,0.0,0.0,5.0,12.0,8.0,12.0,7.0,12.0,5.0,12.0,0.0,0.0,97.0,97.0,94.0,95.0,4.13,39.76,5.68,5.46,8.24,4.67,5.36,5.67,4.58,6.02,5.54,5.96,5.71,6.88,7.22,8.55,8.1,8.99,6.83,5.48,6.82,6.86,7.49,8.28,7.53,8.3,7.42,9.28,65.67,12.41,8.4,60.01,13.8,16.14,27.82,15.28,34.19,116.97,,,,0.0,0.0,0.0,0.0,0.0,0.0,3.0,0.0,1.0,0.0
True,2021/6/15 21:00:04,,3925340077982482573,Equ1,2021/6/15 20:11:50,1.0,0.0,0.0,1242.0,0.0,0.0,0.0,0.0,462.26,425.11,447.21,469.58,473.79,461.79,0.0,0.1,2.79,0.98,3.48,0.0,127.14,155.7,166.8,166.33,157.31,126.78,745.24,708.19,732.98,753.54,760.25,744.77,11115.96,27.27,0.04,30401.0,18.75,2.35,2.01,9.31,1899.96,1942.71,1.0,1.0,-2.32,4.04,3.49,3.7,0.0,0.0,3.32,3.91,3.95,3.21,0.0,0.0,0.0,0.0,5.0,12.0,8.0,12.0,7.0,12.0,5.0,12.0,0.0,0.0,98.0,98.0,95.0,96.0,4.18,12.96,5.66,5.45,8.24,4.65,5.36,5.64,4.57,6.0,5.53,5.95,5.89,6.85,7.21,8.52,8.07,8.94,6.79,5.46,6.78,6.83,7.46,8.27,7.47,8.24,7.33,9.13,65.67,12.1,8.2,60.01,12.79,13.57,27.68,15.34,34.22,116.94,,,,0.0,0.0,0.0,0.0,0.0,0.0,3.0,0.0,1.0,0.0
True,2021/6/15 21:00:04,,3925340077982482574,Equ1,2021/6/15 20:11:55,1.0,0.0,0.0,1242.0,0.0,0.0,0.0,0.0,462.26,425.11,447.21,469.58,473.79,461.79,0.05,0.0,2.75,1.14,3.64,0.05,127.21,155.9,166.67,167.61,157.34,126.52,746.3,709.1,733.95,754.71,761.42,745.83,11014.93,27.34,0.04,30475.33,18.86,2.37,2.02,9.36,1913.7,1931.5,1.0,1.0,-2.32,4.04,3.49,3.7,0.0,0.0,3.42,2.77,5.24,3.52,0.0,0.0,0.0,0.0,5.0,12.0,8.0,12.0,7.0,12.0,5.0,12.0,0.0,0.0,98.0,98.0,95.0,96.0,4.18,8.98,37.63,5.43,8.22,4.61,5.35,5.61,4.56,5.98,5.51,5.94,5.87,7.05,7.19,8.51,8.03,8.9,6.75,5.43,6.76,6.8,7.41,8.24,7.37,8.18,7.25,9.0,65.67,11.87,8.04,60.01,12.17,12.31,27.5,15.36,34.35,116.9,,,,0.0,0.0,0.0,0.0,0.0,0.0,3.0,0.0,1.0,0.0
True,2021/6/15 21:00:04,,3925340077982482575,Equ1,2021/6/15 20:12:00,1.0,0.0,0.0,1242.0,0.0,0.0,0.0,0.0,462.26,425.11,447.21,469.58,473.79,461.79,0.1,0.0,2.71,1.07,3.64,0.1,127.72,155.87,166.36,167.48,157.96,126.9,747.47,710.22,735.04,755.76,762.55,747.0,11065.19,30.78,0.04,30549.66,16.76,2.37,2.01,8.33,1907.19,1941.7,1.0,1.0,-2.32,4.03,3.49,3.69,0.0,0.0,3.45,3.48,4.08,3.9,0.0,0.0,0.0,0.0,5.0,12.0,8.0,12.0,7.0,12.0,5.0,12.0,0.0,0.0,99.0,99.0,96.0,97.0,4.22,7.91,15.8,5.43,8.22,4.59,5.36,5.59,4.55,5.96,5.5,5.91,5.85,6.99,7.18,8.49,8.0,8.85,6.71,5.41,6.72,6.76,7.37,8.22,7.48,8.12,7.18,8.88,65.67,11.64,7.89,60.01,11.63,11.35,27.27,15.36,34.36,116.87,,,,0.0,0.0,0.0,0.0,0.0,0.0,3.0,0.0,1.0,0.0
True,2021/6/15 21:00:04,,3925340077982482576,Equ1,2021/6/15 20:12:05,1.0,0.0,0.0,1242.0,0.0,0.0,0.0,0.0,462.26,425.11,447.21,469.58,473.79,461.79,0.06,0.0,2.69,0.99,3.57,0.06,127.52,156.03,166.62,167.22,157.91,127.14,748.55,711.34,736.13,756.8,763.59,748.08,10976.98,38.5,0.03,30539.04,13.22,2.34,2.01,6.57,1914.79,1939.96,1.0,1.0,-2.32,4.04,3.49,3.69,0.0,0.0,3.56,2.92,4.45,3.53,0.0,0.0,0.0,0.0,5.0,12.0,8.0,12.0,7.0,12.0,5.0,12.0,0.0,0.0,99.0,99.0,96.0,97.0,4.22,7.36,11.54,47.38,8.2,4.57,5.36,5.57,4.53,5.94,5.48,5.89,5.82,6.96,7.15,8.46,7.97,8.82,6.67,5.38,6.68,6.72,7.33,8.19,7.41,8.09,7.11,8.77,65.66,11.44,7.76,60.0,11.22,10.71,27.12,15.36,34.35,116.84,,,,0.0,0.0,0.0,0.0,0.0,0.0,3.0,0.0,1.0,0.0
True,2021/6/15 21:00:04,,3925340077982482577,Equ1,2021/6/15 20:12:10,1.0,0.0,0.0,1242.0,0.0,0.0,0.0,0.0,462.26,425.11,447.21,469.58,473.79,461.79,0.11,0.0,2.7,1.0,3.62,0.11,127.2,155.05,166.64,166.62,156.87,126.4,750.21,712.96,737.76,758.42,765.26,749.74,10901.58,35.13,0.03,30411.62,14.49,2.34,2.01,7.2,1913.05,1926.36,1.0,1.0,-2.32,4.04,3.49,3.7,0.0,0.0,3.87,3.74,4.77,3.49,0.0,0.0,0.0,0.0,5.0,12.0,8.0,12.0,7.0,12.0,5.0,12.0,0.0,0.0,100.0,100.0,97.0,98.0,4.26,7.02,10.06,14.96,8.21,4.55,5.35,5.54,4.52,5.92,5.47,5.88,5.8,6.92,7.15,8.45,7.94,8.78,6.63,5.36,6.66,6.69,7.3,8.18,7.34,8.02,7.05,8.67,65.66,11.26,7.66,60.0,10.88,10.2,26.98,15.35,34.35,116.82,,,,0.0,0.0,0.0,0.0,0.0,0.0,3.0,0.0,1.0,0.0
True,2021/6/15 21:00:04,,3925340077982482578,Equ1,2021/6/15 20:12:15,1.0,0.0,0.0,1242.0,0.0,0.0,0.0,0.0,462.26,425.11,447.21,469.58,473.79,461.79,0.0,0.05,2.72,0.87,3.5,0.0,127.26,155.58,166.54,166.1,157.13,126.22,752.01,714.91,739.69,760.2,767.04,751.54,10977.48,27.4,0.04,30369.14,18.13,2.28,2.01,9.01,1912.62,1960.58,1.0,1.0,-2.32,4.05,3.5,3.7,0.0,0.0,3.56,3.7,4.28,3.52,0.0,0.0,0.0,0.0,5.0,12.0,6.0,12.0,6.0,12.0,5.0,12.0,0.0,0.0,101.0,100.0,97.0,99.0,4.29,6.78,9.23,10.72,51.05,4.52,5.36,5.52,4.5,5.9,5.45,5.86,5.79,6.9,7.13,8.43,7.91,8.74,6.59,5.34,6.63,6.66,7.26,8.15,7.27,7.99,7.07,8.59,65.65,11.11,7.58,59.99,10.61,9.81,26.86,15.37,34.31,116.8,,,,0.0,0.0,0.0,0.0,0.0,0.0,3.0,0.0,1.0,0.0
True,2021/6/15 21:00:04,,3925340077982482579,Equ1,2021/6/15 20:12:20,1.0,0.0,0.0,1242.0,0.0,0.0,0.0,0.0,462.26,425.11,447.21,469.58,473.79,461.79,0.0,0.12,2.9,1.04,3.58,0.0,127.4,156.11,166.77,167.72,157.88,127.1,753.16,716.13,741.0,761.51,768.27,752.69,11229.31,29.53,0.04,30549.66,17.95,2.44,2.01,8.92,1913.27,1944.16,1.0,1.0,-2.32,4.05,3.51,3.71,0.0,0.0,3.67,3.47,4.19,3.76,0.0,0.0,0.0,0.0,5.0,12.0,6.0,12.0,6.0,12.0,5.0,12.0,0.0,0.0,101.0,101.0,98.0,99.0,4.31,6.59,8.68,9.32,23.95,4.51,5.36,5.5,4.5,5.89,5.43,5.84,5.78,6.86,7.12,8.41,7.89,8.72,6.56,5.32,6.6,6.64,7.22,8.13,7.2,7.97,6.99,8.52,65.65,10.96,7.49,59.99,10.38,9.5,26.71,15.48,34.37,116.78,,,,0.0,0.0,0.0,0.0,0.0,0.0,3.0,0.0,1.0,0.0
True,2021/6/15 21:00:04,,3925340077982482580,Equ1,2021/6/15 20:12:30,1.0,0.0,0.0,1242.0,0.0,0.0,0.0,0.0,462.26,425.11,447.21,469.58,473.79,461.79,0.13,0.0,2.72,1.06,3.71,0.13,127.71,155.95,166.77,166.96,157.93,127.11,754.84,717.56,742.39,763.09,769.96,754.37,10989.79,35.02,0.03,30539.04,13.96,2.25,2.01,6.94,1901.19,1925.71,1.0,1.0,-2.32,4.05,3.5,3.7,0.0,0.0,3.86,4.14,5.56,3.76,0.0,0.0,0.0,0.0,5.0,12.0,6.0,12.0,6.0,12.0,5.0,12.0,0.0,0.0,102.0,102.0,99.0,100.0,4.35,6.36,8.05,8.24,13.7,46.8,5.36,5.46,4.47,5.86,5.41,5.82,5.75,6.82,7.08,8.39,7.83,8.66,6.5,5.3,6.56,6.59,7.18,8.1,7.1,7.92,6.88,8.4,65.65,10.75,7.39,59.99,10.06,9.07,26.28,15.48,34.52,116.69,,,,0.0,0.0,0.0,0.0,0.0,0.0,3.0,0.0,1.0,0.0
True,2021/6/15 21:00:04,,3925340077982482581,Equ1,2021/6/15 20:12:35,1.0,0.0,0.0,1242.0,0.0,0.0,0.0,0.0,462.26,425.11,447.21,469.58,473.79,461.79,0.1,0.0,2.71,0.97,3.65,0.1,126.95,155.63,166.71,166.91,157.35,126.53,755.98,718.73,743.54,764.16,771.06,755.51,10951.84,38.82,0.03,30475.33,12.14,2.16,2.01,6.03,1908.06,1923.32,1.0,1.0,-2.32,4.04,3.5,3.71,0.0,0.0,2.37,3.69,4.54,3.52,0.0,0.0,0.0,0.0,5.0,12.0,6.0,12.0,6.0,12.0,5.0,12.0,0.0,0.0,103.0,102.0,99.0,101.0,4.37,6.26,7.8,7.89,12.44,12.82,5.35,5.44,4.46,5.84,5.39,5.8,5.73,6.81,7.07,8.37,7.82,8.62,6.47,5.28,6.53,6.56,7.15,8.11,7.05,7.89,6.83,8.36,65.65,10.64,7.33,59.99,9.9,8.87,26.1,15.47,34.51,116.66,,,,0.0,0.0,0.0,0.0,0.0,0.0,3.0,0.0,1.0,0.0
True,2021/6/15 21:00:04,,3925340077982482582,Equ1,2021/6/15 20:12:40,1.0,0.0,0.0,1242.0,0.0,0.0,0.0,0.0,462.26,425.11,447.21,469.58,473.79,461.79,0.06,0.0,2.68,0.89,3.61,0.06,127.33,155.19,166.39,165.94,157.51,126.52,757.82,720.61,745.38,765.97,772.9,757.35,10863.63,31.59,0.04,30475.33,15.02,2.18,2.01,7.46,1889.54,1915.36,1.0,1.0,-2.32,4.04,3.51,3.72,0.0,0.0,3.23,3.86,4.81,3.74,0.0,0.0,0.0,0.0,5.0,12.0,6.0,12.0,6.0,12.0,5.0,12.0,0.0,0.0,103.0,103.0,100.0,101.0,4.39,6.18,7.59,7.61,11.74,9.79,5.36,5.42,4.46,5.83,5.39,5.79,5.73,6.79,7.06,8.37,7.8,8.59,6.45,5.26,6.51,6.54,7.12,8.08,7.01,7.86,6.8,8.29,65.67,10.54,7.28,60.0,9.77,8.71,25.94,15.47,34.5,116.63,,,,0.0,0.0,0.0,0.0,0.0,0.0,3.0,0.0,1.0,0.0
True,2021/6/15 21:00:04,,3925340077982482583,Equ1,2021/6/15 20:12:45,1.0,0.0,0.0,1242.0,0.0,0.0,0.0,0.0,462.26,425.11,447.21,469.58,473.79,461.79,0.0,0.02,2.72,0.81,3.53,0.0,127.23,155.92,166.26,166.93,157.58,126.85,759.49,722.36,747.16,767.62,774.55,759.02,10989.8,28.09,0.04,30443.47,17.27,2.23,2.01,8.58,1917.32,1921.37,1.0,1.0,-2.32,4.04,3.52,3.72,0.0,0.0,3.18,3.69,4.27,3.63,0.0,0.0,0.0,0.0,5.0,12.0,6.0,12.0,6.0,12.0,5.0,12.0,0.0,0.0,104.0,103.0,100.0,102.0,4.42,6.11,7.42,7.4,11.24,8.49,5.35,20.73,4.45,5.82,5.38,5.78,5.72,6.77,7.04,8.36,7.77,8.56,6.4,5.24,6.49,6.51,7.1,8.07,6.97,7.84,6.75,8.22,65.66,10.43,7.23,60.0,9.66,8.55,25.81,15.49,34.48,116.62,,,,0.0,0.0,0.0,0.0,0.0,0.0,3.0,0.0,1.0,0.0
True,2021/6/15 21:00:04,,3925340077982482584,Equ1,2021/6/15 20:12:50,1.0,0.0,0.0,1242.0,0.0,0.0,0.0,0.0,462.26,425.11,447.21,469.58,473.79,461.79,0.0,0.17,2.93,0.99,3.62,0.0,127.36,156.42,166.96,167.71,158.39,126.9,760.45,723.47,748.33,768.75,775.6,759.98,11179.04,27.69,0.04,30549.66,17.43,2.22,2.01,8.66,1910.73,1932.36,1.0,1.0,-2.32,4.04,3.52,3.72,0.0,0.0,3.01,4.12,4.16,3.99,0.0,0.0,0.0,0.0,5.0,12.0,6.0,12.0,6.0,12.0,5.0,12.0,0.0,0.0,104.0,104.0,101.0,102.0,4.44,6.05,7.28,7.22,10.87,7.79,5.35,27.33,4.44,5.82,5.36,5.77,5.71,6.75,7.03,8.34,7.75,8.52,6.41,5.23,6.47,6.49,7.07,8.06,6.94,7.81,6.71,8.15,65.65,10.37,7.19,59.99,9.55,8.41,25.67,15.59,34.51,116.59,,,,0.0,0.0,0.0,0.0,0.0,0.0,3.0,0.0,1.0,0.0
True,2021/6/15 21:00:04,,3925340077982482585,Equ1,2021/6/15 20:12:55,1.0,0.0,0.0,1242.0,0.0,0.0,0.0,0.0,462.26,425.11,447.21,469.58,473.79,461.79,0.01,0.0,2.81,1.06,3.74,0.01,127.52,155.93,166.65,167.43,157.97,126.82,760.99,723.83,748.75,769.37,776.25,760.52,11014.93,31.99,0.04,30539.04,15.53,2.28,2.01,7.71,1907.26,1940.32,1.0,1.0,-2.32,4.03,3.53,3.73,0.0,0.0,4.16,3.71,4.39,3.26,0.0,0.0,0.0,0.0,5.0,12.0,6.0,12.0,6.0,12.0,5.0,12.0,0.0,0.0,105.0,105.0,101.0,103.0,4.47,6.0,7.16,7.07,10.6,7.33,5.35,16.9,39.05,5.79,5.35,5.75,5.69,6.72,7.01,8.33,7.71,8.5,6.39,5.25,6.45,6.46,7.05,8.04,6.93,7.79,6.68,8.1,65.65,10.3,7.14,59.97,9.44,8.3,25.42,15.61,34.66,116.54,,,,0.0,0.0,0.0,0.0,0.0,0.0,3.0,0.0,1.0,0.0
True,2021/6/15 21:00:04,,3925340077982482586,Equ1,2021/6/15 20:13:00,1.0,0.0,0.0,1242.0,0.0,0.0,0.0,0.0,462.26,425.11,447.21,469.58,473.79,461.79,0.04,0.0,2.78,0.99,3.68,0.04,127.14,155.89,166.7,167.53,157.64,126.78,762.2,725.01,749.89,770.46,777.37,761.73,11040.06,38.73,0.03,30549.66,12.68,2.26,2.01,6.3,1897.57,1958.55,1.0,1.0,-2.32,4.06,3.48,3.68,0.0,0.0,3.55,3.91,4.3,3.52,0.0,0.0,0.0,0.0,5.0,12.0,6.0,12.0,6.0,12.0,5.0,12.0,0.0,0.0,105.0,105.0,102.0,103.0,4.48,5.94,7.05,6.93,10.37,6.98,5.35,13.53,16.86,5.78,5.35,5.75,5.68,6.7,7.0,8.32,7.69,8.47,6.38,5.22,6.43,6.45,7.03,8.03,6.91,7.77,6.64,8.05,65.66,10.23,7.12,59.98,9.36,8.2,25.18,15.61,34.65,116.49,,,,0.0,0.0,0.0,0.0,0.0,0.0,3.0,0.0,1.0,0.0
True,2021/6/15 21:00:04,,3925340077982482587,Equ1,2021/6/15 20:13:05,1.0,0.0,0.0,1242.0,0.0,0.0,0.0,0.0,462.26,425.11,447.21,469.58,473.79,461.79,0.09,0.0,2.74,0.96,3.69,0.09,127.72,156.19,166.45,167.51,157.7,127.07,763.23,725.99,750.83,771.41,778.36,762.76,10976.98,44.16,0.03,30549.66,10.49,2.13,2.01,5.21,1904.08,1941.19,1.0,1.0,-2.32,4.06,3.48,3.69,0.0,0.0,3.7,3.1,4.28,3.02,0.0,0.0,0.0,0.0,5.0,12.0,6.0,12.0,6.0,12.0,5.0,12.0,0.0,0.0,106.0,106.0,102.0,104.0,4.51,5.89,6.96,6.82,10.17,6.68,5.35,11.9,9.62,38.47,5.34,5.73,5.68,6.69,6.99,8.3,7.67,8.44,6.35,5.21,6.44,6.42,7.01,8.03,6.9,7.73,6.61,8.0,65.65,10.15,7.13,59.91,9.32,8.1,25.01,15.6,34.65,116.47,,,,0.0,0.0,0.0,0.0,0.0,0.0,3.0,0.0,1.0,0.0
True,2021/6/15 21:00:04,,3925340077982482588,Equ1,2021/6/15 20:13:10,1.0,0.0,0.0,1242.0,0.0,0.0,0.0,0.0,462.26,425.11,447.21,469.58,473.79,461.79,0.07,0.0,2.69,0.84,3.64,0.07,127.26,155.14,166.41,165.86,156.81,125.78,765.08,727.86,752.65,773.17,780.19,764.61,10863.63,33.46,0.04,30337.29,13.93,2.14,2.01,6.92,1925.56,1923.76,1.0,1.0,-2.32,4.06,3.48,3.69,0.0,0.0,3.59,2.84,4.46,3.56,0.0,0.0,0.0,0.0,5.0,12.0,6.0,12.0,6.0,12.0,5.0,12.0,0.0,0.0,106.0,106.0,103.0,104.0,4.52,5.84,6.88,6.72,10.0,6.46,5.35,10.8,8.01,43.4,5.33,5.73,5.67,6.68,6.98,8.3,7.66,8.42,6.34,5.2,6.46,6.41,6.99,8.01,6.88,7.71,6.58,7.96,65.67,10.09,7.09,59.91,9.27,8.01,24.85,15.6,34.63,116.44,,,,0.0,0.0,0.0,0.0,0.0,0.0,3.0,0.0,1.0,0.0
True,2021/6/15 21:00:04,,3925340077982482589,Equ1,2021/6/15 20:13:15,1.0,0.0,0.0,1242.0,0.0,0.0,0.0,0.0,462.26,425.11,447.21,469.58,473.79,461.79,0.0,0.11,2.81,0.79,3.55,0.0,127.43,155.41,166.67,166.42,157.61,126.62,766.74,729.7,754.49,774.85,781.82,766.27,11103.14,26.69,0.04,30432.85,17.93,2.2,2.01,8.91,1901.69,1939.24,1.0,1.0,-2.32,4.06,3.48,3.69,0.0,0.0,3.85,3.49,4.27,3.6,0.0,0.0,0.0,0.0,5.0,12.0,6.0,12.0,6.0,12.0,5.0,12.0,0.0,0.0,107.0,107.0,103.0,105.0,4.56,5.8,6.79,6.63,9.87,6.27,5.35,10.1,7.33,16.67,5.32,5.72,5.66,6.66,6.97,8.28,7.64,8.4,6.31,5.19,6.45,6.39,6.97,8.01,6.87,7.69,6.55,7.92,65.66,10.02,7.07,59.97,9.17,7.93,24.7,15.66,34.61,116.42,,,,0.0,0.0,0.0,0.0,0.0,0.0,3.0,0.0,1.0,0.0
True,2021/6/15 21:00:04,,3925340077982482590,Equ1,2021/6/15 20:13:20,1.0,0.0,0.0,1242.0,0.0,0.0,0.0,0.0,462.26,425.11,447.21,469.58,473.79,461.79,0.0,0.11,2.93,0.96,3.68,0.0,127.24,155.66,167.61,167.3,157.49,127.08,768.02,730.98,755.91,776.3,783.23,767.55,11254.44,28.68,0.04,30507.18,18.16,2.39,2.01,9.03,1899.96,1967.16,1.0,1.0,-2.32,4.05,3.48,3.68,0.0,0.0,3.56,3.11,4.24,3.52,0.0,0.0,0.0,0.0,5.0,12.0,6.0,12.0,6.0,12.0,5.0,12.0,0.0,0.0,108.0,107.0,104.0,105.0,4.58,5.77,6.72,6.55,9.74,6.11,5.35,9.51,6.85,12.59,45.86,5.71,5.64,6.64,6.96,8.28,7.62,8.37,6.28,5.17,6.42,6.37,6.96,7.99,6.86,7.67,6.51,7.88,65.66,9.95,7.03,59.95,9.07,7.85,24.51,15.74,34.6,116.38,,,,0.0,0.0,0.0,0.0,0.0,0.0,3.0,0.0,1.0,0.0
True,2021/6/15 21:00:04,,3925340077982482591,Equ1,2021/6/15 20:13:25,1.0,0.0,0.0,1242.0,0.0,0.0,0.0,0.0,462.26,425.11,447.21,469.58,473.79,461.79,0.08,0.0,2.84,1.08,3.83,0.08,127.49,155.83,167.38,167.46,157.55,126.52,769.22,732.0,756.94,777.54,784.51,768.75,11115.46,31.36,0.04,30507.18,17.44,2.51,2.01,8.66,1897.43,1941.12,1.0,1.0,-2.32,4.05,3.47,3.67,0.0,0.0,3.82,4.1,4.26,3.9,0.0,0.0,0.0,0.0,5.0,12.0,6.0,12.0,6.0,12.0,5.0,12.0,0.0,0.0,108.0,108.0,104.0,106.0,4.6,5.74,6.67,6.47,9.64,5.97,5.35,9.07,6.53,11.04,19.16,5.71,5.64,6.63,6.96,8.26,7.61,8.36,6.27,5.17,6.41,6.37,6.93,7.99,6.85,7.66,6.48,7.84,65.66,9.91,7.0,59.99,9.02,7.78,24.18,15.77,34.84,116.31,,,,0.0,0.0,0.0,0.0,0.0,0.0,3.0,0.0,1.0,0.0
True,2021/6/15 21:00:04,,3925340077982482592,Equ1,2021/6/15 20:13:30,1.0,0.0,0.0,1242.0,0.0,0.0,0.0,0.0,462.26,425.11,447.21,469.58,473.79,461.79,0.08,0.0,2.79,0.98,3.78,0.08,127.34,155.79,166.78,167.65,157.47,126.78,770.4,733.18,758.07,778.62,785.64,769.93,11078.01,32.08,0.04,30517.8,15.71,2.31,2.01,7.8,1914.86,1950.52,1.0,1.0,-2.32,4.04,3.47,3.67,0.0,0.0,5.76,3.65,4.52,3.51,0.0,0.0,0.0,0.0,5.0,12.0,6.0,12.0,6.0,12.0,5.0,12.0,0.0,0.0,109.0,108.0,105.0,106.0,4.62,5.7,6.61,6.4,9.54,5.86,5.35,8.7,6.29,10.13,13.14,43.11,5.62,6.61,6.93,8.25,7.59,8.34,6.24,5.15,6.39,6.34,7.07,7.97,6.85,7.63,6.45,7.8,65.65,9.86,6.97,59.98,8.96,7.82,23.9,15.76,34.84,116.25,,,,0.0,0.0,0.0,0.0,0.0,0.0,3.0,0.0,1.0,0.0
True,2021/6/15 21:00:04,,3925340077982482593,Equ1,2021/6/15 20:13:35,1.0,0.0,0.0,1242.0,0.0,0.0,0.0,0.0,462.26,425.11,447.21,469.58,473.79,461.79,0.13,0.0,2.76,0.94,3.78,0.13,126.36,155.24,166.49,166.38,156.9,125.98,771.92,734.65,759.5,780.06,787.1,771.45,11040.06,34.15,0.04,30337.29,14.71,2.31,2.01,7.3,1906.18,1944.23,1.0,1.0,-2.32,4.04,3.46,3.67,0.0,0.0,3.6,3.47,4.27,3.78,0.0,0.0,0.0,0.0,5.0,12.0,6.0,12.0,6.0,12.0,5.0,12.0,0.0,0.0,109.0,109.0,105.0,107.0,4.64,5.68,6.57,6.34,9.46,5.75,5.35,8.41,6.09,9.5,11.04,17.99,5.62,6.6,6.94,8.24,7.58,8.32,6.22,5.14,6.38,6.32,6.91,7.97,6.84,7.6,6.42,7.75,65.65,9.8,6.95,59.99,8.9,7.69,23.68,15.75,34.83,116.21,,,,0.0,0.0,0.0,0.0,0.0,0.0,3.0,0.0,1.0,0.0
True,2021/6/15 21:00:04,,3925340077982482594,Equ1,2021/6/15 20:13:40,1.0,0.0,0.0,1242.0,0.0,0.0,0.0,0.0,462.26,425.11,447.21,469.58,473.79,461.79,0.12,0.0,2.7,0.84,3.72,0.12,126.52,154.72,165.65,165.83,156.93,125.85,773.65,736.39,761.18,781.69,788.79,773.18,10913.89,29.76,0.04,30337.29,17.69,2.42,2.01,8.79,1902.7,1958.41,1.0,1.0,-2.32,4.04,3.47,3.67,0.0,0.0,3.26,3.61,4.21,3.5,0.0,0.0,0.0,0.0,5.0,12.0,6.0,12.0,6.0,12.0,5.0,12.0,0.0,0.0,110.0,109.0,106.0,107.0,4.66,5.6,6.53,6.3,9.39,5.68,5.35,8.2,5.96,9.11,10.14,14.34,40.91,6.59,6.92,8.24,7.57,8.32,6.2,5.13,6.37,6.3,6.88,7.96,6.83,7.58,6.39,7.73,65.66,9.76,6.93,59.98,8.85,7.63,23.5,15.74,34.82,116.18,,,,0.0,0.0,0.0,0.0,0.0,0.0,3.0,0.0,1.0,0.0
True,2021/6/15 21:00:04,,3925340077982482595,Equ1,2021/6/15 20:13:45,1.0,0.0,0.0,1242.0,0.0,0.0,0.0,0.0,462.26,425.11,447.21,469.58,473.79,461.79,0.0,0.07,2.8,0.71,3.62,0.0,127.44,155.54,166.78,166.42,157.84,127.17,775.4,738.32,763.15,783.43,790.55,774.93,11166.23,25.91,0.05,30432.85,19.55,2.33,2.01,9.71,1914.64,1929.25,1.0,1.0,-2.32,4.04,3.47,3.67,0.0,0.0,2.8,3.76,4.27,3.86,0.0,0.0,0.0,0.0,5.0,12.0,6.0,12.0,6.0,12.0,5.0,12.0,0.0,0.0,110.0,110.0,106.0,108.0,4.69,5.73,6.48,6.24,9.33,5.58,5.35,7.96,5.82,8.73,9.4,12.2,13.25,6.58,6.92,8.23,7.56,8.3,6.19,5.12,6.35,6.29,6.88,7.96,6.82,7.56,6.37,7.7,65.66,9.71,6.92,60.0,8.8,7.58,23.33,15.79,34.8,116.15,,,,0.0,0.0,0.0,0.0,0.0,0.0,3.0,0.0,1.0,0.0
True,2021/6/15 21:00:04,,3925340077982482596,Equ1,2021/6/15 20:13:50,1.0,0.0,0.0,1242.0,0.0,0.0,0.0,0.0,462.26,425.11,447.21,469.58,473.79,461.79,0.0,0.11,2.91,0.87,3.69,0.0,128.05,156.47,166.96,167.35,157.9,127.36,776.6,739.56,764.46,784.79,791.81,776.13,11254.44,28.3,0.04,30539.04,19.45,2.53,2.01,9.67,1892.87,1934.32,1.0,1.0,-2.32,4.03,3.46,3.67,0.0,0.0,5.16,3.64,4.29,3.51,0.0,0.0,0.0,0.0,5.0,12.0,6.0,12.0,6.0,12.0,5.0,12.0,0.0,0.0,111.0,110.0,107.0,109.0,4.72,5.7,6.79,6.2,9.25,5.5,5.34,7.75,5.72,8.44,8.88,11.0,10.17,33.88,6.9,8.22,7.54,8.28,6.16,5.1,6.34,6.27,6.86,7.95,6.9,7.53,6.33,7.66,65.65,9.66,6.89,60.0,8.74,7.52,23.11,15.89,34.84,116.11,,,,0.0,0.0,0.0,0.0,0.0,0.0,3.0,0.0,1.0,0.0
True,2021/6/15 21:00:04,,3925340077982482597,Equ1,2021/6/15 20:13:55,1.0,0.0,0.0,1242.0,0.0,0.0,0.0,0.0,462.26,425.11,447.21,469.58,473.79,461.79,0.09,0.0,2.82,0.98,3.84,0.09,127.71,156.18,166.77,167.25,157.61,127.33,777.43,740.19,765.11,785.64,792.71,776.96,11166.23,31.32,0.04,30539.04,17.04,2.45,2.01,8.46,1913.7,1937.65,1.0,1.0,-2.32,4.03,3.46,3.66,0.0,0.0,2.92,3.62,4.28,3.6,0.0,0.0,0.0,0.0,5.0,12.0,6.0,12.0,6.0,12.0,5.0,12.0,0.0,0.0,111.0,111.0,107.0,109.0,4.73,5.67,6.67,6.15,9.19,5.43,5.34,7.59,5.64,8.19,8.47,10.16,8.96,15.77,47.17,8.21,7.53,8.26,6.15,5.09,6.32,6.26,6.86,7.95,6.94,7.48,6.31,7.63,65.66,9.62,6.87,60.0,8.68,7.48,22.76,15.9,35.01,116.03,,,,0.0,0.0,0.0,0.0,0.0,0.0,3.0,0.0,1.0,0.0
True,2021/6/15 21:00:04,,3925340077982482598,Equ1,2021/6/15 20:14:00,1.0,0.0,0.0,1242.0,0.0,0.0,0.0,0.0,462.26,425.11,447.21,469.58,473.79,461.79,0.08,0.0,2.78,0.9,3.8,0.08,127.68,156.08,166.72,167.74,158.15,127.26,778.28,741.05,765.94,786.42,793.53,777.81,11103.14,38.17,0.03,30581.51,13.15,2.31,2.01,6.53,1920.79,1930.27,1.0,1.0,-2.32,4.02,3.46,3.66,0.0,0.0,3.7,3.65,4.39,3.88,0.0,0.0,0.0,0.0,5.0,12.0,6.0,12.0,6.0,12.0,5.0,12.0,0.0,0.0,112.0,112.0,108.0,110.0,4.77,5.64,6.61,6.11,9.14,5.36,5.35,7.42,5.55,7.98,8.17,9.59,8.31,12.47,39.28,8.2,7.52,8.25,6.13,5.08,6.3,6.25,6.85,7.95,6.9,7.4,6.28,7.6,65.66,9.58,6.86,60.0,8.63,7.42,22.47,15.9,35.01,115.97,,,,0.0,0.0,0.0,0.0,0.0,0.0,3.0,0.0,1.0,0.0
True,2021/6/15 21:00:04,,3925340077982482599,Equ1,2021/6/15 20:14:05,1.0,0.0,0.0,1242.0,0.0,0.0,0.0,0.0,462.26,425.11,447.21,469.58,473.79,461.79,0.14,0.0,2.74,0.85,3.79,0.14,127.16,154.93,165.83,166.57,156.97,126.06,779.56,742.27,767.11,787.59,794.74,779.09,11040.06,42.91,0.03,30411.62,11.16,2.2,2.01,5.54,1916.45,1924.7,1.0,1.0,-2.32,4.03,3.47,3.67,0.0,0.0,3.61,3.94,4.27,3.77,0.0,0.0,0.0,0.0,5.0,12.0,6.0,12.0,6.0,12.0,5.0,12.0,0.0,0.0,112.0,112.0,109.0,110.0,4.78,5.61,6.56,6.09,9.09,5.31,5.34,7.28,5.47,7.81,7.93,9.16,7.93,11.13,14.14,8.2,7.52,8.23,6.11,5.07,6.29,6.23,6.85,7.93,6.88,7.44,6.26,7.58,65.65,9.53,6.83,60.0,8.58,7.37,22.24,15.89,35.01,115.93,,,,0.0,0.0,0.0,0.0,0.0,0.0,3.0,0.0,1.0,0.0
True,2021/6/15 21:00:04,,3925340077982482600,Equ1,2021/6/15 20:14:10,1.0,0.0,0.0,1242.0,0.0,0.0,0.0,0.0,462.26,425.11,447.21,469.58,473.79,461.79,0.11,0.0,2.66,0.7,3.72,0.11,127.62,155.25,166.77,166.84,157.18,126.56,781.73,744.48,769.24,789.65,796.88,781.26,10989.8,32.33,0.04,30475.33,15.2,2.26,2.01,7.55,1916.74,1891.13,1.0,1.0,-2.32,4.05,3.48,3.68,0.0,0.0,3.58,3.55,4.31,2.98,0.0,0.0,0.0,0.0,5.0,12.0,6.0,12.0,6.0,12.0,5.0,12.0,0.0,0.0,113.0,113.0,109.0,111.0,4.81,5.58,6.5,6.05,9.04,5.25,5.35,7.15,5.42,7.67,7.71,8.8,7.64,10.31,11.69,45.3,7.5,8.23,6.09,5.06,6.28,6.22,6.83,7.93,6.86,7.44,6.28,7.55,65.65,9.49,6.82,60.0,8.54,7.33,22.03,15.89,34.99,115.89,,,,0.0,0.0,0.0,0.0,0.0,0.0,3.0,0.0,1.0,0.0
True,2021/6/15 21:00:04,,3925340077982482601,Equ1,2021/6/15 20:14:15,1.0,0.0,0.0,1242.0,0.0,0.0,0.0,0.0,462.26,425.11,447.21,469.58,473.79,461.79,0.0,0.13,2.82,0.6,3.57,0.0,127.55,155.7,166.94,166.52,157.61,126.75,783.32,746.3,771.1,791.25,798.43,782.85,11191.36,26.47,0.05,30539.04,18.19,2.21,2.01,9.04,1874.57,1932.15,1.0,1.0,-2.32,4.06,3.48,3.69,0.0,0.0,3.56,3.91,4.31,2.9,0.0,0.0,0.0,0.0,5.0,12.0,6.0,12.0,6.0,12.0,5.0,12.0,0.0,0.0,113.0,113.0,110.0,111.0,4.83,5.56,6.45,6.01,8.99,5.2,5.35,7.04,5.35,7.53,7.54,8.51,7.43,9.77,10.72,16.92,7.49,8.22,6.08,5.05,6.26,6.21,6.83,7.93,6.85,7.44,6.22,7.52,65.65,9.44,6.81,60.0,8.48,7.29,21.85,15.97,34.97,115.86,,,,0.0,0.0,0.0,0.0,0.0,0.0,3.0,0.0,1.0,0.0
True,2021/6/15 21:00:04,,3925340077982482602,Equ1,2021/6/15 20:14:20,1.0,0.0,0.0,1242.0,0.0,0.0,0.0,0.0,462.26,425.11,447.21,469.58,473.79,461.79,0.0,0.08,2.88,0.78,3.69,0.0,127.3,155.66,166.7,167.3,157.62,126.69,784.27,747.2,772.1,792.37,799.49,783.8,11216.49,28.79,0.04,30475.33,18.02,2.38,2.01,8.95,1903.43,1915.22,1.0,1.0,-2.32,4.06,3.49,3.7,0.0,0.0,3.67,4.96,4.34,2.72,0.0,0.0,0.0,0.0,5.0,12.0,6.0,12.0,6.0,12.0,5.0,12.0,0.0,0.0,114.0,114.0,110.0,112.0,4.86,5.54,6.42,5.97,8.95,5.13,5.34,6.93,5.3,7.42,7.38,8.29,7.26,9.35,10.04,13.91,45.67,8.2,6.06,5.04,6.25,6.19,6.82,7.92,6.84,7.44,6.19,7.5,65.64,9.4,6.78,60.0,8.44,7.24,21.62,16.05,35.03,115.81,,,,0.0,0.0,0.0,0.0,0.0,0.0,3.0,0.0,1.0,0.0
True,2021/6/15 21:00:04,,3925340077982482603,Equ1,2021/6/15 20:14:25,1.0,0.0,0.0,1242.0,0.0,0.0,0.0,0.0,462.26,425.11,447.21,469.58,473.79,461.79,0.07,0.0,2.78,0.83,3.78,0.07,127.78,156.09,166.81,168.11,158.16,127.07,784.98,747.77,772.65,793.07,800.23,784.52,11103.14,31.69,0.04,30581.51,15.9,2.31,2.01,7.89,1916.81,1932.07,1.0,1.0,-2.32,4.06,3.48,3.69,0.0,0.0,3.56,2.96,3.56,3.05,0.0,0.0,0.0,0.0,5.0,12.0,6.0,12.0,6.0,12.0,5.0,12.0,0.0,0.0,115.0,114.0,111.0,112.0,4.88,5.52,6.38,5.94,8.92,5.11,5.34,6.82,5.26,7.31,7.26,8.1,7.11,9.04,9.61,12.69,18.06,20.17,6.05,5.03,6.24,6.19,6.81,7.92,6.83,7.43,6.16,7.5,65.63,9.36,6.77,60.0,8.39,7.2,21.35,16.06,35.14,115.75,,,,0.0,0.0,0.0,0.0,0.0,0.0,3.0,0.0,1.0,0.0
True,2021/6/15 21:00:04,,3925340077982482604,Equ1,2021/6/15 20:14:30,1.0,0.0,0.0,1242.0,0.0,0.0,0.0,0.0,462.26,425.11,447.21,469.58,473.79,461.79,0.03,0.0,2.74,0.74,3.72,0.03,128.08,156.28,166.77,167.77,158.07,127.14,785.67,748.49,773.33,793.7,800.89,785.2,11128.28,43.72,0.03,30581.51,11.1,2.23,2.01,5.51,1887.52,1929.25,1.0,1.0,-2.32,4.05,3.48,3.69,0.0,0.0,3.86,3.29,4.58,3.05,0.0,0.0,0.0,0.0,5.0,12.0,6.0,12.0,6.0,12.0,5.0,12.0,0.0,0.0,115.0,115.0,111.0,113.0,4.9,5.5,6.34,5.91,8.88,5.1,5.34,6.74,5.21,7.23,7.14,7.92,7.0,8.81,9.3,11.96,13.87,54.01,6.04,5.03,6.23,6.17,6.8,7.92,6.82,7.42,6.13,7.48,65.62,9.33,6.75,60.0,8.34,7.17,21.13,16.06,35.13,115.71,,,,0.0,0.0,0.0,0.0,0.0,0.0,3.0,0.0,1.0,0.0
True,2021/6/15 21:00:04,,3925340077982482605,Equ1,2021/6/15 20:14:35,1.0,0.0,0.0,1242.0,0.0,0.0,0.0,0.0,462.26,425.11,447.21,469.58,473.79,461.79,0.07,0.0,2.76,0.73,3.74,0.07,126.94,154.96,166.87,166.64,156.97,126.19,786.64,749.42,774.28,794.61,801.84,786.17,11040.06,47.17,0.03,30411.62,9.65,2.09,2.01,4.79,1923.1,1908.13,1.0,1.0,-2.32,4.04,3.48,3.68,0.0,0.0,6.61,2.97,8.31,3.5,0.0,0.0,0.0,0.0,5.0,12.0,6.0,12.0,6.0,12.0,5.0,12.0,0.0,0.0,116.0,115.0,112.0,113.0,4.92,5.47,6.31,5.88,8.85,5.06,5.33,6.66,5.17,7.15,7.03,7.78,6.9,8.61,9.05,11.42,12.42,22.76,45.77,5.02,6.22,6.16,6.78,7.91,6.82,7.41,6.11,7.46,65.58,9.28,6.74,59.99,8.3,7.14,20.95,16.05,35.13,115.67,,,,0.0,0.0,0.0,0.0,0.0,0.0,3.0,0.0,1.0,0.0
True,2021/6/15 21:00:04,,3925340077982482606,Equ1,2021/6/15 20:14:40,1.0,0.0,0.0,1242.0,0.0,0.0,0.0,0.0,462.26,425.11,447.21,469.58,473.79,461.79,0.03,0.0,2.65,0.52,3.61,0.03,127.46,155.22,166.97,166.45,157.6,126.48,788.58,751.41,776.15,796.39,803.7,788.11,10964.66,33.48,0.04,30401.0,12.94,1.99,2.01,6.43,1907.41,1890.19,1.0,1.0,-2.32,4.04,3.47,3.68,0.0,0.0,3.06,3.56,3.38,4.09,0.0,0.0,0.0,0.0,5.0,12.0,6.0,12.0,6.0,12.0,5.0,12.0,0.0,0.0,116.0,116.0,112.0,114.0,4.94,5.46,6.28,5.86,8.83,5.03,5.33,6.64,5.13,7.07,6.94,7.65,6.82,8.45,8.87,11.04,11.6,16.95,48.21,5.01,6.21,6.16,6.77,7.9,6.81,7.4,6.09,7.45,65.6,9.27,6.74,59.99,8.28,7.1,20.79,16.04,35.08,115.64,,,,0.0,0.0,0.0,0.0,0.0,0.0,3.0,0.0,1.0,0.0
True,2021/6/15 21:00:04,,3925340077982482607,Equ1,2021/6/15 20:14:45,1.0,0.0,0.0,1242.0,0.0,0.0,0.0,0.0,462.26,425.11,447.21,469.58,473.79,461.79,0.0,0.15,2.87,0.57,3.61,0.0,127.01,155.51,166.15,166.2,157.36,126.37,790.03,753.03,777.85,797.92,805.17,789.56,11179.04,26.43,0.05,30401.0,15.94,1.93,2.01,7.92,1907.91,1892.65,1.0,1.0,-2.32,4.04,3.48,3.68,0.0,0.0,3.19,3.62,4.18,3.51,0.0,0.0,0.0,0.0,5.0,12.0,6.0,12.0,6.0,12.0,5.0,12.0,0.0,0.0,117.0,116.0,113.0,114.0,4.97,5.44,6.24,5.83,8.8,4.99,5.32,6.56,5.1,7.0,6.85,7.52,6.75,8.3,8.71,10.76,11.02,14.78,20.06,5.01,6.2,6.15,6.77,7.92,6.8,7.4,6.06,7.43,65.6,9.23,6.72,59.99,8.25,7.07,20.64,16.11,35.07,115.61,,,,0.0,0.0,0.0,0.0,0.0,0.0,3.0,0.0,1.0,0.0
True,2021/6/15 21:00:04,,3925340077982482608,Equ1,2021/6/15 20:14:55,1.0,0.0,0.0,1242.0,0.0,0.0,0.0,0.0,462.26,425.11,447.21,469.58,473.79,461.79,0.0,0.01,2.75,0.65,3.68,0.0,127.72,155.8,166.51,167.56,158.23,127.07,791.7,754.55,779.4,799.66,806.91,791.23,11103.14,30.04,0.04,30581.51,15.5,2.14,2.02,7.69,1902.13,1915.8,1.0,1.0,-2.32,4.04,3.47,3.68,0.0,0.0,3.84,3.56,3.62,3.51,0.0,0.0,0.0,0.0,5.0,12.0,6.0,12.0,6.0,12.0,5.0,12.0,0.0,0.0,118.0,117.0,114.0,115.0,5.01,5.42,6.2,5.79,8.75,4.93,5.32,6.44,5.08,6.89,6.71,7.35,6.64,8.08,8.47,10.36,10.3,12.92,13.77,12.85,32.84,6.13,6.74,7.9,6.79,7.38,6.04,7.4,65.61,9.17,6.71,59.95,8.19,7.03,20.36,16.14,35.14,115.55,,,,0.0,0.0,0.0,0.0,0.0,0.0,3.0,0.0,1.0,0.0
True,2021/6/15 21:00:04,,3925340077982482609,Equ1,2021/6/15 20:15:00,1.0,0.0,0.0,1242.0,0.0,0.0,0.0,0.0,462.26,425.11,447.21,469.58,473.79,461.79,0.0,0.01,2.73,0.6,3.65,0.0,127.72,156.18,166.83,168.04,158.41,127.01,792.16,755.02,779.84,800.08,807.34,791.69,11128.28,43.44,0.03,30581.51,10.75,2.15,2.01,5.34,1901.04,1914.64,1.0,1.0,-2.32,4.04,3.48,3.68,0.0,0.0,2.95,3.52,4.36,4.16,0.0,0.0,0.0,0.0,5.0,12.0,6.0,12.0,6.0,12.0,5.0,12.0,0.0,0.0,118.0,118.0,114.0,116.0,5.03,5.4,6.17,5.76,8.72,4.9,5.32,6.37,5.05,6.93,6.65,7.26,6.59,8.0,8.37,10.2,10.03,12.33,12.34,10.22,30.53,6.12,6.73,7.91,6.78,7.37,6.01,7.38,65.61,9.13,6.71,59.94,8.17,6.98,20.26,16.14,35.14,115.53,,,,0.0,0.0,0.0,0.0,0.0,0.0,3.0,0.0,1.0,0.0
True,2021/6/15 21:00:04,,3925340077982482610,Equ1,2021/6/15 20:15:05,1.0,0.0,0.0,1242.0,0.0,0.0,0.0,0.0,462.26,425.11,447.21,469.58,473.79,461.79,0.0,0.0,2.72,0.57,3.63,0.0,126.66,155.95,167.26,167.43,157.61,126.37,792.91,755.76,780.58,800.8,808.08,792.44,11052.88,49.69,0.02,30507.18,8.88,2.03,2.01,4.41,1891.64,1918.47,1.0,1.0,-2.32,4.04,3.48,3.68,0.0,0.0,3.61,3.66,6.21,3.52,0.0,0.0,0.0,0.0,5.0,12.0,6.0,12.0,6.0,12.0,5.0,12.0,0.0,0.0,119.0,118.0,115.0,116.0,5.05,5.39,6.15,5.75,8.7,4.87,5.32,6.3,5.02,6.89,6.59,7.18,6.54,7.91,8.28,10.06,9.81,11.88,11.44,9.04,16.2,45.94,6.72,7.89,6.78,7.36,5.99,7.36,65.61,9.09,6.69,59.95,8.14,6.96,20.15,16.14,35.13,115.52,,,,0.0,0.0,0.0,0.0,0.0,0.0,3.0,0.0,1.0,0.0
True,2021/6/15 21:00:04,,3925340077982482611,Equ1,2021/6/15 20:15:10,1.0,0.0,0.0,1242.0,0.0,0.0,0.0,0.0,462.26,425.11,447.21,469.58,473.79,461.79,0.0,0.0,2.68,0.47,3.59,0.0,126.9,155.18,166.48,166.16,157.55,126.1,794.78,757.63,782.4,802.56,809.89,794.3,10964.66,34.36,0.03,30401.0,12.0,1.89,2.01,5.96,1901.19,1919.34,1.0,1.0,-2.32,4.05,3.49,3.7,0.0,0.0,3.59,3.57,3.46,3.83,0.0,0.0,0.0,0.0,5.0,12.0,6.0,12.0,6.0,12.0,5.0,12.0,0.0,0.0,119.0,119.0,115.0,117.0,5.07,5.38,6.13,5.72,8.69,4.84,5.32,6.24,5.0,6.84,6.55,7.11,6.5,7.84,8.21,9.94,9.62,11.51,10.79,8.34,12.81,26.51,6.71,7.89,6.77,7.36,5.98,7.35,65.62,9.06,6.68,59.98,8.14,6.94,20.05,16.13,35.1,115.5,,,,0.0,0.0,0.0,0.0,0.0,0.0,3.0,0.0,1.0,0.0
True,2021/6/15 21:00:04,,3925340077982482612,Equ1,2021/6/15 20:15:15,1.0,0.0,0.0,1242.0,0.0,0.0,0.0,0.0,462.26,425.11,447.21,469.58,473.79,461.79,0.0,0.18,2.93,0.57,3.68,0.0,127.39,155.87,167.22,166.91,157.51,126.58,796.33,759.36,784.21,804.22,811.54,795.86,11166.23,30.8,0.04,30507.18,14.54,2.06,2.01,7.23,1899.59,1897.93,1.0,1.0,-2.32,4.06,3.49,3.7,0.0,0.0,3.63,3.69,4.21,3.54,0.0,0.0,0.0,0.0,5.0,12.0,6.0,12.0,6.0,12.0,5.0,12.0,0.0,0.0,120.0,120.0,116.0,118.0,5.12,5.36,6.11,5.71,8.66,4.81,5.32,6.18,4.97,6.79,6.49,7.14,6.45,7.77,8.14,9.83,9.46,11.21,10.29,7.87,11.33,15.83,40.94,7.89,6.76,7.34,5.97,7.33,65.61,9.02,6.68,59.99,8.1,6.96,19.96,16.16,35.1,115.48,,,,0.0,0.0,0.0,0.0,0.0,0.0,3.0,0.0,1.0,0.0
True,2021/6/15 21:00:04,,3925340077982482613,Equ1,2021/6/15 20:15:20,1.0,0.0,0.0,1242.0,0.0,0.0,0.0,0.0,462.26,425.11,447.21,469.58,473.79,461.79,0.0,0.08,2.9,0.66,3.71,0.0,127.29,155.9,166.49,167.0,157.73,126.74,797.17,760.11,785.02,805.15,812.41,796.7,11179.04,31.84,0.04,30475.33,15.21,2.22,2.01,7.56,1909.14,1920.21,1.0,1.0,-2.32,4.05,3.49,3.69,0.0,0.0,3.61,3.73,3.7,3.53,0.0,0.0,0.0,0.0,5.0,12.0,6.0,12.0,6.0,12.0,5.0,12.0,0.0,0.0,120.0,120.0,116.0,118.0,5.12,5.36,6.09,5.69,8.65,4.79,5.32,6.13,4.95,6.75,6.44,7.05,6.42,7.71,8.09,9.75,9.32,10.95,9.9,7.51,10.45,12.96,35.47,7.88,6.75,7.35,5.96,7.32,65.64,8.99,6.67,60.0,8.08,6.92,19.86,16.21,35.17,115.46,,,,0.0,0.0,0.0,0.0,0.0,0.0,3.0,0.0,1.0,0.0
True,2021/6/15 21:00:04,,3925340077982482614,Equ1,2021/6/15 20:15:25,1.0,0.0,0.0,1242.0,0.0,0.0,0.0,0.0,462.26,425.11,447.21,469.58,473.79,461.79,0.0,0.0,2.77,0.63,3.75,0.0,127.43,156.06,166.93,168.08,158.28,126.75,797.91,760.75,785.62,805.85,813.18,797.44,11103.14,30.83,0.04,30549.66,14.7,2.08,2.01,7.3,1875.22,1909.0,1.0,1.0,-2.32,4.04,3.48,3.68,0.0,0.0,3.54,2.7,3.93,2.87,0.0,0.0,0.0,0.0,5.0,12.0,6.0,12.0,6.0,12.0,5.0,12.0,0.0,0.0,121.0,121.0,117.0,119.0,5.16,5.35,6.07,5.67,8.62,4.77,5.32,6.08,4.94,6.7,6.39,6.95,6.39,7.65,8.04,9.66,9.21,10.76,9.55,7.25,9.83,11.53,18.56,37.53,6.75,7.34,5.94,7.31,65.64,8.96,6.66,60.02,8.06,6.88,19.75,16.2,35.2,115.43,,,,0.0,0.0,0.0,0.0,0.0,0.0,3.0,0.0,1.0,0.0
True,2021/6/15 21:00:04,,3925340077982482615,Equ1,2021/6/15 20:15:30,1.0,0.0,0.0,1242.0,0.0,0.0,0.0,0.0,462.26,425.11,447.21,469.58,473.79,461.79,0.03,0.0,2.73,0.57,3.7,0.03,127.43,155.44,166.75,167.84,157.9,126.65,798.79,761.61,786.44,806.65,813.99,798.32,11103.14,39.39,0.03,30485.95,11.0,1.99,2.01,5.47,1921.73,1916.59,1.0,1.0,-2.32,4.04,3.47,3.68,0.0,0.0,3.59,3.75,4.21,3.74,0.0,0.0,0.0,0.0,5.0,12.0,6.0,12.0,6.0,12.0,5.0,12.0,0.0,0.0,122.0,121.0,117.0,119.0,5.17,5.33,6.06,5.65,8.61,4.74,5.34,6.03,4.91,6.65,6.34,6.89,6.34,7.6,7.99,9.6,9.11,10.59,9.27,7.04,9.37,10.58,14.59,43.19,6.75,7.33,5.92,7.29,65.65,8.94,6.65,60.02,8.04,6.85,19.66,16.19,35.19,115.41,,,,0.0,0.0,0.0,0.0,0.0,0.0,3.0,0.0,1.0,0.0
True,2021/6/15 21:00:04,,3925340077982482616,Equ1,2021/6/15 20:15:35,1.0,0.0,0.0,1242.0,0.0,0.0,0.0,0.0,462.26,425.11,447.21,469.58,473.79,461.79,0.03,0.0,2.69,0.48,3.67,0.03,126.36,155.41,166.36,166.46,156.55,126.09,800.12,762.95,787.74,807.9,815.3,799.65,11014.93,44.4,0.03,30305.43,10.03,2.04,2.01,4.98,1904.88,1905.09,1.0,1.0,-2.32,4.04,3.47,3.68,0.0,0.0,3.71,2.98,4.45,2.74,0.0,0.0,0.0,0.0,5.0,12.0,6.0,12.0,6.0,12.0,5.0,12.0,0.0,0.0,122.0,122.0,118.0,120.0,5.2,5.32,6.04,5.63,8.59,4.72,5.32,5.98,4.9,6.61,6.3,6.85,6.33,7.55,7.95,9.54,9.01,10.42,9.02,6.85,9.0,9.97,12.66,15.94,6.74,7.31,5.91,7.29,65.66,8.91,6.64,60.03,8.03,6.84,19.56,16.18,35.18,115.4,,,,0.0,0.0,0.0,0.0,0.0,0.0,3.0,0.0,1.0,0.0
True,2021/6/15 21:00:04,,3925340077982482617,Equ1,2021/6/15 20:15:40,1.0,0.0,0.0,1242.0,0.0,0.0,0.0,0.0,462.26,425.11,447.21,469.58,473.79,461.79,0.0,0.03,2.69,0.37,3.58,0.0,127.24,155.6,166.61,166.65,157.1,126.55,801.91,764.79,789.55,809.6,817.02,801.44,11027.75,29.66,0.04,30443.47,14.25,1.94,2.01,7.08,1898.29,1928.46,1.0,1.0,-2.32,4.04,3.48,3.69,0.0,0.0,4.91,4.06,4.15,3.31,0.0,0.0,0.0,0.0,5.0,12.0,6.0,12.0,6.0,12.0,5.0,12.0,0.0,0.0,123.0,122.0,118.0,120.0,5.21,5.31,6.0,5.61,8.58,4.69,5.34,5.93,4.87,6.56,6.26,6.8,6.28,7.58,7.91,9.48,8.93,10.27,8.84,6.7,8.72,9.47,11.52,12.99,40.62,7.3,5.89,7.27,65.67,8.88,6.63,60.03,8.01,6.82,19.48,16.18,35.15,115.38,,,,0.0,0.0,0.0,0.0,0.0,0.0,3.0,0.0,1.0,0.0
True,2021/6/15 21:00:04,,3925340077982482618,Equ1,2021/6/15 20:15:45,1.0,0.0,0.0,1242.0,0.0,0.0,0.0,0.0,462.26,425.11,447.21,469.58,473.79,461.79,0.0,0.16,2.94,0.5,3.65,0.0,127.0,155.34,167.22,166.41,157.34,126.71,803.04,766.05,790.93,810.85,818.22,802.57,11279.58,30.12,0.04,30475.33,15.55,2.15,2.01,7.73,1907.48,1917.54,1.0,1.0,-2.32,4.04,3.48,3.69,0.0,0.0,2.84,3.48,4.28,2.77,0.0,0.0,0.0,0.0,5.0,12.0,6.0,12.0,6.0,12.0,5.0,12.0,0.0,0.0,123.0,123.0,119.0,121.0,5.25,5.31,6.0,5.6,8.57,4.68,5.34,5.88,4.86,6.53,6.23,6.75,6.26,7.56,7.88,9.43,8.86,10.14,8.67,6.58,8.5,9.14,10.84,11.94,21.12,7.31,5.89,7.27,65.68,8.86,6.63,60.06,8.01,6.8,19.4,16.22,35.16,115.36,,,,0.0,0.0,0.0,0.0,0.0,0.0,3.0,0.0,1.0,0.0
True,2021/6/15 21:00:04,,3925340077982482619,Equ1,2021/6/15 20:15:50,1.0,0.0,0.0,1242.0,0.0,0.0,0.0,0.0,462.26,425.11,447.21,469.58,473.79,461.79,0.0,0.12,2.94,0.65,3.77,0.0,127.65,155.8,166.54,167.59,157.88,126.84,803.88,766.86,791.78,811.85,819.18,803.41,11267.26,31.63,0.04,30581.51,15.27,2.22,2.01,7.58,1886.5,1904.73,1.0,1.0,-2.32,4.05,3.48,3.69,0.0,0.0,3.43,3.9,4.37,3.51,0.0,0.0,0.0,0.0,5.0,12.0,6.0,12.0,6.0,12.0,5.0,12.0,0.0,0.0,124.0,123.0,119.0,121.0,5.26,5.3,5.98,5.59,8.54,4.65,5.32,5.83,4.84,6.49,6.19,6.71,6.23,7.52,7.78,9.37,8.79,10.03,8.52,6.48,8.3,8.83,10.27,11.26,14.69,49.0,5.86,7.25,65.67,8.83,6.61,60.06,7.98,6.78,19.29,16.27,35.24,115.33,,,,0.0,0.0,0.0,0.0,0.0,0.0,3.0,0.0,1.0,0.0
True,2021/6/15 21:00:04,,3925340077982482620,Equ1,2021/6/15 20:15:55,1.0,0.0,0.0,1242.0,0.0,0.0,0.0,0.0,462.26,425.11,447.21,469.58,473.79,461.79,0.0,0.04,2.78,0.56,3.74,0.0,127.56,155.92,166.44,167.65,157.8,126.88,804.55,767.44,792.29,812.43,819.82,804.08,11128.28,36.81,0.03,30507.18,12.08,2.04,2.01,6.0,1918.33,1899.31,1.0,1.0,-2.32,4.04,3.48,3.69,0.0,0.0,3.52,4.62,4.15,4.29,0.0,0.0,0.0,0.0,5.0,12.0,6.0,12.0,6.0,12.0,5.0,12.0,0.0,0.0,124.0,124.0,120.0,122.0,5.29,5.28,5.98,5.6,8.54,4.63,5.32,5.79,4.81,6.45,6.15,6.66,6.2,7.47,7.78,9.33,8.72,9.94,8.37,6.39,8.13,8.59,9.87,10.84,12.59,18.57,5.86,7.24,65.68,8.81,6.6,60.05,7.96,6.77,19.17,16.26,35.27,115.31,,,,0.0,0.0,0.0,0.0,0.0,0.0,3.0,0.0,1.0,0.0
True,2021/6/15 21:00:04,,3925340077982482621,Equ1,2021/6/15 20:16:00,1.0,0.0,0.0,1242.0,0.0,0.0,0.0,0.0,462.26,425.11,447.21,469.58,473.79,461.79,0.0,0.02,2.75,0.48,3.68,0.0,127.4,156.08,166.32,167.52,157.61,126.61,805.21,768.08,792.91,813.01,820.42,804.74,11103.14,47.61,0.03,30549.66,9.23,2.02,2.01,4.59,1921.3,1941.05,1.0,1.0,-2.32,4.04,3.48,3.68,0.0,0.0,3.58,3.66,4.27,3.52,0.0,0.0,0.0,0.0,5.0,12.0,6.0,12.0,6.0,12.0,5.0,12.0,0.0,0.0,125.0,124.0,120.0,122.0,5.3,5.27,5.96,5.59,8.58,4.61,5.32,5.75,4.79,6.41,6.12,6.61,6.17,7.43,7.77,9.38,8.67,9.84,8.23,6.31,7.99,8.38,9.52,10.4,11.43,13.99,51.35,7.22,65.67,8.78,6.59,60.05,7.94,6.74,19.09,16.26,35.26,115.28,,,,0.0,0.0,0.0,0.0,0.0,0.0,3.0,0.0,1.0,0.0
True,2021/6/15 21:00:04,,3925340077982482622,Equ1,2021/6/15 20:16:05,1.0,0.0,0.0,1242.0,0.0,0.0,0.0,0.0,462.26,425.11,447.21,469.58,473.79,461.79,0.0,0.02,2.72,0.43,3.67,0.0,126.9,155.27,166.71,166.97,156.7,126.4,805.95,768.82,793.62,813.7,821.15,805.48,11027.24,51.57,0.02,30411.62,7.94,1.88,2.01,3.94,1902.34,1908.78,1.0,1.0,-2.32,4.04,3.48,3.68,0.0,0.0,3.07,3.71,5.1,3.19,0.0,0.0,0.0,0.0,5.0,12.0,6.0,12.0,6.0,12.0,5.0,12.0,0.0,0.0,125.0,125.0,121.0,123.0,5.33,5.26,5.95,5.58,8.58,4.6,5.33,5.72,4.77,6.39,6.09,6.59,6.16,7.41,7.77,9.28,8.62,9.79,8.14,6.25,7.89,8.25,9.32,10.19,10.84,12.66,17.77,7.22,65.67,8.77,6.58,60.05,7.93,6.72,19.02,16.25,35.25,115.27,,,,0.0,0.0,0.0,0.0,0.0,0.0,3.0,0.0,1.0,0.0
True,2021/6/15 21:00:04,,3925340077982482623,Equ1,2021/6/15 20:16:10,1.0,0.0,0.0,1242.0,0.0,0.0,0.0,0.0,462.26,425.11,447.21,469.58,473.79,461.79,0.0,0.07,2.72,0.32,3.57,0.0,126.85,155.14,166.42,166.44,156.79,126.39,807.68,770.59,795.35,815.31,822.78,807.21,10989.8,30.95,0.04,30369.14,12.24,1.74,2.01,6.08,1907.62,1922.45,1.0,1.0,-2.32,4.05,3.48,3.69,0.0,0.0,3.47,3.67,4.27,3.53,0.0,0.0,0.0,0.0,5.0,12.0,6.0,12.0,6.0,12.0,5.0,12.0,0.0,0.0,126.0,125.0,121.0,123.0,5.34,5.25,5.94,5.56,8.55,4.57,5.32,5.68,4.75,6.36,6.06,6.55,6.13,7.37,7.74,9.22,8.53,9.7,8.03,6.19,7.77,8.09,9.08,9.95,10.31,11.59,12.12,46.24,65.66,8.74,6.57,60.05,7.92,6.71,18.94,16.24,35.13,115.25,,,,0.0,0.0,0.0,0.0,0.0,0.0,3.0,0.0,1.0,0.0
True,2021/6/15 21:00:04,,3925340077982482624,Equ1,2021/6/15 20:16:15,1.0,0.0,0.0,1242.0,0.0,0.0,0.0,0.0,462.26,425.11,447.21,469.58,473.79,461.79,0.0,0.2,2.97,0.48,3.68,0.0,127.14,155.76,166.28,167.23,157.55,126.61,809.1,772.16,797.03,816.91,824.32,808.64,11229.31,29.86,0.04,30475.33,14.84,2.04,2.01,7.37,1913.99,1896.99,1.0,1.0,-2.32,4.05,3.49,3.7,0.0,0.0,3.64,4.16,4.25,3.72,0.0,0.0,0.0,0.0,5.0,12.0,6.0,12.0,6.0,12.0,5.0,12.0,0.0,0.0,126.0,126.0,122.0,124.0,5.38,5.25,5.92,5.55,8.54,4.54,5.33,5.64,4.74,6.33,6.03,6.51,6.12,7.33,7.72,9.17,8.51,9.62,7.94,6.13,7.66,7.95,8.86,9.75,9.9,10.84,10.53,46.87,65.67,8.72,6.56,60.05,7.91,6.7,18.85,16.31,35.23,115.23,,,,0.0,0.0,0.0,0.0,0.0,0.0,3.0,0.0,1.0,0.0
True,2021/6/15 21:00:04,,3925340077982482625,Equ1,2021/6/15 20:16:20,1.0,0.0,0.0,1242.0,0.0,0.0,0.0,0.0,462.26,425.11,447.21,469.58,473.79,461.79,0.0,0.14,3.0,0.66,3.82,0.0,127.59,156.31,167.16,168.39,158.28,126.82,809.92,772.91,797.88,817.9,825.27,809.45,11241.63,31.6,0.04,30581.51,14.97,2.17,2.01,7.43,1901.4,1878.04,1.0,1.0,-2.32,4.05,3.48,3.69,0.0,0.0,3.57,3.68,4.33,3.53,0.0,0.0,0.0,0.0,5.0,12.0,6.0,12.0,6.0,12.0,5.0,12.0,0.0,0.0,127.0,126.0,122.0,124.0,5.39,5.23,5.9,5.53,8.51,4.53,5.33,5.6,4.72,6.3,6.0,6.47,6.1,7.29,7.69,9.12,8.45,9.55,7.87,6.08,7.58,7.83,8.69,9.58,9.56,10.35,9.6,43.66,62.38,8.7,6.55,60.03,7.89,6.68,18.71,16.38,35.35,115.19,,,,0.0,0.0,0.0,0.0,0.0,0.0,3.0,0.0,1.0,0.0
True,2021/6/15 21:00:04,,3925340077982482626,Equ1,2021/6/15 20:16:25,1.0,0.0,0.0,1242.0,0.0,0.0,0.0,0.0,462.26,425.11,447.21,469.58,473.79,461.79,0.0,0.03,2.82,0.54,3.75,0.0,127.43,155.89,166.75,168.37,158.12,126.59,810.28,773.17,798.06,818.15,825.57,809.81,11153.41,34.08,0.04,30549.66,12.57,1.97,2.01,6.24,1897.43,1906.61,1.0,1.0,-2.32,4.04,3.48,3.68,0.0,0.0,3.58,3.63,4.36,3.48,0.0,0.0,0.0,0.0,5.0,12.0,6.0,12.0,6.0,12.0,5.0,12.0,0.0,0.0,127.0,127.0,123.0,125.0,5.42,5.23,5.89,5.52,8.5,4.53,5.32,5.57,4.7,6.27,5.98,6.44,6.08,7.27,7.67,9.09,8.43,9.49,7.81,6.04,7.5,7.72,8.54,9.46,9.32,9.98,9.05,31.0,62.23,8.68,6.54,60.03,7.9,6.67,18.55,16.37,35.39,115.14,,,,0.0,0.0,0.0,0.0,0.0,0.0,3.0,0.0,1.0,0.0
True,2021/6/15 21:00:04,,3925340077982482627,Equ1,2021/6/15 20:16:30,1.0,0.0,0.0,1242.0,0.0,0.0,0.0,0.0,462.26,425.11,447.21,469.58,473.79,461.79,0.0,0.01,2.77,0.45,3.71,0.0,127.24,155.56,166.49,167.61,157.86,127.0,810.94,773.8,798.66,818.71,826.18,810.47,11078.01,50.41,0.02,30549.66,8.62,1.99,2.01,4.28,1885.99,1914.64,1.0,1.0,-2.32,4.04,3.47,3.68,0.0,0.0,3.67,3.66,4.3,3.52,0.0,0.0,0.0,0.0,5.0,12.0,6.0,12.0,6.0,12.0,5.0,12.0,0.0,0.0,128.0,128.0,123.0,126.0,5.45,5.21,5.88,5.51,8.48,4.53,5.34,5.53,4.68,6.24,5.95,6.41,6.07,7.24,7.64,9.06,8.43,9.44,7.75,6.0,7.42,7.63,8.41,9.33,9.12,9.7,8.64,16.42,62.35,51.87,6.52,60.01,7.88,6.66,18.41,16.36,35.31,115.11,,,,0.0,0.0,0.0,0.0,0.0,0.0,3.0,0.0,1.0,0.0
True,2021/6/15 21:00:04,,3925340077982482628,Equ1,2021/6/15 20:16:35,1.0,0.0,0.0,1242.0,0.0,0.0,0.0,0.0,462.26,425.11,447.21,469.58,473.79,461.79,0.01,0.0,2.69,0.35,3.66,0.01,128.04,155.66,166.41,166.65,157.31,126.45,812.37,775.21,800.0,820.03,827.55,811.9,10976.98,51.82,0.02,30401.0,8.41,2.0,2.01,4.18,1884.69,1852.43,1.0,1.0,-2.32,4.04,3.48,3.69,0.0,0.0,3.58,3.76,4.48,3.75,0.0,0.0,0.0,0.0,5.0,12.0,6.0,12.0,6.0,12.0,5.0,12.0,0.0,0.0,129.0,128.0,124.0,126.0,5.47,5.21,5.87,5.5,8.48,4.53,5.33,5.5,4.67,6.22,5.93,6.38,6.05,7.22,7.63,9.03,8.39,9.39,7.7,5.97,7.36,7.53,8.29,9.24,8.94,9.47,8.33,13.37,62.38,30.64,6.52,60.02,7.89,6.65,18.29,16.34,35.35,115.08,,,,0.0,0.0,0.0,0.0,0.0,0.0,3.0,0.0,1.0,0.0
True,2021/6/15 21:00:04,,3925340077982482629,Equ1,2021/6/15 20:16:40,1.0,0.0,0.0,1242.0,0.0,0.0,0.0,0.0,462.26,425.11,447.21,469.58,473.79,461.79,0.0,0.09,2.77,0.28,3.61,0.0,127.49,155.83,165.32,165.65,157.18,126.69,814.32,777.26,802.04,821.92,829.46,813.85,11014.93,28.59,0.04,30369.14,13.99,1.84,2.01,6.94,1888.24,1902.56,1.0,1.0,-2.32,4.06,3.49,3.7,0.0,0.0,3.7,3.0,4.31,3.33,0.0,0.0,0.0,0.0,5.0,12.0,6.0,12.0,6.0,12.0,5.0,12.0,0.0,0.0,129.0,129.0,124.0,127.0,5.49,5.2,5.86,5.48,8.45,4.53,5.34,5.47,4.65,6.19,5.9,6.35,6.04,7.19,7.6,9.0,8.34,9.33,7.64,5.94,7.29,7.45,8.18,9.15,8.78,9.27,8.05,11.93,62.39,21.68,41.28,59.99,7.87,6.63,18.18,16.36,35.28,115.06,,,,0.0,0.0,0.0,0.0,0.0,0.0,3.0,0.0,1.0,0.0
True,2021/6/15 21:00:04,,3925340077982482630,Equ1,2021/6/15 20:16:45,1.0,0.0,0.0,1242.0,0.0,0.0,0.0,0.0,462.26,425.11,447.21,469.58,473.79,461.79,0.0,0.19,2.97,0.43,3.7,0.0,127.33,155.6,167.88,167.13,157.62,127.0,815.57,778.61,803.5,823.33,830.81,815.1,11241.63,27.86,0.04,30539.04,16.51,2.11,2.01,8.21,1897.43,1910.66,1.0,1.0,-2.32,4.05,3.49,3.7,0.0,0.0,3.56,3.8,4.26,3.64,0.0,0.0,0.0,0.0,5.0,12.0,6.0,12.0,6.0,12.0,5.0,12.0,0.0,0.0,130.0,129.0,125.0,127.0,5.52,5.2,5.84,5.47,8.44,4.51,5.34,5.45,4.64,6.17,5.89,6.33,6.02,7.16,7.58,8.97,8.3,9.28,7.59,5.92,7.24,7.38,8.08,9.09,8.65,9.11,7.84,11.12,62.41,18.47,16.75,60.02,7.89,6.63,18.07,16.4,35.35,115.03,,,,0.0,0.0,0.0,0.0,0.0,0.0,3.0,0.0,1.0,0.0
True,2021/6/15 21:00:04,,3925340077982482631,Equ1,2021/6/15 20:16:50,1.0,0.0,0.0,1242.0,0.0,0.0,0.0,0.0,462.26,425.11,447.21,469.58,473.79,461.79,0.0,0.07,2.89,0.51,3.78,0.0,127.55,156.24,166.88,167.97,158.38,127.05,816.48,779.41,804.33,824.32,831.8,816.02,11191.36,29.27,0.04,30581.51,16.87,2.27,2.01,8.38,1892.14,1898.87,1.0,1.0,-2.32,4.05,3.49,3.7,0.0,0.0,3.6,5.08,4.3,2.41,0.0,0.0,0.0,0.0,5.0,12.0,6.0,12.0,6.0,12.0,5.0,12.0,0.0,0.0,130.0,130.0,125.0,128.0,5.54,5.19,5.83,5.45,8.42,4.51,5.33,5.42,4.64,6.15,5.86,6.3,6.02,7.14,7.56,8.94,8.26,9.23,7.53,5.9,7.19,7.31,8.0,9.02,8.52,8.95,7.67,10.58,62.42,16.66,12.3,60.01,7.89,6.61,17.93,16.42,35.4,115.0,,,,0.0,0.0,0.0,0.0,0.0,0.0,3.0,0.0,1.0,0.0
True,2021/6/15 21:00:04,,3925340077982482632,Equ1,2021/6/15 20:16:55,1.0,0.0,0.0,1242.0,0.0,0.0,0.0,0.0,462.26,425.11,447.21,469.58,473.79,461.79,0.0,0.0,2.77,0.43,3.75,0.0,127.05,155.79,166.28,167.0,157.97,126.49,817.22,780.07,804.94,824.96,832.5,816.75,11052.38,36.56,0.03,30443.47,13.04,2.19,2.01,6.48,1905.82,1905.67,1.0,1.0,-2.32,4.05,3.48,3.69,0.0,0.0,6.44,2.83,4.32,3.56,0.0,0.0,0.0,0.0,5.0,12.0,6.0,12.0,6.0,12.0,5.0,12.0,0.0,0.0,131.0,130.0,126.0,128.0,5.56,5.19,5.83,5.45,8.41,4.5,5.33,5.39,4.63,6.12,5.83,6.28,6.01,7.12,7.55,8.92,8.23,9.19,7.48,5.87,7.16,7.27,7.92,8.99,8.41,8.84,7.53,10.19,62.44,15.45,10.84,60.08,7.89,6.62,17.81,16.41,35.44,114.96,,,,0.0,0.0,0.0,0.0,0.0,0.0,3.0,0.0,1.0,0.0
True,2021/6/15 21:00:04,,3925340077982482633,Equ1,2021/6/15 20:17:00,1.0,0.0,0.0,1242.0,0.0,0.0,0.0,0.0,462.26,425.11,447.21,469.58,473.79,461.79,0.0,0.0,2.73,0.33,3.7,0.0,128.02,156.09,166.61,167.45,157.57,126.9,818.2,781.05,805.89,825.86,833.44,817.73,11065.19,42.58,0.03,30507.18,10.92,2.14,2.01,5.42,1877.24,1898.29,1.0,1.0,-2.32,4.04,3.48,3.68,0.0,0.0,3.7,3.21,4.29,4.39,0.0,0.0,0.0,0.0,5.0,12.0,6.0,12.0,6.0,12.0,5.0,12.0,0.0,0.0,131.0,131.0,126.0,129.0,5.58,5.17,5.82,5.43,8.4,4.48,5.34,5.37,4.61,6.1,5.81,6.25,5.99,7.1,7.52,8.9,8.21,9.16,7.43,5.84,7.14,7.25,7.85,8.91,8.32,8.73,7.4,9.88,62.45,14.53,10.03,60.03,51.94,6.6,17.71,16.4,35.42,114.94,,,,0.0,0.0,0.0,0.0,0.0,0.0,3.0,0.0,1.0,0.0
True,2021/6/15 21:00:13,,3925340114024136830,Equ1,2021/6/15 20:40:40,1.0,0.0,0.0,1242.0,0.0,0.0,0.0,0.0,462.26,425.11,447.21,469.58,473.79,461.79,0.0,0.67,3.36,0.61,3.74,0.0,111.28,125.81,130.73,154.09,130.74,93.03,821.77,785.29,810.08,829.69,837.04,821.3,6644.34,10.0,0.07,25399.65,9.34,0.43,2.02,4.62,1944.73,1952.69,1.0,1.0,-2.31,3.88,3.53,3.48,0.0,0.0,3.81,3.69,4.54,3.85,0.0,0.0,0.0,0.0,5.0,12.0,6.0,12.0,6.0,12.0,5.0,12.0,0.0,0.0,148.0,148.0,144.0,148.0,6.35,5.02,5.31,4.66,7.97,4.14,5.17,4.94,4.57,5.67,5.17,5.61,5.67,6.31,6.68,8.15,7.26,7.75,6.05,4.94,5.95,5.86,6.57,7.7,6.65,7.12,5.47,7.19,63.0,8.01,6.84,60.19,8.14,31.45,14.12,16.75,35.31,114.06,,,,0.0,0.0,0.0,0.0,0.0,0.0,3.0,1.0,1.0,0.0
True,2021/6/15 21:00:13,,3925340114024136843,Equ1,2021/6/15 20:41:45,1.0,0.0,0.0,1242.0,0.0,0.0,0.0,0.0,462.26,425.11,447.21,469.58,473.79,461.79,0.0,1.4,3.77,0.88,3.81,0.0,128.07,138.53,125.03,163.72,128.76,83.68,827.65,791.9,816.37,835.85,842.99,827.18,6960.77,10.35,0.07,26270.37,10.66,0.5,2.02,5.27,1914.86,1942.64,1.0,1.0,-2.31,3.92,3.58,3.51,0.0,0.0,3.85,3.73,4.57,3.9,0.0,0.0,0.0,0.0,5.0,12.0,6.0,12.0,6.0,12.0,5.0,12.0,0.0,0.0,148.0,148.0,144.0,148.0,6.35,16.7,5.31,4.66,7.96,4.13,5.16,4.95,4.57,5.68,5.19,5.61,5.68,6.33,6.68,8.14,7.24,7.77,6.08,4.96,5.97,5.88,6.52,7.71,6.65,7.13,5.46,7.18,63.03,8.01,6.82,60.21,8.14,9.66,14.1,17.14,35.3,114.05,,,,0.0,0.0,0.0,0.0,0.0,0.0,3.0,1.0,1.0,0.0
True,2021/6/15 21:00:13,,3925340114024136844,Equ1,2021/6/15 20:41:50,1.0,0.0,0.0,1242.0,0.0,0.0,0.0,0.0,462.26,425.11,447.21,469.58,473.79,461.79,0.0,1.89,4.05,0.86,3.85,0.0,128.18,154.51,129.28,165.58,137.25,85.53,831.06,795.8,820.06,839.24,846.44,830.59,7717.76,7.63,0.11,27310.99,23.66,0.83,2.02,11.7,1901.11,1928.96,1.0,1.0,-2.31,3.93,3.59,3.53,0.0,0.0,3.86,3.74,4.58,3.91,0.0,0.0,0.0,0.0,5.0,12.0,6.0,12.0,6.0,12.0,5.0,12.0,0.0,0.0,148.0,148.0,144.0,148.0,6.35,9.35,29.95,4.66,7.96,4.13,5.16,4.95,4.57,5.68,5.19,5.62,5.75,6.43,6.68,8.14,7.23,7.78,6.08,4.96,5.97,5.89,6.53,7.73,6.56,7.14,5.47,7.18,63.03,8.01,6.82,60.22,8.15,9.51,14.08,17.36,35.26,114.05,,,,0.0,0.0,0.0,0.0,0.0,0.0,3.0,1.0,1.0,0.0
True,2021/6/15 21:00:13,,3925340114024136845,Equ1,2021/6/15 20:41:55,1.0,0.0,0.0,1242.0,0.0,0.0,0.0,0.0,462.26,425.11,447.21,469.58,473.79,461.79,0.0,2.02,4.17,0.82,3.9,0.0,128.21,158.0,134.9,166.65,144.27,87.85,834.6,799.47,823.72,842.74,850.03,834.13,8335.78,7.16,0.13,27926.87,31.98,1.05,2.02,15.8,1942.2,1960.07,1.0,1.0,-2.31,3.95,3.59,3.54,0.0,0.0,3.87,3.75,4.59,3.92,0.0,0.0,0.0,0.0,5.0,12.0,6.0,12.0,6.0,12.0,5.0,12.0,0.0,0.0,148.0,148.0,144.0,148.0,6.35,8.0,34.33,4.68,7.99,4.14,5.16,4.97,4.58,5.69,5.2,5.65,5.78,6.48,6.7,8.17,7.25,7.8,6.11,4.97,5.97,5.91,6.53,7.74,6.56,7.16,5.5,7.19,63.06,8.03,6.83,60.23,8.18,9.38,14.06,17.49,35.23,114.04,,,,0.0,0.0,0.0,0.0,0.0,0.0,3.0,1.0,1.0,0.0
True,2021/6/15 21:00:13,,3925340114024136846,Equ1,2021/6/15 20:42:00,1.0,0.0,0.0,1242.0,0.0,0.0,0.0,0.0,462.26,425.11,447.21,469.58,473.79,461.79,0.0,2.0,4.37,0.81,4.04,0.0,128.53,158.16,146.47,165.89,152.95,92.72,837.77,802.62,827.09,845.9,853.33,837.3,8978.92,7.25,0.13,28712.64,43.2,1.43,2.02,21.35,1919.34,1959.85,1.0,1.0,-2.31,3.96,3.59,3.54,0.0,0.0,3.87,3.75,4.59,3.92,0.0,0.0,0.0,0.0,5.0,12.0,6.0,12.0,6.0,12.0,5.0,12.0,0.0,0.0,148.0,148.0,144.0,148.0,6.35,7.35,19.06,4.69,8.0,4.16,5.16,4.97,4.59,5.71,5.21,5.67,5.8,6.49,6.72,8.18,7.25,7.81,6.12,4.98,5.98,5.92,6.55,7.76,6.64,7.19,5.52,7.2,63.07,8.04,6.85,60.25,8.21,9.27,14.03,17.56,35.23,114.03,,,,0.0,0.0,0.0,0.0,0.0,0.0,3.0,0.0,1.0,0.0
True,2021/6/15 21:00:13,,3925340114024136847,Equ1,2021/6/15 20:42:05,1.0,0.0,0.0,1242.0,0.0,0.0,0.0,0.0,462.26,425.11,447.21,469.58,473.79,461.79,0.0,1.99,4.52,0.85,4.08,0.0,128.05,158.06,154.96,165.94,155.3,94.6,841.11,805.95,830.58,849.28,856.73,840.64,9408.19,9.76,0.1,29063.06,41.47,1.85,2.02,20.49,1915.8,1943.87,1.0,1.0,-2.31,3.97,3.6,3.55,0.0,0.0,3.88,3.75,4.59,3.93,0.0,0.0,0.0,0.0,5.0,12.0,6.0,12.0,6.0,12.0,5.0,12.0,0.0,0.0,148.0,148.0,144.0,148.0,6.35,6.94,12.29,46.05,7.97,4.14,5.16,4.97,4.59,5.71,5.21,5.67,5.8,6.47,6.7,8.15,7.24,7.8,6.11,4.98,5.99,5.92,6.55,7.76,6.7,7.22,5.49,7.19,63.06,8.03,6.85,60.26,8.2,9.15,13.99,17.64,35.25,114.01,,,,0.0,0.0,0.0,0.0,0.0,0.0,3.0,0.0,1.0,0.0
True,2021/6/15 21:00:13,,3925340114024136848,Equ1,2021/6/15 20:42:10,1.0,0.0,0.0,1242.0,0.0,0.0,0.0,0.0,462.26,425.11,447.21,469.58,473.79,461.79,0.0,2.23,4.84,0.88,4.11,0.0,128.31,158.07,159.64,166.3,156.09,95.96,844.39,809.47,834.17,852.59,860.02,843.91,9698.47,10.37,0.1,29286.05,40.16,1.9,2.02,19.85,1914.14,1943.58,1.0,1.0,-2.31,3.97,3.61,3.56,0.0,0.0,3.88,3.76,4.6,3.94,0.0,0.0,0.0,0.0,5.0,12.0,6.0,12.0,6.0,12.0,5.0,12.0,0.0,0.0,148.0,148.0,144.0,148.0,6.35,6.66,10.47,46.7,7.97,4.14,5.16,4.97,4.59,5.71,5.2,5.66,5.79,6.45,6.7,8.17,7.24,7.8,6.11,4.98,5.99,5.91,6.54,7.75,6.71,7.21,5.5,7.19,63.07,8.02,6.84,60.26,8.19,9.06,13.88,17.83,35.25,113.96,,,,0.0,0.0,0.0,0.0,0.0,0.0,3.0,0.0,1.0,0.0
True,2021/6/15 21:00:13,,3925340114024136849,Equ1,2021/6/15 20:42:15,1.0,0.0,0.0,1242.0,0.0,0.0,0.0,0.0,462.26,425.11,447.21,469.58,473.79,461.79,0.0,2.41,5.17,0.91,4.08,0.0,127.52,157.58,163.47,165.91,156.9,99.19,847.54,812.8,837.66,855.77,863.15,847.07,9912.86,11.39,0.09,29509.04,39.84,2.07,2.02,19.68,1920.43,1949.87,1.0,1.0,-2.31,3.97,3.62,3.57,0.0,0.0,3.9,3.76,4.61,3.95,0.0,0.0,0.0,0.0,5.0,12.0,6.0,12.0,6.0,12.0,5.0,12.0,0.0,0.0,148.0,148.0,144.0,148.0,6.35,6.46,9.54,14.39,7.98,4.14,5.16,4.97,4.59,5.71,5.21,5.67,5.8,6.45,6.72,8.17,7.24,7.81,6.11,4.98,6.0,5.92,6.55,7.75,6.72,7.18,5.52,7.19,63.07,8.02,6.84,60.27,8.19,8.98,13.34,18.18,35.26,113.81,,,,0.0,0.0,0.0,0.0,0.0,0.0,3.0,0.0,1.0,0.0
True,2021/6/15 21:00:13,,3925340114024136850,Equ1,2021/6/15 20:42:20,1.0,0.0,0.0,1242.0,0.0,0.0,0.0,0.0,462.26,425.11,447.21,469.58,473.79,461.79,0.0,2.4,5.21,1.0,4.12,0.0,125.46,157.49,162.92,167.3,153.85,99.78,849.18,814.44,839.35,857.51,864.83,848.72,9963.62,0.0,0.0,29360.38,33.47,2.19,2.03,16.53,1921.44,1945.6,1.0,1.0,-2.31,3.97,3.62,3.56,0.0,0.0,3.91,3.78,4.8,3.96,0.0,0.0,0.0,0.0,5.0,12.0,6.0,12.0,6.0,12.0,5.0,12.0,0.0,0.0,148.0,148.0,144.0,148.0,6.35,6.31,8.91,10.56,50.29,4.13,5.16,4.97,4.59,5.71,5.21,5.67,5.79,6.45,6.7,8.15,7.23,7.81,6.1,4.98,6.0,5.92,6.55,7.75,6.73,7.16,5.55,7.18,63.07,8.0,6.84,60.28,8.19,8.88,12.48,18.29,35.32,113.63,,,,0.0,0.0,0.0,0.0,0.0,0.0,3.0,0.0,1.0,0.0
True,2021/6/15 21:00:13,,3925340114024136851,Equ1,2021/6/15 20:42:25,1.0,0.0,0.0,1242.0,0.0,0.0,0.0,0.0,462.26,425.11,447.21,469.58,473.79,461.79,0.0,2.52,5.24,1.02,4.11,0.0,122.06,157.55,156.97,166.06,149.55,94.17,850.67,816.04,840.86,859.01,866.31,850.2,9673.34,14.94,0.07,28712.64,27.41,1.87,2.03,13.55,1937.43,1958.33,1.0,1.0,-2.31,3.98,3.61,3.56,0.0,0.0,3.9,3.77,4.46,3.96,0.0,0.0,0.0,0.0,5.0,12.0,6.0,12.0,6.0,12.0,5.0,12.0,0.0,0.0,148.0,148.0,144.0,148.0,6.35,6.21,8.51,9.25,34.82,4.13,5.16,4.97,4.6,5.71,5.21,5.67,5.79,6.45,6.71,8.16,7.23,7.81,6.11,4.98,6.0,5.92,6.55,7.75,6.73,7.16,5.56,7.19,63.08,8.01,6.83,60.29,8.19,8.81,11.95,18.32,35.31,113.53,,,,0.0,0.0,0.0,0.0,0.0,0.0,3.0,0.0,1.0,0.0
True,2021/6/15 21:00:13,,3925340114024136852,Equ1,2021/6/15 20:42:30,1.0,0.0,0.0,1242.0,0.0,0.0,0.0,0.0,462.26,425.11,447.21,469.58,473.79,461.79,0.0,2.62,5.31,1.09,4.15,0.0,121.99,157.61,155.25,166.13,148.34,90.9,852.03,817.5,842.29,860.44,867.71,851.56,9522.04,17.03,0.06,28521.51,22.62,1.76,2.02,11.18,1940.68,1970.41,1.0,1.0,-2.31,3.98,3.61,3.56,0.0,0.0,3.91,3.77,4.71,3.96,0.0,0.0,0.0,0.0,5.0,12.0,6.0,12.0,6.0,12.0,5.0,12.0,0.0,0.0,148.0,148.0,145.0,148.0,6.36,6.14,8.22,8.59,16.65,4.16,5.16,4.97,4.6,5.71,5.21,5.67,5.79,6.45,6.71,8.17,7.23,7.81,6.11,4.98,6.0,5.92,6.55,7.75,6.74,7.18,5.53,7.2,63.1,8.0,6.84,60.3,8.19,8.75,11.52,18.4,35.33,113.42,,,,0.0,0.0,0.0,0.0,0.0,0.0,3.0,0.0,1.0,0.0
True,2021/6/15 21:00:13,,3925340114024136853,Equ1,2021/6/15 20:42:40,1.0,0.0,0.0,1242.0,0.0,0.0,0.0,0.0,462.26,425.11,447.21,469.58,473.79,461.79,0.0,2.99,5.61,1.26,4.25,0.0,120.02,156.68,148.24,166.36,146.2,83.94,854.66,820.51,845.23,863.24,870.45,854.2,9106.1,17.03,0.06,27916.25,18.57,1.44,2.02,9.18,1926.0,1953.12,1.0,1.0,-2.31,3.98,3.61,3.56,0.0,0.0,3.91,3.77,4.32,3.96,0.0,0.0,0.0,0.0,5.0,12.0,6.0,12.0,6.0,12.0,5.0,12.0,0.0,0.0,148.0,148.0,146.0,148.0,6.37,6.02,7.83,7.86,12.91,18.5,5.16,4.96,4.6,5.71,5.21,5.67,5.78,6.44,6.71,8.14,7.22,7.81,6.11,4.98,6.0,5.93,6.55,7.74,6.73,7.18,5.5,7.2,63.11,7.99,6.83,60.31,8.18,8.64,10.67,18.72,35.31,113.17,,,,0.0,0.0,0.0,0.0,0.0,0.0,3.0,0.0,1.0,0.0
True,2021/6/15 21:00:13,,3925340114024136854,Equ1,2021/6/15 20:42:45,1.0,0.0,0.0,1242.0,0.0,0.0,0.0,0.0,462.26,425.11,447.21,469.58,473.79,461.79,0.0,3.2,5.86,1.37,4.28,0.0,123.13,156.5,145.76,165.86,147.18,82.77,856.05,822.1,846.86,864.74,871.86,855.58,9030.2,16.71,0.06,27916.25,18.19,1.39,2.02,8.99,1930.34,1949.29,1.0,1.0,-2.31,3.97,3.62,3.56,0.0,0.0,3.91,3.77,4.31,3.97,0.0,0.0,0.0,0.0,5.0,12.0,6.0,12.0,6.0,12.0,5.0,12.0,0.0,0.0,148.0,148.0,146.0,148.0,6.37,5.97,7.67,7.6,12.04,10.93,5.16,4.95,4.6,5.71,5.21,5.68,5.78,6.44,6.71,8.15,7.22,7.82,6.12,4.98,6.0,5.93,6.56,7.75,6.73,7.2,5.5,7.22,63.12,7.99,6.83,60.31,8.18,8.58,9.79,19.01,35.38,112.82,,,,0.0,0.0,0.0,0.0,0.0,0.0,3.0,0.0,1.0,0.0
True,2021/6/15 21:00:13,,3925340114024136855,Equ1,2021/6/15 20:42:50,1.0,0.0,0.0,1242.0,0.0,0.0,0.0,0.0,462.26,425.11,447.21,469.58,473.79,461.79,0.0,3.17,5.92,1.45,4.4,0.0,129.2,157.7,149.13,166.99,149.68,84.38,857.24,823.26,848.11,866.01,873.17,856.77,9106.1,20.78,0.05,28436.56,17.31,1.64,2.02,8.55,1921.15,1945.53,1.0,1.0,-2.31,3.97,3.62,3.56,0.0,0.0,3.92,3.78,4.42,3.96,0.0,0.0,0.0,0.0,5.0,12.0,6.0,12.0,6.0,12.0,5.0,12.0,0.0,0.0,148.0,148.0,147.0,148.0,6.38,5.94,7.53,7.37,11.49,9.09,5.16,4.95,4.61,5.72,5.21,5.68,5.78,6.45,6.73,8.17,7.22,7.83,6.14,4.99,6.01,5.94,6.57,7.75,6.74,7.23,5.51,7.23,63.15,7.99,6.83,60.36,8.21,8.54,9.2,19.12,35.44,112.45,,,,0.0,0.0,0.0,0.0,0.0,0.0,3.0,0.0,1.0,0.0
True,2021/6/15 21:00:13,,3925340114024136856,Equ1,2021/6/15 20:42:55,1.0,0.0,0.0,1242.0,0.0,0.0,0.0,0.0,462.26,425.11,447.21,469.58,473.79,461.79,0.0,3.21,5.94,1.49,4.4,0.0,123.47,157.47,147.93,165.96,147.76,81.5,858.67,824.73,849.56,867.49,874.6,858.2,9043.01,17.71,0.06,28011.82,17.55,1.42,2.02,8.67,1928.89,1975.48,1.0,1.0,-2.31,3.98,3.61,3.56,0.0,0.0,3.91,3.77,4.46,3.96,0.0,0.0,0.0,0.0,5.0,12.0,6.0,12.0,6.0,12.0,5.0,12.0,0.0,0.0,148.0,148.0,147.0,148.0,6.38,5.89,7.4,7.2,11.08,8.22,5.16,10.96,4.61,5.72,5.23,5.69,5.79,6.45,6.72,8.16,7.21,7.82,6.13,4.99,6.02,5.95,6.58,7.76,6.74,7.22,5.51,7.22,63.15,7.97,6.84,60.39,8.21,8.5,8.96,19.16,35.41,112.19,,,,0.0,0.0,0.0,0.0,0.0,0.0,3.0,0.0,1.0,0.0
True,2021/6/15 21:00:13,,3925340114024136857,Equ1,2021/6/15 20:43:00,1.0,0.0,0.0,1242.0,0.0,0.0,0.0,0.0,462.26,425.11,447.21,469.58,473.79,461.79,0.0,3.22,5.96,1.48,4.41,0.0,124.58,157.88,148.55,166.45,148.84,81.22,860.0,826.07,850.91,868.8,875.94,859.53,9017.88,19.43,0.05,28139.24,16.45,1.46,2.02,8.13,1918.91,1927.95,1.0,1.0,-2.31,3.99,3.61,3.57,0.0,0.0,3.91,3.77,4.42,3.97,0.0,0.0,0.0,0.0,5.0,12.0,6.0,12.0,6.0,12.0,5.0,12.0,0.0,0.0,148.0,148.0,148.0,148.0,6.39,5.85,7.28,7.04,10.76,7.64,5.16,58.12,4.61,5.72,5.23,5.69,5.78,6.44,6.71,8.15,7.2,7.82,6.12,4.99,6.01,5.94,6.57,7.75,6.74,7.21,5.5,7.21,63.15,7.95,6.83,60.37,8.19,8.44,8.81,19.18,35.46,111.96,,,,0.0,0.0,0.0,0.0,0.0,0.0,3.0,0.0,1.0,0.0
True,2021/6/15 21:00:13,,3925340114024136858,Equ1,2021/6/15 20:43:05,1.0,0.0,0.0,1242.0,0.0,0.0,0.0,0.0,462.26,425.11,447.21,469.58,473.79,461.79,0.0,3.26,5.99,1.45,4.4,0.0,124.13,157.47,149.09,165.87,149.73,80.87,861.39,827.51,852.33,870.16,877.32,860.92,8992.75,19.72,0.05,28107.38,16.21,1.46,2.02,8.01,1903.79,1951.53,1.0,1.0,-2.31,3.98,3.62,3.58,0.0,0.0,3.91,3.77,4.43,3.97,0.0,0.0,0.0,0.0,5.0,12.0,6.0,12.0,6.0,12.0,5.0,12.0,0.0,0.0,148.0,148.0,148.0,148.0,6.39,5.81,7.19,6.92,10.47,7.24,5.16,21.23,4.61,5.71,5.22,5.69,5.78,6.44,6.71,8.14,7.2,7.82,6.13,4.98,6.01,5.94,6.57,7.74,6.73,7.21,5.49,7.2,63.15,7.93,6.83,60.38,8.19,8.4,8.71,19.22,35.46,111.75,,,,0.0,0.0,0.0,0.0,0.0,0.0,3.0,0.0,1.0,0.0
True,2021/6/15 21:00:13,,3925340114024136859,Equ1,2021/6/15 20:43:10,1.0,0.0,0.0,1242.0,0.0,0.0,0.0,0.0,462.26,425.11,447.21,469.58,473.79,461.79,0.0,3.5,6.2,1.52,4.43,0.0,121.86,157.25,145.41,166.1,148.06,78.4,862.8,829.15,853.96,871.64,878.76,862.33,8866.58,15.08,0.06,27756.97,17.18,1.18,2.02,8.49,1903.28,1967.59,1.0,1.0,-2.31,3.98,3.63,3.56,0.0,0.0,3.93,3.81,4.42,3.98,0.0,0.0,0.0,0.0,5.0,12.0,6.0,12.0,6.0,12.0,5.0,12.0,0.0,0.0,148.0,148.0,149.0,148.0,6.4,5.78,7.09,6.79,10.26,6.9,5.16,15.16,41.24,5.69,5.2,5.68,5.76,6.44,6.71,8.14,7.2,7.82,6.14,5.02,6.0,5.92,6.57,7.73,6.72,7.2,5.49,7.2,63.17,7.92,6.79,60.3,8.15,8.35,8.53,19.42,35.41,111.45,,,,0.0,0.0,0.0,0.0,0.0,0.0,3.0,0.0,1.0,0.0
True,2021/6/15 21:00:13,,3925340114024136860,Equ1,2021/6/15 20:43:15,1.0,0.0,0.0,1242.0,0.0,0.0,0.0,0.0,462.26,425.11,447.21,469.58,473.79,461.79,0.0,3.57,6.29,1.55,4.45,0.0,131.21,158.32,146.57,166.96,150.52,79.33,864.68,831.1,855.93,873.55,880.67,864.21,9043.52,16.29,0.06,28309.14,18.41,1.37,2.02,9.1,1917.54,1966.15,1.0,1.0,-2.31,3.98,3.63,3.56,0.0,0.0,3.93,3.83,4.43,3.98,0.0,0.0,0.0,0.0,5.0,12.0,6.0,12.0,6.0,12.0,5.0,12.0,0.0,0.0,148.0,148.0,149.0,148.0,6.4,5.74,7.01,6.69,10.08,6.66,5.16,12.89,11.49,5.7,5.21,5.68,5.76,6.42,6.7,8.14,7.19,7.82,6.15,5.0,6.01,5.94,6.56,7.74,6.71,7.22,5.49,7.2,63.17,7.9,6.81,60.34,8.17,8.31,8.29,19.57,35.46,111.0,,,,0.0,0.0,0.0,0.0,0.0,0.0,3.0,0.0,1.0,0.0
True,2021/6/15 21:00:13,,3925340114024136861,Equ1,2021/6/15 20:43:20,1.0,0.0,0.0,1242.0,0.0,0.0,0.0,0.0,462.26,425.11,447.21,469.58,473.79,461.79,0.0,3.42,6.31,1.55,4.51,0.0,127.79,157.49,154.95,167.55,154.34,84.06,866.63,832.89,857.89,875.5,882.67,866.16,9245.08,17.19,0.06,28733.88,20.71,1.63,2.02,10.23,1935.47,1937.21,1.0,1.0,-2.31,3.98,3.63,3.56,0.0,0.0,3.94,4.06,4.63,4.09,0.0,0.0,0.0,0.0,5.0,12.0,6.0,12.0,6.0,12.0,5.0,12.0,0.0,0.0,148.0,149.0,150.0,148.0,6.42,5.71,7.6,6.6,9.91,6.46,5.16,11.57,8.82,45.45,5.2,5.68,5.76,6.35,6.7,8.14,7.19,7.82,6.15,4.99,6.04,5.93,6.57,7.73,6.72,7.21,5.48,7.19,63.17,7.88,6.8,60.21,8.26,8.27,8.06,19.63,35.42,110.61,,,,0.0,0.0,0.0,0.0,0.0,0.0,3.0,0.0,1.0,0.0
True,2021/6/15 21:00:13,,3925340114024136862,Equ1,2021/6/15 20:43:25,1.0,0.0,0.0,1242.0,0.0,0.0,0.0,0.0,462.26,425.11,447.21,469.58,473.79,461.79,0.0,3.4,6.41,1.52,4.49,0.0,127.95,157.6,160.56,167.29,154.05,85.92,868.65,834.91,860.01,877.49,884.67,868.18,9409.2,15.76,0.06,28978.11,22.4,1.61,2.02,11.07,1935.47,1958.98,1.0,1.0,-2.31,3.99,3.63,3.58,0.0,0.0,3.93,3.8,4.41,3.82,0.0,0.0,0.0,0.0,5.0,12.0,6.0,12.0,6.0,12.0,5.0,12.0,0.0,0.0,148.0,149.0,150.0,149.0,6.43,5.69,7.52,6.52,9.77,6.29,5.16,10.67,7.82,23.75,5.21,5.68,5.76,6.34,6.7,8.14,7.19,7.82,6.15,4.99,6.05,5.94,6.57,7.73,6.72,7.22,5.49,7.19,63.17,7.86,6.81,60.28,8.28,8.24,7.95,19.66,35.51,110.31,,,,0.0,0.0,0.0,0.0,0.0,0.0,3.0,0.0,1.0,0.0
True,2021/6/15 21:00:13,,3925340114024136863,Equ1,2021/6/15 20:43:30,1.0,0.0,0.0,1242.0,0.0,0.0,0.0,0.0,462.26,425.11,447.21,469.58,473.79,461.79,0.0,3.46,6.52,1.51,4.49,0.0,128.14,157.71,165.71,167.52,154.57,88.09,870.67,836.98,862.14,879.5,886.69,870.2,9573.31,15.65,0.07,29243.57,24.07,1.72,2.02,11.89,1921.66,1933.74,1.0,1.0,-2.31,4.0,3.63,3.58,0.0,0.0,3.94,3.53,4.68,4.02,0.0,0.0,0.0,0.0,5.0,12.0,6.0,12.0,6.0,12.0,5.0,12.0,0.0,0.0,148.0,150.0,151.0,149.0,6.46,5.67,7.38,6.45,9.63,6.15,5.16,9.97,7.22,14.03,49.57,5.68,5.76,6.35,6.7,8.13,7.18,7.82,6.15,4.99,6.04,5.93,6.57,7.73,6.73,7.21,5.49,7.19,63.17,7.84,6.8,60.27,8.21,8.2,7.87,19.71,35.51,110.04,,,,0.0,0.0,0.0,0.0,0.0,0.0,3.0,0.0,1.0,0.0
True,2021/6/15 21:00:13,,3925340114024136864,Equ1,2021/6/15 20:43:35,1.0,0.0,0.0,1242.0,0.0,0.0,0.0,0.0,462.26,425.11,447.21,469.58,473.79,461.79,0.0,3.54,6.64,1.49,4.47,0.0,126.37,157.75,166.02,166.71,153.11,87.99,872.79,839.18,864.38,881.6,888.79,872.32,9636.4,16.33,0.06,29105.53,24.68,1.84,2.02,12.19,1916.88,1948.64,1.0,1.0,-2.31,4.0,3.63,3.57,0.0,0.0,3.93,4.77,4.4,3.74,0.0,0.0,0.0,0.0,5.0,12.0,6.0,12.0,6.0,12.0,5.0,12.0,0.0,0.0,148.0,150.0,151.0,150.0,6.47,5.65,7.25,6.38,9.52,6.02,5.16,9.47,6.82,11.65,38.4,5.68,5.75,6.35,6.7,8.13,7.18,7.82,6.15,4.98,6.04,5.93,6.56,7.73,6.74,7.22,5.49,7.19,63.17,7.83,6.79,60.27,8.21,8.17,7.79,19.81,35.51,109.77,,,,0.0,0.0,0.0,0.0,0.0,0.0,3.0,0.0,1.0,0.0
True,2021/6/15 21:00:13,,3925340114024136865,Equ1,2021/6/15 20:43:40,1.0,0.0,0.0,1242.0,0.0,0.0,0.0,0.0,462.26,425.11,447.21,469.58,473.79,461.79,0.0,3.84,6.87,1.51,4.45,0.0,127.42,157.84,160.78,166.54,152.69,87.43,874.94,841.63,866.76,883.77,890.92,874.47,9649.21,14.65,0.07,28871.92,25.94,1.74,2.02,12.82,1909.8,1941.7,1.0,1.0,-2.31,4.0,3.64,3.58,0.0,0.0,3.92,3.9,4.54,3.99,0.0,0.0,0.0,0.0,5.0,12.0,6.0,12.0,6.0,12.0,5.0,12.0,0.0,0.0,148.0,151.0,152.0,150.0,6.49,5.63,7.12,6.31,9.4,5.92,5.16,9.06,6.53,10.49,15.67,5.68,5.76,6.34,6.7,8.13,7.18,7.82,6.16,4.99,6.05,5.95,6.57,7.73,6.74,7.22,5.48,7.18,63.17,7.81,6.81,60.32,8.23,8.14,7.53,20.14,35.5,109.23,,,,0.0,0.0,0.0,0.0,0.0,0.0,3.0,0.0,1.0,0.0
True,2021/6/15 21:00:13,,3925340114024136866,Equ1,2021/6/15 20:43:45,1.0,0.0,0.0,1242.0,0.0,0.0,0.0,0.0,462.26,425.11,447.21,469.58,473.79,461.79,0.0,3.8,6.97,1.6,4.52,0.0,127.26,157.34,162.18,167.4,154.79,91.57,876.83,843.48,868.75,885.75,892.88,876.36,9787.7,16.43,0.06,29169.24,24.87,1.87,2.02,12.28,1920.28,1922.89,1.0,1.0,-2.31,4.0,3.64,3.58,0.0,0.0,3.74,4.05,4.42,3.79,0.0,0.0,0.0,0.0,5.0,12.0,6.0,12.0,6.0,12.0,5.0,12.0,0.0,0.0,148.0,151.0,152.0,151.0,6.5,5.6,7.0,6.26,9.31,5.82,5.17,8.72,6.3,9.72,12.13,45.95,5.74,6.34,6.69,8.13,7.18,7.83,6.17,4.99,6.05,5.95,6.69,7.72,6.73,7.23,5.49,7.18,63.18,7.8,6.8,60.32,8.23,8.18,7.24,20.33,35.58,108.43,,,,0.0,0.0,0.0,0.0,0.0,0.0,3.0,0.0,1.0,0.0
True,2021/6/15 21:00:13,,3925340114024136867,Equ1,2021/6/15 20:43:50,1.0,0.0,0.0,1242.0,0.0,0.0,0.0,0.0,462.26,425.11,447.21,469.58,473.79,461.79,0.0,3.66,6.9,1.6,4.56,0.0,126.94,157.28,166.3,167.14,155.76,95.59,878.21,844.72,870.07,887.13,894.31,877.74,9964.63,18.58,0.06,29455.95,23.96,2.03,2.02,11.84,1922.24,1951.53,1.0,1.0,-2.31,4.0,3.64,3.57,0.0,0.0,4.15,3.37,4.27,3.97,0.0,0.0,0.0,0.0,5.0,12.0,6.0,12.0,6.0,12.0,5.0,12.0,0.0,0.0,149.0,152.0,153.0,151.0,6.53,5.59,6.93,6.22,9.24,5.75,5.17,8.48,6.16,9.31,10.95,24.27,5.75,6.34,6.69,8.14,7.18,7.84,6.17,4.99,6.06,5.95,6.6,7.74,6.74,7.23,5.49,7.18,63.18,7.79,6.81,60.36,8.23,8.11,7.14,20.35,35.64,107.9,,,,0.0,0.0,0.0,0.0,0.0,0.0,3.0,0.0,1.0,0.0
True,2021/6/15 21:00:13,,3925340114024136868,Equ1,2021/6/15 20:43:55,1.0,0.0,0.0,1242.0,0.0,0.0,0.0,0.0,462.26,425.11,447.21,469.58,473.79,461.79,0.0,3.63,6.82,1.52,4.53,0.0,128.17,157.58,165.9,167.59,155.51,98.06,880.24,846.73,872.01,889.08,896.3,879.77,10052.85,18.41,0.06,29625.84,24.01,2.02,2.02,11.86,1903.5,1931.93,1.0,1.0,-2.31,4.01,3.64,3.58,0.0,0.0,4.5,3.88,4.04,3.79,0.0,0.0,0.0,0.0,5.0,12.0,6.0,12.0,6.0,12.0,5.0,12.0,0.0,0.0,149.0,152.0,153.0,151.0,6.53,5.49,6.84,6.16,9.16,5.67,5.17,8.22,6.01,8.94,10.06,15.92,45.34,6.34,6.68,8.12,7.18,7.83,6.17,4.99,6.06,5.95,6.52,7.71,6.74,7.22,5.49,7.16,63.18,7.77,6.81,60.36,8.22,8.06,7.1,20.35,35.65,107.41,,,,0.0,0.0,0.0,0.0,0.0,0.0,3.0,0.0,1.0,0.0
True,2021/6/15 21:00:13,,3925340114024136869,Equ1,2021/6/15 20:44:00,1.0,0.0,469.58,1242.0,0.0,0.0,0.0,0.0,1584.59,1585.48,614.7,615.59,0.0,0.0,2066.29,2066.72,2944.83,2945.71,0.0,0.0,47.43,59.14,48.56,59.66,48.25,58.91,1706.19,1707.04,1631.52,1632.37,2153.73,2154.61,10141.06,20.3,0.05,29816.98,21.41,1.98,2.02,10.57,1940.39,1931.5,1.0,1.0,-2.31,4.01,3.65,3.6,0.0,0.0,5.38,5.43,4.61,3.72,0.0,0.0,0.0,0.0,5.0,12.0,6.0,12.0,6.0,12.0,5.0,12.0,0.0,0.0,150.0,153.0,154.0,152.0,6.57,5.55,6.77,6.12,9.09,5.6,5.17,7.99,5.9,8.64,9.43,13.12,36.01,6.34,6.68,8.12,7.18,7.83,6.17,4.99,6.06,5.95,6.5,7.7,6.74,7.22,5.49,7.16,63.18,7.75,6.81,60.35,8.21,8.02,24.88,25.76,2404.83,2405.71,,,,0.0,0.0,0.0,0.0,0.0,0.0,35.65,20.34,1.0,0.0
True,2021/6/15 21:00:13,,3925340114024136870,Equ1,2021/6/15 20:44:05,1.0,0.0,0.0,1242.0,0.0,0.0,0.0,0.0,462.26,425.11,447.21,469.58,473.79,461.79,0.0,3.4,6.54,1.3,4.39,0.0,126.0,157.48,161.85,166.67,152.79,101.46,884.4,850.65,875.89,893.02,900.32,883.93,9939.5,22.26,0.05,29317.9,22.19,2.26,2.02,10.97,1926.87,1947.12,1.0,1.0,-2.31,4.01,3.66,3.59,0.0,0.0,5.96,3.93,4.32,3.79,0.0,0.0,0.0,0.0,5.0,12.0,6.0,12.0,6.0,12.0,5.0,12.0,0.0,0.0,150.0,153.0,154.0,152.0,6.57,5.64,6.92,6.07,9.03,5.54,5.16,7.8,5.8,8.4,8.98,11.74,12.2,31.91,6.68,8.12,7.17,7.83,6.17,4.99,6.06,5.96,6.51,7.72,6.72,7.22,5.48,7.15,63.18,7.73,6.81,60.35,8.21,8.0,7.1,20.34,35.66,106.8,,,,0.0,0.0,0.0,0.0,0.0,0.0,3.0,0.0,1.0,0.0
True,2021/6/15 21:00:13,,3925340114024136871,Equ1,2021/6/15 20:44:10,1.0,0.0,0.0,1242.0,0.0,0.0,0.0,0.0,462.26,425.11,447.21,469.58,473.79,461.79,0.0,3.55,6.64,1.31,4.38,0.0,127.21,157.84,158.23,166.3,151.35,98.96,886.72,853.12,878.31,895.34,902.63,886.25,9876.42,16.48,0.06,29158.63,24.94,1.88,2.02,12.32,1929.47,1916.38,1.0,1.0,-2.31,4.01,3.66,3.59,0.0,0.0,3.54,3.68,4.21,3.76,0.0,0.0,0.0,0.0,5.0,12.0,6.0,12.0,6.0,12.0,5.0,12.0,0.0,0.0,151.0,154.0,155.0,153.0,6.62,5.62,6.88,6.03,8.96,5.47,5.18,7.64,5.72,8.18,8.6,10.81,10.3,43.45,6.68,8.12,7.18,7.83,6.19,4.99,6.06,5.95,6.5,7.72,6.74,7.21,5.49,7.14,63.19,7.72,6.81,60.35,8.21,7.96,7.09,20.36,35.64,106.58,,,,0.0,0.0,0.0,0.0,0.0,0.0,3.0,0.0,1.0,0.0
True,2021/6/15 21:00:13,,3925340114024136872,Equ1,2021/6/15 20:44:15,1.0,0.0,0.0,1242.0,0.0,0.0,0.0,0.0,462.26,425.11,447.21,469.58,473.79,461.79,0.0,3.53,6.63,1.37,4.43,0.0,128.34,157.28,162.64,167.64,153.23,101.62,888.66,855.04,880.25,897.35,904.62,888.19,10065.67,18.22,0.06,29562.13,24.93,2.08,2.02,12.32,1910.45,1954.14,1.0,1.0,-2.31,4.01,3.66,3.59,0.0,0.0,3.35,3.82,4.86,3.78,0.0,0.0,0.0,0.0,5.0,12.0,6.0,12.0,6.0,12.0,5.0,12.0,0.0,0.0,151.0,154.0,155.0,153.0,6.62,5.61,6.73,6.0,8.92,5.42,5.17,7.51,5.67,8.02,8.29,10.16,9.47,18.73,6.69,8.12,7.18,7.83,6.19,4.99,6.06,5.97,6.5,7.73,6.8,7.23,5.49,7.12,63.19,7.71,6.81,60.38,8.22,7.93,7.09,20.38,35.67,106.37,,,,0.0,0.0,0.0,0.0,0.0,0.0,3.0,0.0,1.0,0.0
True,2021/6/15 21:00:13,,3925340114024136873,Equ1,2021/6/15 20:44:20,1.0,0.0,0.0,1242.0,0.0,0.0,0.0,0.0,462.26,425.11,447.21,469.58,473.79,461.79,0.0,3.32,6.53,1.27,4.41,0.0,127.56,157.38,165.39,167.8,155.45,106.68,890.59,856.76,882.07,899.17,906.53,890.12,10179.01,19.67,0.06,29848.83,24.51,2.2,2.02,12.1,1925.71,1943.5,1.0,1.0,-2.31,4.01,3.66,3.58,0.0,0.0,3.57,2.99,4.12,4.0,0.0,0.0,0.0,0.0,5.0,12.0,6.0,12.0,6.0,12.0,5.0,12.0,0.0,0.0,152.0,155.0,156.0,154.0,6.66,5.58,6.67,5.97,8.86,5.36,5.17,7.37,5.62,7.86,8.04,9.64,8.98,14.28,52.77,8.11,7.16,7.83,6.17,5.0,6.07,5.96,6.5,7.72,6.81,7.09,5.47,7.09,63.18,7.69,6.81,60.37,8.21,7.9,7.09,20.37,35.69,106.18,,,,0.0,0.0,0.0,0.0,0.0,0.0,3.0,0.0,1.0,0.0
True,2021/6/15 21:00:13,,3925340114024136874,Equ1,2021/6/15 20:44:25,1.0,0.0,0.0,1242.0,0.0,0.0,0.0,0.0,462.26,425.11,447.21,469.58,473.79,461.79,0.0,3.2,6.41,1.17,4.38,0.0,127.91,157.58,165.55,167.46,155.77,109.48,892.52,858.57,883.88,901.01,908.43,892.05,10330.81,19.42,0.06,29901.92,24.12,2.14,2.02,11.92,1924.12,1929.25,1.0,1.0,-2.31,4.02,3.65,3.6,0.0,0.0,3.47,3.92,3.53,3.76,0.0,0.0,0.0,0.0,5.0,12.0,6.0,12.0,6.0,12.0,5.0,12.0,0.0,0.0,152.0,155.0,156.0,154.0,6.66,5.57,6.63,5.94,8.83,5.32,5.17,7.27,5.57,7.73,7.84,9.27,8.66,12.64,22.84,8.12,7.17,7.82,6.18,4.99,6.06,5.95,6.5,7.73,6.81,7.13,5.48,7.09,63.18,7.68,6.81,60.36,8.21,7.86,7.09,20.37,35.7,106.01,,,,0.0,0.0,0.0,0.0,0.0,0.0,3.0,0.0,1.0,0.0
True,2021/6/15 21:00:13,,3925340114024136875,Equ1,2021/6/15 20:44:30,1.0,0.0,0.0,1242.0,0.0,0.0,0.0,0.0,462.26,425.11,447.21,469.58,473.79,461.79,0.0,3.07,6.24,1.06,4.35,0.0,126.69,157.07,165.13,167.3,155.51,112.3,894.47,860.4,885.66,902.85,910.35,894.0,10368.26,22.64,0.05,29933.78,21.61,2.24,2.02,10.68,1915.65,1924.7,1.0,1.0,-2.31,4.02,3.65,3.6,0.0,0.0,3.6,2.71,6.61,4.04,0.0,0.0,0.0,0.0,5.0,12.0,6.0,12.0,6.0,12.0,5.0,12.0,0.0,0.0,153.0,156.0,157.0,155.0,6.7,5.57,6.58,5.92,8.77,5.28,5.17,7.17,5.53,7.62,7.69,9.0,8.41,11.75,14.42,53.78,7.16,7.82,6.18,5.0,6.07,5.95,6.5,7.72,6.82,7.12,5.56,7.07,63.18,7.67,6.81,60.36,8.21,7.85,7.09,20.35,35.73,105.87,,,,0.0,0.0,0.0,0.0,0.0,0.0,3.0,0.0,1.0,0.0
True,2021/6/15 21:00:13,,3925340114024136876,Equ1,2021/6/15 20:44:35,1.0,0.0,0.0,1242.0,0.0,0.0,0.0,0.0,462.26,425.11,447.21,469.58,473.79,461.79,0.0,3.13,6.19,1.0,4.27,0.0,126.35,157.47,160.76,166.75,152.46,111.15,896.75,862.73,887.9,905.07,912.55,896.28,10267.73,21.36,0.05,29647.08,22.69,2.21,2.03,11.2,1900.32,1920.21,1.0,1.0,-2.31,4.02,3.66,3.59,0.0,0.0,3.39,3.99,3.43,3.77,0.0,0.0,0.0,0.0,5.0,12.0,6.0,12.0,6.0,12.0,5.0,12.0,0.0,0.0,153.0,156.0,157.0,155.0,6.7,5.55,6.53,5.9,8.74,5.24,5.17,7.07,5.5,7.53,7.59,8.78,8.22,11.12,12.63,56.17,7.16,7.83,6.18,4.99,6.06,5.95,6.5,7.71,6.82,7.11,5.54,7.06,63.18,7.66,6.79,60.36,8.2,7.82,7.09,20.36,35.72,105.75,,,,0.0,0.0,0.0,0.0,0.0,0.0,3.0,0.0,1.0,0.0
True,2021/6/15 21:00:13,,3925340114024136877,Equ1,2021/6/15 20:44:40,1.0,0.0,0.0,1242.0,0.0,0.0,0.0,0.0,462.26,425.11,447.21,469.58,473.79,461.79,0.0,3.13,6.25,0.98,4.27,0.0,128.18,157.38,159.92,166.93,153.07,111.57,898.88,864.86,890.09,907.18,914.68,898.41,10381.58,17.69,0.06,29710.79,24.33,1.96,2.03,12.02,1906.97,1954.14,1.0,1.0,-2.31,4.02,3.66,3.6,0.0,0.0,3.47,2.98,8.58,4.22,0.0,0.0,0.0,0.0,5.0,12.0,6.0,12.0,6.0,12.0,5.0,12.0,0.0,0.0,154.0,157.0,158.0,156.0,6.75,5.55,6.49,5.87,8.7,5.2,5.18,6.98,5.47,7.47,7.49,8.61,8.06,10.67,11.68,18.79,7.17,7.83,6.18,5.0,6.06,5.95,6.51,7.72,6.81,7.12,5.5,7.05,63.18,7.65,6.8,60.35,8.2,7.8,7.09,20.37,35.72,105.65,,,,0.0,0.0,0.0,0.0,0.0,0.0,3.0,0.0,1.0,0.0
True,2021/6/15 21:00:13,,3925340114024136878,Equ1,2021/6/15 20:44:45,1.0,0.0,0.0,1242.0,0.0,0.0,0.0,0.0,462.26,425.11,447.21,469.58,473.79,461.79,0.0,3.04,6.23,0.98,4.28,0.0,127.91,157.61,162.98,167.39,154.89,115.7,900.87,866.76,892.05,909.17,916.68,900.4,10469.8,20.12,0.06,30029.35,24.26,2.23,2.02,12.0,1918.77,1973.16,1.0,1.0,-2.31,4.02,3.66,3.59,0.0,0.0,3.41,4.06,4.55,3.76,0.0,0.0,0.0,0.0,5.0,12.0,6.0,12.0,6.0,12.0,5.0,12.0,0.0,0.0,154.0,157.0,158.0,157.0,6.76,5.54,6.45,5.84,8.67,5.14,5.18,6.92,5.45,7.4,7.4,8.44,7.95,10.35,11.11,15.31,50.24,7.83,6.19,4.99,6.06,5.95,6.51,7.72,6.82,7.11,5.49,7.02,63.18,7.64,6.8,60.35,8.2,7.78,7.09,20.37,35.73,105.55,,,,0.0,0.0,0.0,0.0,0.0,0.0,3.0,0.0,1.0,0.0
True,2021/6/15 21:00:13,,3925340114024136879,Equ1,2021/6/15 20:44:50,1.0,0.0,0.0,1242.0,0.0,0.0,0.0,0.0,462.26,425.11,447.21,469.58,473.79,461.79,0.0,2.87,6.1,0.9,4.28,0.0,127.79,157.61,167.59,166.99,156.31,119.57,902.76,868.48,893.82,910.98,918.57,902.29,10595.96,21.72,0.05,30379.76,24.1,2.39,2.02,11.91,1890.99,1917.24,1.0,1.0,-2.31,4.02,3.66,3.6,0.0,0.0,4.81,3.82,3.81,4.01,0.0,0.0,0.0,0.0,5.0,12.0,6.0,12.0,6.0,12.0,5.0,12.0,0.0,0.0,155.0,158.0,159.0,157.0,6.79,5.54,6.42,5.82,8.63,5.06,5.18,6.85,5.43,7.34,7.31,8.29,7.84,10.07,10.7,13.89,48.57,7.82,6.19,5.0,6.06,5.95,6.5,7.72,6.81,7.11,5.47,7.01,63.18,7.64,6.8,60.35,8.2,7.76,7.09,20.36,35.77,105.46,,,,0.0,0.0,0.0,0.0,0.0,0.0,3.0,0.0,1.0,0.0
True,2021/6/15 21:00:13,,3925340114024136880,Equ1,2021/6/15 20:44:55,1.0,0.0,0.0,1242.0,0.0,0.0,0.0,0.0,462.26,425.11,447.21,469.58,473.79,461.79,0.0,2.83,6.03,0.84,4.25,0.0,127.08,157.09,165.42,166.97,154.9,119.31,904.73,870.41,895.72,912.89,920.52,904.27,10583.15,21.1,0.05,30124.92,22.76,2.19,2.03,11.24,1905.02,1970.63,1.0,1.0,-2.31,4.03,3.66,3.61,0.0,0.0,3.65,3.96,4.52,3.74,0.0,0.0,0.0,0.0,5.0,12.0,6.0,12.0,6.0,12.0,5.0,12.0,0.0,0.0,155.0,158.0,159.0,158.0,6.8,5.53,6.39,5.8,8.62,5.08,5.17,6.79,5.41,7.28,7.24,8.15,7.75,9.86,10.41,13.03,17.42,41.93,6.18,4.99,6.06,5.95,6.51,7.72,6.82,7.11,5.47,7.02,63.17,7.63,6.79,60.35,8.19,7.74,7.09,20.35,35.78,105.36,,,,0.0,0.0,0.0,0.0,0.0,0.0,3.0,0.0,1.0,0.0
True,2021/6/15 21:00:13,,3925340114024136881,Equ1,2021/6/15 20:45:05,1.0,0.0,0.0,1242.0,0.0,0.0,0.0,0.0,462.26,425.11,447.21,469.58,473.79,461.79,0.0,2.82,5.91,0.73,4.19,0.0,126.04,157.26,159.46,166.65,151.76,116.55,908.67,874.35,899.53,916.72,924.4,908.2,10406.72,20.39,0.06,29742.64,24.12,2.25,2.02,11.92,1902.34,2000.0,1.0,1.0,-2.31,4.03,3.67,3.61,0.0,0.0,3.09,3.77,4.45,3.75,0.0,0.0,0.0,0.0,5.0,12.0,6.0,12.0,6.0,12.0,5.0,12.0,0.0,0.0,156.0,159.0,160.0,158.0,6.83,5.52,6.36,5.77,8.57,5.06,5.18,6.69,5.38,7.2,7.13,7.95,7.6,9.56,10.01,12.16,13.22,28.53,6.19,4.99,6.06,5.95,6.52,7.7,6.81,7.11,5.47,7.01,63.17,7.62,6.79,60.34,8.19,7.7,7.09,20.33,35.74,105.21,,,,0.0,0.0,0.0,0.0,0.0,0.0,3.0,0.0,1.0,0.0
True,2021/6/15 21:00:13,,3925340114024136882,Equ1,2021/6/15 20:45:10,1.0,0.0,0.0,1242.0,0.0,0.0,0.0,0.0,462.26,425.11,447.21,469.58,473.79,461.79,0.0,2.98,6.08,0.77,4.2,0.0,128.15,157.15,159.91,167.25,153.53,118.79,910.74,876.58,901.78,918.84,926.48,910.27,10633.92,18.22,0.06,29965.64,24.79,2.06,2.03,12.24,1912.83,1928.53,1.0,1.0,-2.31,4.03,3.67,3.61,0.0,0.0,3.88,3.84,4.43,4.32,0.0,0.0,0.0,0.0,5.0,12.0,6.0,12.0,6.0,12.0,5.0,12.0,0.0,0.0,157.0,159.0,160.0,159.0,6.85,5.51,6.33,5.75,8.55,5.03,5.19,6.7,5.36,7.16,7.07,7.83,7.53,9.4,9.83,11.81,12.34,18.66,55.45,4.99,6.06,5.95,6.52,7.73,6.81,7.11,5.47,7.01,63.18,7.64,6.79,60.31,8.18,7.69,7.1,20.36,35.79,105.14,,,,0.0,0.0,0.0,0.0,0.0,0.0,3.0,0.0,1.0,0.0
True,2021/6/15 21:00:13,,3925340114024136883,Equ1,2021/6/15 20:45:15,1.0,0.0,0.0,1242.0,0.0,0.0,0.0,0.0,462.26,425.11,447.21,469.58,473.79,461.79,0.0,2.85,6.1,0.79,4.26,0.0,127.55,157.52,165.73,167.71,155.38,121.15,912.62,878.32,903.67,920.73,928.41,912.15,10709.82,21.83,0.05,30284.19,24.45,2.44,2.02,12.09,1909.14,1937.57,1.0,1.0,-2.31,4.02,3.67,3.6,0.0,0.0,3.1,4.04,4.58,3.76,0.0,0.0,0.0,0.0,5.0,12.0,6.0,12.0,6.0,12.0,5.0,12.0,0.0,0.0,157.0,160.0,161.0,159.0,6.88,5.5,6.31,5.73,8.53,4.99,5.18,6.66,5.35,7.11,7.0,7.73,7.48,9.28,9.68,11.54,11.75,15.84,21.3,34.88,6.06,5.95,6.52,7.7,6.82,7.12,5.48,7.01,63.19,7.63,6.79,60.33,8.19,7.67,7.09,20.36,35.82,105.06,,,,0.0,0.0,0.0,0.0,0.0,0.0,3.0,0.0,1.0,0.0
True,2021/6/15 21:00:13,,3925340114024136884,Equ1,2021/6/15 20:45:20,1.0,0.0,0.0,1242.0,0.0,0.0,0.0,0.0,462.26,425.11,447.21,469.58,473.79,461.79,0.0,2.75,6.0,0.77,4.3,0.0,127.08,157.34,166.35,166.96,156.25,122.01,914.39,879.99,905.34,922.47,930.21,913.92,10734.95,22.82,0.05,30347.9,23.35,2.43,2.03,11.53,1901.4,1940.76,1.0,1.0,-2.31,4.03,3.67,3.6,0.0,0.0,3.85,3.84,4.44,3.67,0.0,0.0,0.0,0.0,5.0,12.0,6.0,12.0,6.0,12.0,5.0,12.0,0.0,0.0,158.0,160.0,161.0,160.0,6.9,5.5,6.28,5.72,8.51,4.95,5.19,6.62,5.35,7.07,6.94,7.63,7.41,9.17,9.54,11.3,11.29,14.49,16.3,24.39,6.06,5.95,6.52,7.73,6.81,7.11,5.48,7.0,63.2,7.63,6.78,60.27,8.17,7.66,7.09,20.36,35.84,104.99,,,,0.0,0.0,0.0,0.0,0.0,0.0,3.0,0.0,1.0,0.0
True,2021/6/15 21:00:13,,3925340114024136885,Equ1,2021/6/15 20:45:25,1.0,0.0,0.0,1242.0,0.0,0.0,0.0,0.0,462.26,425.11,447.21,469.58,473.79,461.79,0.0,2.79,5.98,0.73,4.26,0.0,125.94,156.77,163.57,166.59,154.63,120.12,916.41,882.05,907.35,924.46,932.2,915.94,10646.73,21.58,0.05,30061.21,22.26,2.19,2.02,10.99,1908.13,1938.8,1.0,1.0,-2.31,4.04,3.67,3.61,0.0,0.0,3.26,3.77,4.51,3.74,0.0,0.0,0.0,0.0,5.0,12.0,6.0,12.0,6.0,12.0,5.0,12.0,0.0,0.0,158.0,161.0,162.0,160.0,6.92,5.5,6.27,5.71,8.5,4.92,5.19,6.57,5.35,7.02,6.88,7.54,7.37,9.06,9.43,11.12,10.94,13.61,14.04,13.14,33.22,5.95,6.52,7.74,6.82,7.12,5.48,7.0,63.2,7.63,6.79,60.27,8.18,7.64,7.09,20.35,35.85,104.92,,,,0.0,0.0,0.0,0.0,0.0,0.0,3.0,0.0,1.0,0.0
True,2021/6/15 21:00:13,,3925340114024136886,Equ1,2021/6/15 20:45:30,1.0,0.0,0.0,1242.0,0.0,0.0,0.0,0.0,462.26,425.11,447.21,469.58,473.79,461.79,0.0,2.85,5.94,0.7,4.25,0.0,127.13,157.52,158.85,166.7,151.68,117.2,918.78,884.48,909.67,926.8,934.56,918.31,10445.17,22.48,0.05,29806.36,23.83,2.45,2.02,11.78,1909.65,1972.44,1.0,1.0,-2.31,4.04,3.66,3.61,0.0,0.0,4.58,3.84,4.44,3.74,0.0,0.0,0.0,0.0,5.0,12.0,6.0,12.0,6.0,12.0,5.0,12.0,0.0,0.0,159.0,161.0,162.0,161.0,6.94,5.49,6.26,5.69,8.48,4.9,5.19,6.52,5.34,7.06,6.82,7.45,7.31,8.98,9.32,10.94,10.67,12.98,12.63,10.65,46.93,5.95,6.52,7.71,6.81,7.11,5.49,7.0,63.21,7.63,6.78,60.22,8.17,7.62,7.09,20.35,35.84,104.86,,,,0.0,0.0,0.0,0.0,0.0,0.0,3.0,0.0,1.0,0.0
True,2021/6/15 21:00:13,,3925340114024136887,Equ1,2021/6/15 20:45:35,1.0,0.0,0.0,1242.0,0.0,0.0,0.0,0.0,462.26,425.11,447.21,469.58,473.79,461.79,0.0,2.86,5.99,0.65,4.23,0.0,127.85,157.19,158.17,166.72,152.33,117.2,920.98,886.69,911.91,928.95,936.74,920.51,10432.35,18.62,0.06,29774.5,25.05,2.13,2.03,12.36,1930.99,1910.37,1.0,1.0,-2.31,4.04,3.67,3.62,0.0,0.0,3.3,4.34,4.38,3.75,0.0,0.0,0.0,0.0,5.0,12.0,6.0,12.0,6.0,12.0,5.0,12.0,0.0,0.0,159.0,162.0,163.0,161.0,6.96,5.48,6.24,5.67,8.45,4.86,5.19,6.47,5.32,7.06,6.75,7.36,7.28,8.89,9.22,10.79,10.43,12.46,11.72,9.55,19.95,5.96,6.52,7.74,6.81,7.11,5.48,6.99,63.2,7.62,6.78,60.28,8.18,7.62,7.09,20.35,35.82,104.8,,,,0.0,0.0,0.0,0.0,0.0,0.0,3.0,0.0,1.0,0.0
True,2021/6/15 21:00:13,,3925340114024136888,Equ1,2021/6/15 20:45:40,1.0,0.0,0.0,1242.0,0.0,0.0,0.0,0.0,462.26,425.11,447.21,469.58,473.79,461.79,0.0,2.97,6.14,0.67,4.23,0.0,127.6,157.65,159.26,166.83,153.44,119.4,923.09,888.91,914.18,931.08,938.85,922.62,10533.39,18.81,0.06,29965.64,25.93,2.23,2.02,12.81,1918.62,1824.36,1.0,1.0,-2.31,4.03,3.68,3.61,0.0,0.0,3.37,3.86,4.46,4.21,0.0,0.0,0.0,0.0,5.0,12.0,6.0,12.0,6.0,12.0,5.0,12.0,0.0,0.0,160.0,162.0,163.0,162.0,6.98,5.47,6.22,5.65,8.44,4.83,5.19,6.42,5.3,7.01,6.7,7.28,7.23,8.81,9.14,10.65,10.21,12.07,11.05,8.89,14.66,50.33,6.52,7.71,6.81,7.11,5.47,6.98,63.21,7.62,6.78,60.25,8.15,7.59,7.09,20.37,35.81,104.75,,,,0.0,0.0,0.0,0.0,0.0,0.0,3.0,0.0,1.0,0.0
True,2021/6/15 21:00:13,,3925340114024136889,Equ1,2021/6/15 20:45:45,1.0,0.0,0.0,1242.0,0.0,0.0,0.0,0.0,462.26,425.11,447.21,469.58,473.79,461.79,0.0,2.89,6.14,0.73,4.33,0.0,128.31,157.42,164.4,167.64,154.64,120.79,925.02,890.77,916.11,933.07,940.88,924.55,10621.6,22.57,0.05,30167.39,25.81,2.66,2.02,12.77,1906.18,2000.0,1.0,1.0,-2.31,4.03,3.68,3.61,0.0,0.0,3.27,3.96,4.62,3.75,0.0,0.0,0.0,0.0,5.0,12.0,6.0,12.0,6.0,12.0,5.0,12.0,0.0,0.0,160.0,163.0,164.0,162.0,7.01,5.47,6.2,5.63,8.42,4.8,5.19,6.37,5.3,6.97,6.66,7.2,7.2,8.74,9.06,10.54,10.04,11.75,10.5,8.44,12.54,21.63,6.53,7.73,6.81,7.12,5.49,6.98,63.21,7.63,6.78,60.3,8.19,7.58,7.09,20.38,35.82,104.69,,,,0.0,0.0,0.0,0.0,0.0,0.0,3.0,0.0,1.0,0.0
True,2021/6/15 21:00:13,,3925340114024136890,Equ1,2021/6/15 20:45:50,1.0,0.0,0.0,1242.0,0.0,0.0,0.0,0.0,462.26,425.11,447.21,469.58,473.79,461.79,0.0,2.89,6.13,0.67,4.29,0.0,126.48,157.02,164.63,166.68,152.6,118.36,927.27,893.01,918.35,935.26,943.09,926.8,10571.33,19.56,0.06,29997.49,25.21,2.25,2.03,12.45,1903.43,2000.0,1.0,1.0,-2.31,4.04,3.67,3.62,0.0,0.0,3.55,3.86,4.51,4.95,0.0,0.0,0.0,0.0,5.0,12.0,6.0,12.0,6.0,12.0,5.0,12.0,0.0,0.0,161.0,163.0,164.0,163.0,7.03,5.46,6.19,5.61,8.4,4.77,5.19,6.33,5.28,6.92,6.59,7.24,7.14,8.68,8.98,10.43,9.9,11.48,10.08,8.08,11.43,15.09,45.52,7.7,6.81,7.11,5.48,6.97,63.21,7.62,6.79,60.3,8.18,7.61,7.09,20.38,35.83,104.64,,,,0.0,0.0,0.0,0.0,0.0,0.0,3.0,0.0,1.0,0.0
True,2021/6/15 21:00:13,,3925340114024136891,Equ1,2021/6/15 20:45:55,1.0,0.0,0.0,1242.0,0.0,0.0,0.0,0.0,462.26,425.11,447.21,469.58,473.79,461.79,0.0,2.89,6.06,0.58,4.25,0.0,127.52,157.81,163.41,167.07,153.28,119.23,929.33,895.07,920.34,937.23,945.11,928.86,10508.25,20.19,0.06,30061.21,24.45,2.25,2.02,12.08,1906.18,1924.7,1.0,1.0,-2.31,4.04,3.67,3.62,0.0,0.0,3.98,4.04,5.09,3.74,0.0,0.0,0.0,0.0,5.0,12.0,6.0,12.0,6.0,12.0,5.0,12.0,0.0,0.0,161.0,164.0,165.0,163.0,7.05,5.46,6.17,5.6,8.4,4.75,5.2,6.28,5.27,6.89,6.56,7.13,7.12,8.62,8.92,10.34,9.75,11.26,9.73,7.82,10.7,13.04,24.55,7.72,6.82,7.12,5.48,6.97,63.22,7.63,6.79,60.34,8.2,7.58,7.09,20.36,35.82,104.6,,,,0.0,0.0,0.0,0.0,0.0,0.0,3.0,0.0,1.0,0.0
True,2021/6/15 21:00:13,,3925340114024136892,Equ1,2021/6/15 20:46:00,1.0,0.0,0.0,1242.0,0.0,0.0,0.0,0.0,462.26,425.11,447.21,469.58,473.79,461.79,0.0,2.84,6.0,0.54,4.25,0.0,127.69,157.1,162.18,166.96,153.76,119.79,931.47,897.16,922.42,939.33,947.25,931.0,10521.07,20.84,0.05,30061.21,24.8,2.36,2.02,12.25,1935.55,1904.08,1.0,1.0,-2.31,4.05,3.67,3.62,0.0,0.0,4.38,3.86,4.41,3.39,0.0,0.0,0.0,0.0,5.0,12.0,6.0,12.0,6.0,12.0,5.0,12.0,0.0,0.0,162.0,164.0,165.0,164.0,7.07,5.45,6.15,5.58,8.38,4.72,5.2,6.24,5.25,6.85,6.5,7.05,7.08,8.57,8.86,10.25,9.64,11.05,9.44,7.62,10.19,11.75,16.7,45.35,6.81,7.11,5.48,6.97,63.22,7.62,6.79,60.34,8.19,7.54,7.09,20.36,35.81,104.56,,,,0.0,0.0,0.0,0.0,0.0,0.0,3.0,0.0,1.0,0.0
True,2021/6/15 21:00:13,,3925340114024136893,Equ1,2021/6/15 20:46:05,1.0,0.0,0.0,1242.0,0.0,0.0,0.0,0.0,462.26,425.11,447.21,469.58,473.79,461.79,0.0,2.91,6.02,0.51,4.23,0.0,126.32,157.26,158.75,166.68,151.82,117.84,933.76,899.52,924.73,941.59,949.52,933.29,10470.8,16.98,0.07,29774.5,25.92,2.01,2.03,12.8,1919.34,1983.0,1.0,1.0,-2.31,4.04,3.67,3.62,0.0,0.0,4.13,4.09,4.21,3.73,0.0,0.0,0.0,0.0,5.0,12.0,6.0,12.0,6.0,12.0,5.0,12.0,0.0,0.0,162.0,165.0,166.0,164.0,7.09,5.45,6.13,5.56,8.36,4.69,5.2,6.19,5.23,6.8,6.46,7.01,7.05,8.52,8.81,10.17,9.52,10.87,9.19,7.46,9.76,10.97,14.1,17.25,6.81,7.12,5.49,6.97,63.22,7.62,6.8,60.34,8.19,7.54,7.09,20.36,35.8,104.53,,,,0.0,0.0,0.0,0.0,0.0,0.0,3.0,0.0,1.0,0.0
True,2021/6/15 21:00:13,,3925340114024136894,Equ1,2021/6/15 20:46:10,1.0,0.0,0.0,1242.0,0.0,0.0,0.0,0.0,462.26,425.11,447.21,469.58,473.79,461.79,0.0,2.96,6.11,0.54,4.24,0.0,127.95,157.13,160.42,167.22,153.73,119.84,935.8,901.61,926.85,943.66,951.57,935.33,10584.15,19.81,0.06,29997.49,25.24,2.28,2.02,12.47,1907.33,1961.73,1.0,1.0,-2.31,4.03,3.68,3.61,0.0,0.0,3.59,3.88,4.38,4.29,0.0,0.0,0.0,0.0,5.0,12.0,6.0,12.0,6.0,12.0,5.0,12.0,0.0,0.0,163.0,165.0,166.0,165.0,7.11,5.44,6.11,5.54,8.34,4.67,5.2,6.13,5.22,6.76,6.42,6.96,7.02,8.52,8.76,10.1,9.43,10.72,8.99,7.33,9.45,10.41,12.7,13.71,43.33,7.12,5.48,6.96,63.23,7.62,6.79,60.35,8.18,7.52,7.09,20.36,35.8,104.5,,,,0.0,0.0,0.0,0.0,0.0,0.0,3.0,0.0,1.0,0.0
True,2021/6/15 21:00:13,,3925340114024136895,Equ1,2021/6/15 20:46:15,1.0,0.0,0.0,1242.0,0.0,0.0,0.0,0.0,462.26,425.11,447.21,469.58,473.79,461.79,0.0,2.8,6.09,0.57,4.32,0.0,126.66,157.49,167.43,167.39,157.05,123.39,937.03,902.68,928.07,944.92,952.89,936.56,10773.4,23.4,0.05,30379.76,23.71,2.54,2.02,11.72,1894.53,2000.0,1.0,1.0,-2.31,4.03,3.68,3.62,0.0,0.0,5.7,4.01,4.09,3.93,0.0,0.0,0.0,0.0,5.0,12.0,6.0,12.0,6.0,12.0,5.0,12.0,0.0,0.0,163.0,166.0,167.0,165.0,7.14,5.43,6.1,5.53,8.34,4.65,5.2,6.09,5.2,6.74,6.39,6.92,7.0,8.52,8.72,10.05,9.35,10.61,8.86,7.25,9.25,10.04,11.89,12.59,23.54,7.13,5.49,6.97,63.23,7.63,6.8,60.37,8.19,7.52,7.09,20.36,35.83,104.47,,,,0.0,0.0,0.0,0.0,0.0,0.0,3.0,0.0,1.0,0.0
True,2021/6/15 21:00:13,,3925340114024136896,Equ1,2021/6/15 20:46:20,1.0,0.0,0.0,1242.0,0.0,0.0,0.0,0.0,462.26,425.11,447.21,469.58,473.79,461.79,0.0,2.72,5.92,0.52,4.32,0.0,126.61,156.96,164.67,166.99,155.51,121.21,938.89,904.46,929.76,946.72,954.73,938.42,10723.14,20.9,0.06,30220.48,22.91,2.18,2.03,11.31,1902.56,1799.91,1.0,1.0,-2.31,4.03,3.67,3.62,0.0,0.0,3.61,3.61,4.12,2.98,0.0,0.0,0.0,0.0,5.0,12.0,6.0,12.0,6.0,12.0,5.0,12.0,0.0,0.0,164.0,166.0,167.0,166.0,7.16,5.43,6.09,5.51,8.31,4.62,5.2,6.04,5.19,6.69,6.35,6.88,6.96,8.48,8.61,9.98,9.27,10.49,8.71,7.16,9.03,9.69,11.22,11.79,15.64,51.31,5.47,6.95,63.22,7.62,6.81,60.37,8.18,7.51,7.09,20.33,35.84,104.44,,,,0.0,0.0,0.0,0.0,0.0,0.0,3.0,0.0,1.0,0.0
True,2021/6/15 21:00:13,,3925340114024136897,Equ1,2021/6/15 20:46:25,1.0,0.0,0.0,1242.0,0.0,0.0,0.0,0.0,462.26,425.11,447.21,469.58,473.79,461.79,0.0,2.77,5.89,0.51,4.29,0.0,126.88,157.67,159.61,166.97,151.75,117.74,941.19,906.82,932.04,949.02,957.02,940.72,10622.1,21.21,0.05,29870.07,23.47,2.27,2.02,11.6,1914.64,1906.1,1.0,1.0,-2.31,4.04,3.67,3.62,0.0,0.0,3.26,3.77,4.04,3.73,0.0,0.0,0.0,0.0,5.0,12.0,6.0,12.0,6.0,12.0,5.0,12.0,0.0,0.0,164.0,167.0,168.0,166.0,7.18,5.42,6.08,5.51,8.31,4.61,5.21,6.0,5.16,6.66,6.32,6.83,6.93,8.43,8.56,9.92,9.2,10.37,8.58,7.08,8.84,9.4,10.7,11.19,13.28,30.0,5.49,6.96,63.23,7.63,6.81,60.36,8.18,7.49,7.09,20.33,35.83,104.42,,,,0.0,0.0,0.0,0.0,0.0,0.0,3.0,0.0,1.0,0.0
True,2021/6/15 21:00:13,,3925340114024136898,Equ1,2021/6/15 20:46:30,1.0,0.0,0.0,1242.0,0.0,0.0,0.0,0.0,462.26,425.11,447.21,469.58,473.79,461.79,0.0,2.75,5.89,0.43,4.27,0.0,128.76,156.76,160.81,167.33,153.1,118.81,943.38,908.98,934.22,951.13,959.18,942.91,10609.79,22.39,0.05,29997.49,23.36,2.39,2.02,11.54,1925.85,1949.58,1.0,1.0,-2.31,4.04,3.66,3.62,0.0,0.0,3.57,3.65,4.64,4.82,0.0,0.0,0.0,0.0,5.0,12.0,6.0,12.0,6.0,12.0,5.0,12.0,0.0,0.0,165.0,167.0,168.0,167.0,7.2,5.42,6.08,5.5,8.32,4.58,5.21,5.95,5.14,6.62,6.28,6.79,6.92,8.39,8.6,9.95,9.13,10.26,8.44,7.0,8.67,9.17,10.3,10.73,12.08,16.2,52.58,6.94,63.23,7.62,6.81,60.38,8.18,7.49,7.09,20.33,35.83,104.39,,,,0.0,0.0,0.0,0.0,0.0,0.0,3.0,0.0,1.0,0.0
True,2021/6/15 21:00:13,,3925340114024136899,Equ1,2021/6/15 20:46:35,1.0,0.0,0.0,1242.0,0.0,0.0,0.0,0.0,462.26,425.11,447.21,469.58,473.79,461.79,0.0,2.85,5.95,0.4,4.25,0.0,127.24,157.41,158.35,166.51,152.27,117.97,945.63,911.33,936.53,953.35,961.41,945.16,10533.89,17.07,0.07,29774.5,25.44,1.98,2.02,12.56,1922.81,1922.38,1.0,1.0,-2.31,4.04,3.67,3.62,0.0,0.0,3.17,4.96,7.53,3.43,0.0,0.0,0.0,0.0,5.0,12.0,6.0,12.0,6.0,12.0,5.0,12.0,0.0,0.0,165.0,168.0,169.0,167.0,7.22,5.41,6.06,5.49,8.35,4.57,5.21,5.9,5.12,6.59,6.25,6.75,6.89,8.34,8.59,9.86,9.06,10.17,8.33,6.94,8.54,8.96,9.95,10.38,11.28,13.61,23.34,6.94,63.22,7.62,6.8,60.37,8.18,7.47,7.1,20.33,35.8,104.37,,,,0.0,0.0,0.0,0.0,0.0,0.0,3.0,0.0,1.0,0.0
True,2021/6/15 21:00:13,,3925340114024136900,Equ1,2021/6/15 20:46:40,1.0,0.0,0.0,1242.0,0.0,0.0,0.0,0.0,462.26,425.11,447.21,469.58,473.79,461.79,0.0,2.91,6.11,0.42,4.25,0.0,127.56,157.39,160.13,167.33,154.4,120.38,947.52,913.28,938.58,955.26,963.3,947.05,10735.96,19.68,0.06,29997.49,25.86,2.32,2.02,12.78,1908.64,1916.31,1.0,1.0,-2.31,4.03,3.67,3.61,0.0,0.0,3.94,3.84,4.66,5.01,0.0,0.0,0.0,0.0,5.0,12.0,6.0,12.0,6.0,12.0,5.0,12.0,0.0,0.0,166.0,168.0,169.0,168.0,7.24,5.4,6.05,5.46,8.33,4.54,5.2,5.86,5.1,6.55,6.22,6.71,6.86,8.3,8.57,9.76,8.94,10.09,8.23,6.89,8.41,8.79,9.69,10.1,10.76,12.29,12.83,50.23,63.22,7.62,6.8,60.36,8.18,7.45,7.09,20.35,35.79,104.35,,,,0.0,0.0,0.0,0.0,0.0,0.0,3.0,0.0,1.0,0.0
True,2021/6/15 21:00:13,,3925340114024136901,Equ1,2021/6/15 20:46:45,1.0,0.0,0.0,1242.0,0.0,0.0,0.0,0.0,462.26,425.11,447.21,469.58,473.79,461.79,0.0,2.78,6.07,0.48,4.32,0.0,127.56,157.1,166.04,167.53,155.43,121.66,949.38,915.01,940.4,957.17,965.23,948.91,10761.09,23.01,0.05,30326.67,24.4,2.56,2.03,12.05,1928.46,1988.86,1.0,1.0,-2.31,4.03,3.68,3.62,0.0,0.0,2.8,4.7,4.42,4.38,0.0,0.0,0.0,0.0,5.0,12.0,6.0,12.0,6.0,12.0,5.0,12.0,0.0,0.0,166.0,169.0,170.0,168.0,7.27,5.39,6.03,5.45,8.3,4.51,5.21,5.82,5.08,6.51,6.18,6.67,6.84,8.26,8.55,9.72,8.93,10.01,8.15,6.86,8.32,8.63,9.47,9.92,10.37,11.56,10.77,50.66,63.23,7.62,6.8,60.36,8.17,7.44,7.09,20.34,35.82,104.32,,,,0.0,0.0,0.0,0.0,0.0,0.0,3.0,0.0,1.0,0.0
True,2021/6/15 21:00:13,,3925340114024136902,Equ1,2021/6/15 20:46:50,1.0,0.0,0.0,1242.0,0.0,0.0,0.0,0.0,462.26,425.11,447.21,469.58,473.79,461.79,0.0,2.84,6.07,0.45,4.33,0.0,125.39,156.92,163.11,166.22,152.3,117.69,951.65,917.34,942.67,959.41,967.51,951.18,10685.69,19.51,0.06,29827.6,24.4,2.17,2.02,12.05,1911.31,1874.13,1.0,1.0,-2.31,4.04,3.67,3.62,0.0,0.0,3.41,3.75,4.56,3.1,0.0,0.0,0.0,0.0,5.0,12.0,6.0,12.0,6.0,12.0,5.0,12.0,0.0,0.0,167.0,169.0,170.0,169.0,7.29,5.38,6.02,5.42,8.27,4.48,5.2,5.78,5.05,6.48,6.15,6.62,6.82,8.22,8.51,9.65,8.88,9.93,8.07,6.82,8.21,8.5,9.27,9.72,10.06,11.04,9.67,45.83,63.67,7.61,6.8,60.36,8.16,7.42,7.09,20.33,35.81,104.3,,,,0.0,0.0,0.0,0.0,0.0,0.0,3.0,0.0,1.0,0.0
True,2021/6/15 21:00:13,,3925340114024136903,Equ1,2021/6/15 20:46:55,1.0,0.0,0.0,1242.0,0.0,0.0,0.0,0.0,462.26,425.11,447.21,469.58,473.79,461.79,0.0,2.85,6.01,0.39,4.29,0.0,127.71,156.61,160.21,167.0,152.11,117.97,953.82,919.52,944.78,961.53,969.64,953.35,10584.66,19.79,0.06,29870.07,24.55,2.22,2.02,12.12,1918.33,1901.33,1.0,1.0,-2.31,4.05,3.67,3.63,0.0,0.0,3.09,3.67,3.57,3.36,0.0,0.0,0.0,0.0,5.0,12.0,6.0,12.0,6.0,12.0,5.0,12.0,0.0,0.0,167.0,170.0,171.0,169.0,7.31,5.37,6.01,5.41,8.28,4.47,5.21,5.74,5.03,6.44,6.12,6.59,6.81,8.19,8.49,9.62,8.83,9.86,8.01,6.79,8.13,8.39,9.09,9.58,9.8,10.65,9.03,43.13,67.86,7.62,6.8,60.35,8.16,7.42,7.09,20.32,35.8,104.29,,,,0.0,0.0,0.0,0.0,0.0,0.0,3.0,0.0,1.0,0.0
True,2021/6/15 21:00:13,,3925340114024136904,Equ1,2021/6/15 20:47:00,1.0,0.0,0.0,1242.0,0.0,0.0,0.0,0.0,462.26,425.11,447.21,469.58,473.79,461.79,0.0,2.88,6.03,0.36,4.3,0.0,127.58,156.7,159.42,166.67,152.18,118.52,956.0,921.73,946.99,963.68,971.83,955.53,10584.66,20.2,0.06,29870.07,25.29,2.33,2.03,12.49,1923.68,1926.65,1.0,1.0,-2.31,4.05,3.67,3.63,0.0,0.0,3.62,3.94,4.53,3.4,0.0,0.0,0.0,0.0,5.0,12.0,6.0,12.0,6.0,12.0,5.0,12.0,0.0,0.0,168.0,170.0,171.0,170.0,7.33,5.36,5.99,5.39,8.26,4.48,5.21,5.71,5.01,6.41,6.09,6.55,6.79,8.15,8.46,9.57,8.85,9.79,7.95,6.77,8.06,8.29,8.95,9.45,9.59,10.32,8.56,19.43,67.52,7.62,6.8,60.35,8.17,7.41,7.09,20.32,35.78,104.27,,,,0.0,0.0,0.0,0.0,0.0,0.0,3.0,0.0,1.0,0.0
True,2021/6/15 21:00:13,,3925340114024136905,Equ1,2021/6/15 20:47:05,1.0,0.0,0.0,1242.0,0.0,0.0,0.0,0.0,462.26,425.11,447.21,469.58,473.79,461.79,0.0,3.01,6.13,0.32,4.24,0.0,126.14,156.96,157.15,166.36,151.68,117.71,958.29,924.15,949.37,965.92,974.05,957.82,10534.39,17.34,0.07,29668.32,26.98,2.14,2.02,13.33,1940.47,2000.0,1.0,1.0,-2.31,4.04,3.67,3.62,0.0,0.0,3.31,4.16,4.46,2.72,0.0,0.0,0.0,0.0,5.0,12.0,6.0,12.0,6.0,12.0,5.0,12.0,0.0,0.0,168.0,171.0,172.0,170.0,7.35,5.35,5.98,5.38,8.23,4.47,5.21,5.67,4.98,6.38,6.06,6.51,6.77,8.12,8.43,9.53,8.8,9.71,7.93,6.75,7.99,8.21,8.82,9.33,9.42,10.06,8.2,14.1,67.53,57.14,6.79,60.32,8.15,7.4,7.09,20.34,35.71,104.25,,,,0.0,0.0,0.0,0.0,0.0,0.0,3.0,0.0,1.0,0.0
True,2021/6/15 21:00:13,,3925340114024136906,Equ1,2021/6/15 20:47:10,1.0,0.0,0.0,1242.0,0.0,0.0,0.0,0.0,462.26,425.11,447.21,469.58,473.79,461.79,0.0,3.08,6.26,0.37,4.26,0.0,127.33,156.92,157.51,166.61,151.84,118.53,960.39,926.33,951.61,968.08,976.19,959.92,10522.08,20.29,0.06,29774.5,26.73,2.48,2.02,13.21,1935.62,1957.32,1.0,1.0,-2.31,4.04,3.68,3.63,0.0,0.0,4.09,3.88,4.56,6.54,0.0,0.0,0.0,0.0,5.0,12.0,6.0,12.0,6.0,12.0,5.0,12.0,0.0,0.0,169.0,171.0,172.0,171.0,7.37,5.35,5.96,5.35,8.22,4.47,5.21,5.63,4.97,6.35,6.04,6.48,6.76,8.09,8.4,9.49,8.74,9.64,7.89,6.73,7.93,8.14,8.7,9.23,9.25,9.86,7.91,12.23,67.51,26.49,6.8,60.35,8.17,7.39,7.09,20.36,35.74,104.24,,,,0.0,0.0,0.0,0.0,0.0,0.0,3.0,0.0,1.0,0.0
True,2021/6/15 21:00:13,,3925340114024136907,Equ1,2021/6/15 20:47:15,1.0,0.0,0.0,1242.0,0.0,0.0,0.0,0.0,462.26,425.11,447.21,469.58,473.79,461.79,0.0,2.99,6.19,0.36,4.3,0.0,126.81,156.84,160.39,166.85,151.59,118.14,962.61,928.45,953.76,970.29,978.45,962.14,10471.31,22.51,0.05,29838.22,26.33,2.71,2.02,13.02,1936.85,1941.33,1.0,1.0,-2.31,4.04,3.68,3.62,0.0,0.0,3.31,5.1,4.45,4.43,0.0,0.0,0.0,0.0,5.0,12.0,6.0,12.0,6.0,12.0,5.0,12.0,0.0,0.0,169.0,172.0,173.0,171.0,7.39,5.34,5.95,5.33,8.21,4.46,5.22,5.6,4.95,6.31,6.01,6.45,6.74,8.07,8.39,9.45,8.69,9.57,7.86,6.72,7.89,8.07,8.61,9.13,9.13,9.68,7.68,11.28,67.5,20.57,44.17,60.28,8.13,7.38,7.09,20.34,35.74,104.22,,,,0.0,0.0,0.0,0.0,0.0,0.0,3.0,0.0,1.0,0.0
True,2021/6/15 21:00:13,,3925340114024136908,Equ1,2021/6/15 20:47:20,1.0,0.0,0.0,1242.0,0.0,0.0,0.0,0.0,462.26,425.11,447.21,469.58,473.79,461.79,0.0,3.03,6.14,0.28,4.26,0.0,126.58,157.28,157.91,166.32,149.65,114.6,965.1,930.99,956.2,972.7,980.9,964.64,10383.09,18.8,0.06,29572.75,27.37,2.35,2.02,13.52,1917.1,1928.6,1.0,1.0,-2.31,4.05,3.67,3.63,0.0,0.0,4.37,4.58,4.72,3.23,0.0,0.0,0.0,0.0,5.0,12.0,6.0,12.0,6.0,12.0,5.0,12.0,0.0,0.0,170.0,172.0,173.0,172.0,7.42,5.33,5.94,5.32,8.19,4.44,5.22,5.57,4.93,6.29,5.98,6.42,6.73,8.04,8.36,9.42,8.65,9.51,7.84,6.73,7.84,8.02,8.52,9.05,9.02,9.51,7.49,10.68,67.49,17.59,15.01,60.32,8.17,7.37,7.09,20.32,35.72,104.21,,,,0.0,0.0,0.0,0.0,0.0,0.0,3.0,0.0,1.0,0.0
True,2021/6/15 21:00:13,,3925340114024136909,Equ1,2021/6/15 20:47:30,1.0,0.0,0.0,1242.0,0.0,0.0,0.0,0.0,462.26,425.11,447.21,469.58,473.79,461.79,0.0,3.07,6.15,0.18,4.22,0.0,127.08,157.12,157.49,166.44,151.33,115.6,969.19,935.11,960.29,976.69,984.94,968.72,10433.86,20.11,0.06,29572.75,26.91,2.47,2.03,13.28,1926.0,1933.02,1.0,1.0,-2.31,4.05,3.67,3.64,0.0,0.0,3.75,2.18,4.8,2.77,0.0,0.0,0.0,0.0,5.0,12.0,6.0,12.0,6.0,12.0,5.0,12.0,0.0,0.0,171.0,173.0,174.0,173.0,7.46,5.32,5.91,5.29,8.18,4.43,5.23,5.52,4.92,6.24,5.95,6.39,6.71,8.0,8.32,9.36,8.58,9.4,7.8,6.72,7.77,7.93,8.39,8.95,8.84,9.28,7.22,9.97,67.52,15.08,11.34,63.42,8.19,7.38,7.09,20.32,35.68,104.18,,,,0.0,0.0,0.0,0.0,0.0,0.0,2.0,0.0,1.0,0.0
True,2021/6/15 21:00:13,,3925340114024136910,Equ1,2021/6/15 20:47:35,1.0,0.0,0.0,1242.0,0.0,0.0,0.0,0.0,462.26,425.11,447.21,469.58,473.79,461.79,0.0,3.27,6.24,0.19,4.21,0.0,125.41,156.71,152.82,166.38,148.09,110.89,971.73,937.85,962.92,979.24,987.47,971.26,10244.61,17.83,0.06,29158.63,28.73,2.34,2.02,14.19,1930.56,1921.66,1.0,1.0,-2.31,4.05,3.67,3.63,0.0,0.0,3.05,3.5,4.45,3.87,0.0,0.0,0.0,0.0,5.0,12.0,6.0,12.0,6.0,12.0,5.0,12.0,0.0,0.0,171.0,174.0,174.0,173.0,7.47,5.31,5.91,5.27,8.16,4.41,5.22,5.49,4.9,6.21,5.91,6.36,6.69,7.98,8.29,9.33,8.54,9.35,7.77,6.71,7.74,7.9,8.3,8.87,8.75,9.18,7.09,9.68,67.51,14.24,10.59,63.26,55.41,7.37,7.1,20.33,35.59,104.17,,,,0.0,0.0,0.0,0.0,0.0,0.0,2.0,0.0,1.0,0.0
True,2021/6/15 21:00:13,,3925340114024136911,Equ1,2021/6/15 20:47:40,1.0,0.0,0.0,1242.0,0.0,0.0,0.0,0.0,462.26,425.11,447.21,469.58,473.79,461.79,0.0,3.31,6.38,0.26,4.27,0.0,127.58,156.92,154.09,166.64,149.64,111.46,973.98,940.15,965.31,981.57,989.79,973.52,10294.88,19.76,0.06,29349.76,28.09,2.54,2.02,13.89,1919.2,1894.03,1.0,1.0,-2.31,4.05,3.68,3.63,0.0,0.0,3.78,4.06,4.33,4.36,0.0,0.0,0.0,0.0,5.0,12.0,6.0,12.0,6.0,12.0,5.0,12.0,0.0,0.0,172.0,174.0,175.0,174.0,7.5,5.31,5.9,5.24,8.15,4.4,5.23,5.46,4.89,6.21,5.91,6.34,6.68,7.95,8.27,9.3,8.5,9.29,7.74,6.71,7.73,7.85,8.23,8.82,8.67,9.08,6.98,9.44,67.51,13.57,10.12,63.22,29.63,7.35,7.09,20.35,35.62,104.15,,,,0.0,0.0,0.0,0.0,0.0,0.0,2.0,0.0,1.0,0.0
True,2021/6/15 21:00:13,,3925340114024136912,Equ1,2021/6/15 20:47:45,1.0,0.0,0.0,1242.0,0.0,0.0,0.0,0.0,462.26,425.11,447.21,469.58,473.79,461.79,0.0,3.16,6.28,0.25,4.34,0.0,126.63,156.73,159.36,166.45,151.3,113.25,976.14,942.16,967.38,983.72,992.02,975.67,10370.78,21.64,0.05,29615.22,27.31,2.7,2.02,13.49,1920.14,1931.21,1.0,1.0,-2.31,4.04,3.67,3.62,0.0,0.0,2.87,3.03,4.46,3.83,0.0,0.0,0.0,0.0,5.0,12.0,6.0,12.0,6.0,12.0,5.0,12.0,0.0,0.0,172.0,175.0,175.0,174.0,7.51,5.29,5.89,5.23,8.14,4.38,5.23,5.43,4.87,6.19,5.89,6.35,6.66,7.93,8.24,9.27,8.46,9.24,7.71,6.7,7.7,7.83,8.31,8.76,8.6,8.98,6.89,9.25,67.5,13.07,9.76,63.18,19.33,48.33,7.09,20.32,35.63,104.14,,,,0.0,0.0,0.0,0.0,0.0,0.0,2.0,0.0,1.0,0.0
True,2021/6/15 21:00:13,,3925340114024136913,Equ1,2021/6/15 20:47:50,1.0,0.0,0.0,1242.0,0.0,0.0,0.0,0.0,462.26,425.11,447.21,469.58,473.79,461.79,0.0,3.22,6.27,0.18,4.27,0.0,125.56,156.79,157.47,166.15,148.38,108.97,978.71,944.78,969.93,986.21,994.51,978.24,10320.51,19.37,0.06,29254.19,28.22,2.5,2.02,13.94,1927.95,1915.07,1.0,1.0,-2.31,4.05,3.67,3.63,0.0,0.0,3.83,3.84,4.31,3.03,0.0,0.0,0.0,0.0,5.0,12.0,6.0,12.0,6.0,12.0,5.0,12.0,0.0,0.0,173.0,175.0,176.0,175.0,7.55,5.29,5.87,5.21,8.13,4.37,5.23,5.41,4.87,6.17,5.86,6.33,6.66,7.91,8.22,9.24,8.43,9.2,7.7,6.69,7.67,7.81,8.18,8.72,8.53,8.91,6.81,9.09,67.5,12.66,9.5,63.17,16.19,27.92,7.1,20.31,35.61,104.12,,,,0.0,0.0,0.0,0.0,0.0,0.0,2.0,0.0,1.0,0.0
True,2021/6/15 21:00:13,,3925340114024136914,Equ1,2021/6/15 20:47:55,1.0,0.0,0.0,1242.0,0.0,0.0,0.0,0.0,462.26,425.11,447.21,469.58,473.79,461.79,0.0,3.37,6.39,0.17,4.26,0.0,126.46,157.15,153.95,166.13,147.38,105.8,981.21,947.44,972.56,988.71,997.01,980.74,10194.34,19.81,0.06,29063.06,28.48,2.58,2.03,14.06,1914.14,1880.64,1.0,1.0,-2.31,4.05,3.67,3.64,0.0,0.0,4.43,6.08,4.49,4.04,0.0,0.0,0.0,0.0,5.0,12.0,6.0,12.0,6.0,12.0,5.0,12.0,0.0,0.0,173.0,176.0,176.0,175.0,7.56,42.08,5.86,5.2,8.12,4.36,5.23,5.38,4.86,6.14,5.83,6.29,6.55,7.89,8.21,9.21,8.39,9.15,7.67,6.69,7.64,7.78,8.08,8.68,8.47,8.84,6.73,8.95,67.49,12.32,9.28,63.15,14.69,18.76,7.09,20.32,35.56,104.11,,,,0.0,0.0,0.0,0.0,0.0,0.0,2.0,0.0,1.0,0.0
True,2021/6/15 21:00:13,,3925340114024136915,Equ1,2021/6/15 20:48:00,1.0,0.0,0.0,1242.0,0.0,0.0,0.0,0.0,462.26,425.11,447.21,469.58,473.79,461.79,0.0,3.44,6.41,0.21,4.29,0.0,126.01,155.84,152.6,165.61,145.8,102.66,983.73,950.02,975.09,991.26,999.55,983.26,10043.04,20.45,0.05,28840.07,29.21,2.73,2.02,14.43,1906.32,1885.2,1.0,1.0,-2.31,4.05,3.66,3.63,0.0,0.0,4.02,4.03,4.76,8.12,0.0,0.0,0.0,0.0,5.0,12.0,6.0,12.0,6.0,12.0,5.0,12.0,0.0,0.0,174.0,176.0,177.0,176.0,7.59,41.99,5.84,5.18,8.11,4.35,5.23,5.36,4.84,6.11,5.81,6.22,6.55,7.87,8.18,9.18,8.36,9.1,7.66,6.68,7.62,7.75,8.03,8.63,8.41,8.77,6.66,8.82,67.49,12.03,9.12,63.12,13.74,15.62,7.1,20.32,35.55,104.09,,,,0.0,0.0,0.0,0.0,0.0,0.0,2.0,0.0,1.0,0.0
True,2021/6/15 21:00:13,,3925340114024136916,Equ1,2021/6/15 20:48:05,1.0,0.0,469.58,1242.0,0.0,0.0,0.0,0.0,1584.59,1585.55,614.7,615.65,0.0,0.0,2066.29,2066.78,2944.83,2945.78,0.0,0.0,47.54,59.97,48.71,59.82,48.42,57.98,1706.19,1707.11,1631.52,1632.44,2153.73,2154.68,10156.39,17.02,0.06,29009.96,30.77,2.39,2.02,15.2,1914.86,1906.83,1.0,1.0,-2.31,4.05,3.66,3.63,0.0,0.0,4.13,4.05,4.51,4.01,0.0,0.0,0.0,0.0,5.0,12.0,6.0,12.0,6.0,12.0,5.0,12.0,0.0,0.0,174.0,177.0,177.0,176.0,7.6,10.47,5.83,5.17,8.1,4.33,5.23,5.33,4.83,6.08,5.79,6.23,6.74,7.85,8.17,9.16,8.32,9.05,7.64,6.68,7.59,7.72,7.99,8.61,8.36,8.72,6.6,8.71,67.48,11.77,8.99,63.12,13.03,13.93,24.88,25.83,2404.83,2405.78,,,,0.0,0.0,0.0,0.0,0.0,0.0,35.5,20.38,1.0,0.0
True,2021/6/15 21:00:13,,3925340114024136917,Equ1,2021/6/15 20:48:10,1.0,0.0,0.0,1242.0,0.0,0.0,0.0,0.0,462.26,425.11,447.21,469.58,473.79,461.79,0.0,3.55,6.7,0.31,4.41,0.0,127.26,156.39,158.29,166.74,152.68,108.68,987.98,954.39,979.63,995.61,1003.93,987.51,10421.54,20.46,0.06,29487.8,27.54,2.57,2.02,13.61,1913.12,1868.85,1.0,1.0,-2.31,4.03,3.67,3.63,0.0,0.0,3.7,4.1,4.64,4.89,0.0,0.0,0.0,0.0,5.0,12.0,6.0,12.0,6.0,12.0,5.0,12.0,0.0,0.0,175.0,177.0,178.0,177.0,7.63,8.63,40.46,5.15,8.1,4.32,5.24,5.31,4.82,6.06,5.76,6.21,6.72,8.03,8.15,9.13,8.29,9.02,7.64,6.68,7.58,7.7,7.96,8.57,8.34,8.67,6.53,8.61,67.49,11.56,8.88,63.11,12.53,12.93,7.09,20.42,35.52,104.01,,,,0.0,0.0,0.0,0.0,0.0,0.0,2.0,0.0,1.0,0.0
True,2021/6/15 21:00:13,,3925340114024136918,Equ1,2021/6/15 20:48:15,1.0,0.0,0.0,1242.0,0.0,0.0,0.0,0.0,462.26,425.11,447.21,469.58,473.79,461.79,0.0,3.35,6.54,0.25,4.4,0.0,126.01,156.79,162.18,165.9,151.91,109.23,990.17,956.37,981.67,997.74,1006.1,989.7,10560.03,23.68,0.05,29540.89,26.43,2.86,2.02,13.05,1908.42,1940.03,1.0,1.0,-2.31,4.03,3.66,3.61,0.0,0.0,3.69,3.2,4.44,2.55,0.0,0.0,0.0,0.0,5.0,12.0,6.0,12.0,6.0,12.0,5.0,12.0,0.0,0.0,175.0,178.0,178.0,177.0,7.64,7.81,16.27,5.14,8.1,4.32,5.24,5.3,4.81,6.04,5.75,6.19,6.72,7.94,8.15,9.11,8.26,8.97,7.63,6.67,7.56,7.67,7.93,8.54,8.45,8.62,6.48,8.52,67.48,11.36,8.78,63.11,12.14,12.23,7.09,20.41,35.54,103.96,,,,0.0,0.0,0.0,0.0,0.0,0.0,2.0,0.0,1.0,0.0
True,2021/6/15 21:00:13,,3925340114024136919,Equ1,2021/6/15 20:48:20,1.0,0.0,0.0,1242.0,0.0,0.0,0.0,0.0,462.26,425.11,447.21,469.58,473.79,461.79,0.0,3.52,6.63,0.23,4.38,0.0,124.55,156.16,157.2,165.94,149.05,104.07,992.68,959.05,984.26,1000.23,1008.59,992.21,10358.46,20.81,0.05,29031.2,26.75,2.54,2.02,13.22,1910.45,1894.46,1.0,1.0,-2.31,4.04,3.65,3.62,0.0,0.0,4.13,4.08,4.25,3.09,0.0,0.0,0.0,0.0,5.0,12.0,6.0,12.0,6.0,12.0,5.0,12.0,0.0,0.0,176.0,178.0,179.0,178.0,7.68,7.36,11.79,49.9,8.07,4.29,5.24,5.27,4.8,6.01,5.72,6.17,6.68,7.89,8.11,9.07,8.22,8.93,7.6,6.68,7.53,7.64,7.89,8.5,8.39,8.59,6.42,8.43,67.47,11.17,8.67,63.1,11.81,11.69,7.09,20.41,35.52,103.91,,,,0.0,0.0,0.0,0.0,0.0,0.0,2.0,0.0,1.0,0.0
True,2021/6/15 21:00:13,,3925340114024136920,Equ1,2021/6/15 20:48:25,1.0,0.0,0.0,1242.0,0.0,0.0,0.0,0.0,462.26,425.11,447.21,469.58,473.79,461.79,0.0,3.61,6.66,0.21,4.35,0.0,125.78,156.24,155.12,165.9,148.96,101.84,995.01,961.48,986.62,1002.54,1010.9,994.54,10182.03,21.27,0.05,28967.49,26.62,2.58,2.03,13.15,1914.42,1801.14,1.0,1.0,-2.31,4.05,3.65,3.63,0.0,0.0,3.64,6.52,4.78,2.84,0.0,0.0,0.0,0.0,5.0,12.0,6.0,12.0,6.0,12.0,5.0,12.0,0.0,0.0,176.0,179.0,179.0,178.0,7.69,7.05,10.32,13.12,8.08,4.29,5.24,5.25,4.79,5.98,5.71,6.15,6.68,7.86,8.12,9.06,8.19,8.89,7.6,6.67,7.52,7.61,7.85,8.48,8.32,8.53,6.38,8.36,67.48,11.01,8.59,63.09,11.52,11.26,7.09,20.42,35.5,103.87,,,,0.0,0.0,0.0,0.0,0.0,0.0,2.0,0.0,1.0,0.0
True,2021/6/15 21:00:13,,3925340114024136921,Equ1,2021/6/15 20:48:30,1.0,0.0,0.0,1242.0,0.0,0.0,0.0,0.0,462.26,425.11,447.21,469.58,473.79,461.79,0.0,3.68,6.7,0.2,4.37,0.0,125.46,157.13,154.08,166.45,147.99,100.54,997.24,963.77,988.89,1004.76,1013.14,996.77,10093.81,19.56,0.06,28871.92,28.12,2.51,2.03,13.87,1920.14,1851.56,1.0,1.0,-2.31,4.04,3.65,3.62,0.0,0.0,4.17,3.9,4.43,3.2,0.0,0.0,0.0,0.0,5.0,12.0,6.0,12.0,6.0,12.0,5.0,12.0,0.0,0.0,177.0,179.0,180.0,179.0,7.72,6.83,9.47,10.06,55.17,4.27,5.24,5.23,4.78,5.97,5.68,6.12,6.66,7.85,8.1,9.04,8.14,8.85,7.59,6.67,7.51,7.59,7.82,8.45,8.27,8.5,6.42,8.29,67.47,10.87,8.51,63.08,11.28,10.91,7.09,20.42,35.49,103.82,,,,0.0,0.0,0.0,0.0,0.0,0.0,2.0,0.0,1.0,0.0
True,2021/6/15 21:00:13,,3925340114024136922,Equ1,2021/6/15 20:48:35,1.0,0.0,0.0,1242.0,0.0,0.0,0.0,0.0,462.26,425.11,447.21,469.58,473.79,461.79,0.0,3.84,6.97,0.28,4.43,0.0,128.43,156.63,156.41,166.62,151.63,105.51,999.09,965.78,991.01,1006.69,1015.05,998.62,10434.36,19.74,0.06,29360.38,26.48,2.39,2.02,13.08,1909.8,1897.5,1.0,1.0,-2.31,4.04,3.65,3.62,0.0,0.0,3.63,3.58,5.34,4.02,0.0,0.0,0.0,0.0,5.0,12.0,6.0,12.0,6.0,12.0,5.0,12.0,0.0,0.0,177.0,180.0,180.0,179.0,7.73,6.66,8.92,8.91,18.55,4.26,5.24,5.21,4.77,5.94,5.66,6.1,6.66,7.84,8.1,9.0,8.11,8.82,7.58,6.67,7.48,7.56,7.79,8.42,8.22,8.48,6.33,8.22,67.47,10.73,8.44,63.08,11.09,10.62,7.09,20.56,35.48,103.74,,,,0.0,0.0,0.0,0.0,0.0,0.0,2.0,0.0,1.0,0.0
True,2021/6/15 21:00:13,,3925340114024136923,Equ1,2021/6/15 20:48:40,1.0,0.0,0.0,1242.0,0.0,0.0,0.0,0.0,462.26,425.11,447.21,469.58,473.79,461.79,0.0,3.81,6.99,0.31,4.44,0.0,127.07,156.54,158.97,166.55,152.01,107.8,1000.67,967.33,992.61,1008.3,1016.64,1000.2,10522.58,22.01,0.05,29487.8,24.9,2.5,2.02,12.31,1918.47,1901.91,1.0,1.0,-2.31,4.03,3.66,3.62,0.0,0.0,3.43,3.98,8.59,3.17,0.0,0.0,0.0,0.0,5.0,12.0,6.0,12.0,6.0,12.0,5.0,12.0,0.0,0.0,178.0,180.0,181.0,180.0,7.76,6.53,8.59,8.31,15.01,47.19,5.24,5.2,4.77,5.92,5.64,6.08,6.64,7.82,8.07,8.96,8.07,8.79,7.57,6.67,7.47,7.55,7.77,8.39,8.18,8.44,6.27,8.18,67.47,10.64,8.4,63.08,10.95,10.43,7.09,20.63,35.49,103.64,,,,0.0,0.0,0.0,0.0,0.0,0.0,2.0,0.0,1.0,0.0
True,2021/6/15 21:00:13,,3925340114024136924,Equ1,2021/6/15 20:48:45,1.0,0.0,0.0,1242.0,0.0,0.0,0.0,0.0,462.26,425.11,447.21,469.58,473.79,461.79,0.0,3.66,6.89,0.28,4.46,0.0,124.91,156.77,159.98,165.9,149.46,106.5,1002.83,969.33,994.67,1010.43,1018.82,1002.35,10409.23,25.1,0.04,29254.19,24.88,2.85,2.02,12.29,1912.98,1895.18,1.0,1.0,-2.31,4.04,3.66,3.62,0.0,0.0,4.44,3.88,4.47,3.85,0.0,0.0,0.0,0.0,5.0,12.0,6.0,12.0,6.0,12.0,5.0,12.0,0.0,0.0,178.0,181.0,181.0,180.0,7.77,6.42,8.26,7.84,13.26,23.76,5.25,5.18,4.76,5.9,5.61,6.06,6.63,7.8,8.06,8.95,8.0,8.76,7.57,6.66,7.46,7.52,7.74,8.36,8.13,8.41,6.23,8.14,67.46,10.52,8.36,63.07,10.81,10.23,7.09,20.62,35.51,103.52,,,,0.0,0.0,0.0,0.0,0.0,0.0,2.0,0.0,1.0,0.0
True,2021/6/15 21:00:13,,3925340114024136925,Equ1,2021/6/15 20:48:50,1.0,0.0,0.0,1242.0,0.0,0.0,0.0,0.0,462.26,425.11,447.21,469.58,473.79,461.79,0.0,3.72,6.81,0.19,4.42,0.0,124.15,156.66,154.88,166.07,146.82,101.79,1005.28,971.86,997.04,1012.8,1021.24,1004.82,10169.71,21.06,0.05,28871.92,25.47,2.45,2.03,12.58,1922.89,1907.84,1.0,1.0,-2.31,4.05,3.66,3.64,0.0,0.0,3.84,3.87,6.72,4.11,0.0,0.0,0.0,0.0,5.0,12.0,6.0,12.0,6.0,12.0,5.0,12.0,0.0,0.0,179.0,181.0,182.0,181.0,7.8,6.32,8.01,7.49,12.32,10.97,5.25,5.16,4.75,5.88,5.6,6.04,6.63,7.78,8.04,8.92,7.98,8.73,7.56,6.66,7.44,7.5,7.71,8.34,8.1,8.38,6.19,8.08,67.46,10.41,8.3,63.07,10.68,10.05,7.09,20.6,35.49,103.43,,,,0.0,0.0,0.0,0.0,0.0,0.0,2.0,0.0,1.0,0.0
True,2021/6/15 21:00:13,,3925340114024136926,Equ1,2021/6/15 20:48:55,1.0,0.0,0.0,1242.0,0.0,0.0,0.0,0.0,462.26,425.11,447.21,469.58,473.79,461.79,0.0,3.82,6.83,0.1,4.34,0.0,126.58,156.09,155.24,166.33,148.7,102.17,1007.46,974.13,999.24,1014.88,1023.33,1006.99,10068.68,21.0,0.05,29031.2,25.91,2.49,2.02,12.81,1915.8,1906.32,1.0,1.0,-2.31,4.06,3.66,3.64,0.0,0.0,4.46,3.89,4.64,4.71,0.0,0.0,0.0,0.0,5.0,12.0,6.0,12.0,6.0,12.0,5.0,12.0,0.0,0.0,179.0,182.0,182.0,181.0,7.82,6.24,7.8,7.23,11.71,8.96,5.27,5.15,4.73,5.86,5.59,6.03,6.63,7.77,8.04,8.9,7.96,8.71,7.56,6.66,7.43,7.48,7.69,8.33,8.06,8.36,6.16,8.03,67.49,10.31,8.26,63.07,10.56,9.88,7.09,20.61,35.45,103.34,,,,0.0,0.0,0.0,0.0,0.0,0.0,2.0,0.0,1.0,0.0
True,2021/6/15 21:00:13,,3925340114024136927,Equ1,2021/6/15 20:49:00,1.0,0.0,0.0,1242.0,0.0,0.0,0.0,0.0,462.26,425.11,447.21,469.58,473.79,461.79,0.0,3.91,6.87,0.05,4.32,0.0,125.43,156.83,154.79,166.96,148.31,101.35,1009.72,976.48,1001.54,1017.09,1025.57,1009.25,10081.5,19.42,0.06,28946.25,27.42,2.43,2.03,13.53,1936.05,1889.76,1.0,1.0,-2.31,4.05,3.66,3.63,0.0,0.0,3.61,3.89,4.18,3.33,0.0,0.0,0.0,0.0,5.0,12.0,6.0,12.0,6.0,12.0,5.0,12.0,0.0,0.0,180.0,182.0,183.0,182.0,7.85,6.17,7.63,7.02,11.25,8.0,5.26,5.13,4.73,5.84,5.57,6.02,6.62,7.75,8.02,8.86,7.91,8.66,7.55,6.66,7.42,7.47,7.66,8.3,8.02,8.32,6.11,7.97,67.48,10.19,8.22,63.07,10.44,9.73,7.09,20.63,35.42,103.22,,,,0.0,0.0,0.0,0.0,0.0,0.0,2.0,0.0,1.0,0.0
True,2021/6/15 21:00:13,,3925340114024136928,Equ1,2021/6/15 20:49:05,1.0,0.0,0.0,1242.0,0.0,0.0,0.0,0.0,462.26,425.11,447.21,469.58,473.79,461.79,0.0,4.13,7.13,0.06,4.32,0.0,126.88,157.18,153.6,165.93,149.99,102.52,1011.81,978.79,1003.89,1019.19,1027.66,1011.34,10194.85,18.58,0.06,29063.06,27.28,2.32,2.02,13.49,1931.06,1919.78,1.0,1.0,-2.31,4.05,3.66,3.63,0.0,0.0,4.1,3.9,4.69,3.78,0.0,0.0,0.0,0.0,5.0,12.0,6.0,12.0,6.0,12.0,5.0,12.0,0.0,0.0,180.0,183.0,183.0,182.0,7.86,6.1,7.48,6.83,10.92,7.36,5.26,58.71,4.72,5.82,5.55,5.99,6.61,7.73,7.99,8.83,7.86,8.63,7.54,6.66,7.39,7.44,7.63,8.27,7.99,8.3,6.08,7.92,67.47,10.1,8.17,63.06,10.34,9.58,7.09,20.75,35.36,103.06,,,,0.0,0.0,0.0,0.0,0.0,0.0,2.0,0.0,1.0,0.0
True,2021/6/15 21:00:13,,3925340114024136929,Equ1,2021/6/15 20:49:10,1.0,0.0,0.0,1242.0,0.0,0.0,0.0,0.0,462.26,425.11,447.21,469.58,473.79,461.79,0.0,4.08,7.19,0.15,4.36,0.0,128.41,157.09,155.76,166.67,151.26,105.15,1013.84,980.78,1005.98,1021.31,1029.74,1013.37,10283.57,22.47,0.05,29296.66,25.32,2.6,2.02,12.51,1932.0,1904.8,1.0,1.0,-2.31,4.04,3.65,3.62,0.0,0.0,3.81,3.99,3.36,2.93,0.0,0.0,0.0,0.0,5.0,12.0,6.0,12.0,6.0,12.0,5.0,12.0,0.0,0.0,181.0,183.0,184.0,183.0,7.89,6.05,7.36,6.67,10.65,6.95,5.27,24.77,4.71,5.8,5.54,5.98,6.6,7.71,7.97,8.8,7.81,8.61,7.55,6.66,7.38,7.43,7.61,8.25,7.96,8.27,6.04,7.86,67.47,10.03,8.14,63.06,10.24,9.47,7.09,20.84,35.37,102.83,,,,0.0,0.0,0.0,0.0,0.0,0.0,2.0,0.0,1.0,0.0
True,2021/6/15 21:00:13,,3925340114024136930,Equ1,2021/6/15 20:49:15,1.0,0.0,0.0,1242.0,0.0,0.0,0.0,0.0,462.26,425.11,447.21,469.58,473.79,461.79,0.0,3.86,6.97,0.07,4.37,0.0,125.9,156.87,159.43,166.52,149.61,104.04,1016.07,982.78,1008.0,1023.46,1031.97,1015.6,10295.88,24.22,0.05,29296.67,25.46,2.82,2.02,12.58,1918.04,1950.81,1.0,1.0,-2.31,4.04,3.65,3.63,0.0,0.0,4.16,3.89,4.71,2.76,0.0,0.0,0.0,0.0,5.0,12.0,6.0,12.0,6.0,12.0,5.0,12.0,0.0,0.0,181.0,184.0,184.0,183.0,7.9,5.99,7.24,6.55,10.43,6.62,5.26,15.93,41.21,5.78,5.52,5.95,6.59,7.7,7.96,8.76,7.77,8.57,7.54,6.67,7.36,7.4,7.58,8.22,7.92,8.23,6.0,7.82,67.47,9.94,8.1,63.02,10.14,9.36,7.09,20.81,35.38,102.62,,,,0.0,0.0,0.0,0.0,0.0,0.0,2.0,0.0,1.0,0.0
True,2021/6/15 21:00:13,,3925340114024136931,Equ1,2021/6/15 20:49:20,1.0,0.0,0.0,1242.0,0.0,0.0,0.0,0.0,462.26,425.11,447.21,469.58,473.79,461.79,0.02,4.06,7.04,0.0,4.33,0.02,124.1,156.55,157.1,166.06,147.79,100.71,1018.46,985.35,1010.43,1025.75,1034.3,1017.98,10207.66,21.01,0.05,28935.63,26.04,2.5,2.02,12.86,1929.25,1925.06,1.0,1.0,-2.31,4.05,3.64,3.63,0.0,0.0,3.97,3.89,4.48,5.99,0.0,0.0,0.0,0.0,5.0,12.0,6.0,12.0,6.0,12.0,5.0,12.0,0.0,0.0,182.0,184.0,185.0,184.0,7.93,5.94,7.14,6.43,10.25,6.38,5.27,13.19,10.78,5.76,5.51,5.95,6.58,7.69,7.95,8.73,7.72,8.55,7.55,6.66,7.36,7.4,7.56,8.2,7.9,8.21,5.98,7.78,67.47,9.86,8.12,63.04,10.09,9.27,7.09,20.81,35.35,102.46,,,,0.0,0.0,0.0,0.0,0.0,0.0,2.0,0.0,1.0,0.0
True,2021/6/15 21:00:13,,3925340114024136932,Equ1,2021/6/15 20:49:25,1.0,0.0,0.0,1242.0,0.0,0.0,0.0,0.0,462.26,425.11,447.21,469.58,473.79,461.79,0.04,4.11,7.1,0.0,4.35,0.04,125.71,156.81,156.93,166.16,148.15,100.22,1020.68,987.6,1012.69,1027.96,1036.53,1020.21,10144.58,22.27,0.05,28967.49,26.25,2.67,2.02,12.97,1920.57,1912.83,1.0,1.0,-2.31,4.05,3.64,3.63,0.0,0.0,3.6,3.86,4.72,2.96,0.0,0.0,0.0,0.0,5.0,12.0,6.0,12.0,6.0,12.0,5.0,12.0,0.0,0.0,182.0,185.0,185.0,184.0,7.95,5.9,7.04,6.33,10.1,6.19,5.27,11.71,8.62,45.71,5.49,5.93,6.57,7.68,7.93,8.71,7.69,8.53,7.54,6.66,7.4,7.37,7.55,8.17,7.87,8.18,5.95,7.74,67.48,9.77,8.08,62.96,10.11,9.17,7.09,20.83,35.34,102.31,,,,0.0,0.0,0.0,0.0,0.0,0.0,2.0,0.0,1.0,0.0
True,2021/6/15 21:00:13,,3925340114024136933,Equ1,2021/6/15 20:49:30,1.0,0.0,0.0,1242.0,0.0,0.0,0.0,0.0,462.26,425.11,447.21,469.58,473.79,461.79,0.05,4.25,7.19,0.0,4.35,0.05,125.51,157.2,155.19,166.29,147.93,99.29,1022.97,990.03,1015.07,1030.24,1038.8,1022.5,10069.18,18.76,0.06,28871.92,27.31,2.34,2.03,13.47,1905.89,1917.17,1.0,1.0,-2.31,4.04,3.65,3.63,0.0,0.0,4.09,4.19,4.43,5.28,0.0,0.0,0.0,0.0,5.0,12.0,6.0,12.0,6.0,12.0,5.0,12.0,0.0,0.0,183.0,185.0,186.0,185.0,7.98,5.86,6.96,6.23,9.97,6.01,5.27,10.75,7.69,17.73,5.49,5.92,6.57,7.66,7.92,8.69,7.64,8.5,7.53,6.66,7.38,7.37,7.52,8.17,7.84,8.17,5.91,7.71,67.47,9.69,8.05,63.0,10.01,9.09,7.09,20.84,35.33,102.12,,,,0.0,0.0,0.0,0.0,0.0,0.0,2.0,0.0,1.0,0.0
True,2021/6/15 21:00:13,,3925340114024136934,Equ1,2021/6/15 20:49:35,1.0,0.0,0.0,1242.0,0.0,0.0,0.0,0.0,462.26,425.11,447.21,469.58,473.79,461.79,0.04,4.29,7.29,0.0,4.35,0.04,127.11,156.45,154.95,166.41,150.0,101.63,1024.99,992.09,1017.18,1032.27,1040.82,1024.52,10182.53,18.55,0.06,29063.06,26.77,2.27,2.02,13.23,1906.47,1939.53,1.0,1.0,-2.31,4.04,3.65,3.63,0.0,0.0,3.69,3.89,4.52,4.73,0.0,0.0,0.0,0.0,5.0,12.0,6.0,12.0,6.0,12.0,5.0,12.0,0.0,0.0,183.0,186.0,186.0,185.0,7.99,5.82,6.89,6.15,9.85,5.87,5.27,10.05,7.18,13.11,48.22,5.9,6.56,7.64,7.91,8.66,7.6,8.48,7.52,6.66,7.37,7.34,7.5,8.13,7.82,8.15,5.88,7.67,67.47,9.62,8.01,62.99,9.92,9.01,7.09,20.93,35.32,101.91,,,,0.0,0.0,0.0,0.0,0.0,0.0,2.0,0.0,1.0,0.0
True,2021/6/15 21:00:13,,3925340114024136935,Equ1,2021/6/15 20:49:40,1.0,0.0,0.0,1242.0,0.0,0.0,0.0,0.0,462.26,425.11,447.21,469.58,473.79,461.79,0.0,4.11,7.26,0.02,4.38,0.0,128.62,156.7,160.5,166.75,152.99,107.61,1026.77,993.73,1018.98,1034.1,1042.68,1026.3,10497.95,25.85,0.04,29583.37,24.66,2.91,2.02,12.19,1933.09,1907.91,1.0,1.0,-2.31,4.03,3.65,3.63,0.0,0.0,3.63,4.05,4.47,5.7,0.0,0.0,0.0,0.0,5.0,12.0,6.0,12.0,6.0,12.0,5.0,12.0,0.0,0.0,184.0,186.0,187.0,186.0,8.02,5.79,6.81,6.08,9.75,5.74,5.28,9.49,6.84,11.28,19.0,5.89,6.56,7.63,7.89,8.63,7.56,8.46,7.52,6.67,7.36,7.34,7.49,8.11,7.8,8.14,5.86,7.63,67.47,9.56,7.99,63.01,9.88,8.94,7.09,20.98,35.35,101.66,,,,0.0,0.0,0.0,0.0,0.0,0.0,2.0,0.0,1.0,0.0
True,2021/6/15 21:00:13,,3925340114024136936,Equ1,2021/6/15 20:49:45,1.0,0.0,0.0,1242.0,0.0,0.0,0.0,0.0,462.26,425.11,447.21,469.58,473.79,461.79,0.07,4.01,7.09,0.0,4.41,0.07,125.67,156.31,160.05,166.04,149.67,105.09,1029.1,995.9,1021.08,1036.35,1044.98,1028.63,10434.87,24.01,0.05,29254.19,24.57,2.69,2.03,12.13,1914.93,1880.57,1.0,1.0,-2.31,4.04,3.65,3.63,0.0,0.0,3.73,3.9,4.43,4.56,0.0,0.0,0.0,0.0,5.0,12.0,6.0,12.0,6.0,12.0,5.0,12.0,0.0,0.0,184.0,187.0,187.0,186.0,8.03,5.75,6.75,6.01,9.65,5.64,5.28,9.07,6.59,10.34,13.25,45.19,6.53,7.62,7.88,8.61,7.53,8.44,7.51,6.67,7.34,7.31,7.62,8.08,7.78,8.11,5.83,7.6,67.47,9.5,7.96,63.01,9.81,8.98,7.09,20.96,35.36,101.46,,,,0.0,0.0,0.0,0.0,0.0,0.0,2.0,0.0,1.0,0.0
True,2021/6/15 21:00:13,,3925340114024136937,Equ1,2021/6/15 20:49:55,1.0,0.0,0.0,1242.0,0.0,0.0,0.0,0.0,462.26,425.11,447.21,469.58,473.79,461.79,0.11,4.29,7.25,0.0,4.42,0.11,125.72,157.42,152.72,166.41,147.95,101.16,1033.23,1000.26,1025.32,1040.44,1049.08,1032.76,10119.45,22.0,0.05,28914.4,25.54,2.57,2.02,12.61,1915.65,1899.74,1.0,1.0,-2.31,4.05,3.64,3.64,0.0,0.0,3.94,3.88,4.65,3.65,0.0,0.0,0.0,0.0,5.0,12.0,6.0,12.0,6.0,12.0,5.0,12.0,0.0,0.0,185.0,187.0,188.0,187.0,8.06,5.64,6.64,5.9,9.51,5.48,5.29,8.48,6.26,9.31,10.39,14.85,43.66,7.6,7.85,8.57,7.47,8.4,7.5,6.67,7.31,7.27,7.42,8.06,7.73,8.09,5.79,7.55,67.47,9.39,7.9,63.01,9.71,8.78,7.09,20.97,35.28,101.18,,,,0.0,0.0,0.0,0.0,0.0,0.0,2.0,0.0,1.0,0.0
True,2021/6/15 21:00:13,,3925340114024136938,Equ1,2021/6/15 20:50:00,1.0,0.0,0.0,1242.0,0.0,0.0,0.0,0.0,462.26,425.11,447.21,469.58,473.79,461.79,0.15,4.42,7.33,0.0,4.45,0.15,125.1,157.18,151.75,166.3,147.05,99.18,1035.55,1002.67,1027.68,1042.72,1051.39,1035.08,10018.92,18.29,0.06,28712.64,27.81,2.32,2.03,13.74,1909.51,1774.52,1.0,1.0,-2.31,4.05,3.64,3.63,0.0,0.0,3.57,4.05,4.42,10.55,0.0,0.0,0.0,0.0,5.0,12.0,6.0,12.0,6.0,12.0,5.0,12.0,0.0,0.0,186.0,188.0,188.0,188.0,8.1,5.78,6.6,5.84,9.44,5.41,5.28,8.22,6.13,8.94,9.65,12.55,17.15,7.59,7.85,8.55,7.43,8.37,7.49,6.67,7.3,7.26,7.42,8.04,7.71,8.08,5.76,7.52,67.47,9.33,7.87,63.02,9.66,8.74,7.09,20.97,35.28,101.04,,,,0.0,0.0,0.0,0.0,0.0,0.0,2.0,0.0,1.0,0.0
True,2021/6/15 21:00:13,,3925340114024136939,Equ1,2021/6/15 20:50:05,1.0,0.0,0.0,1242.0,0.0,0.0,0.0,0.0,462.26,425.11,447.21,469.58,473.79,461.79,0.12,4.46,7.44,0.0,4.46,0.12,126.88,156.51,153.43,166.45,149.87,101.68,1037.62,1004.81,1029.89,1044.82,1053.49,1037.15,10195.35,18.87,0.06,28999.34,26.99,2.33,2.02,13.35,1917.75,1857.13,1.0,1.0,-2.31,4.04,3.64,3.63,0.0,0.0,4.14,3.88,4.65,4.35,0.0,0.0,0.0,0.0,5.0,12.0,6.0,12.0,6.0,12.0,5.0,12.0,0.0,0.0,186.0,188.0,189.0,188.0,8.11,5.75,6.84,5.79,9.38,5.33,5.29,7.99,6.02,8.62,9.13,11.28,11.68,41.15,7.83,8.53,7.4,8.35,7.48,6.67,7.27,7.24,7.41,8.02,7.73,8.07,5.73,7.49,67.46,9.27,7.84,63.01,9.61,8.68,7.09,21.05,35.31,100.85,,,,0.0,0.0,0.0,0.0,0.0,0.0,2.0,0.0,1.0,0.0
True,2021/6/15 21:00:13,,3925340114024136940,Equ1,2021/6/15 20:50:10,1.0,0.0,0.0,1242.0,0.0,0.0,0.0,0.0,462.26,425.11,447.21,469.58,473.79,461.79,0.08,4.29,7.4,0.0,4.48,0.08,128.15,156.32,159.85,166.36,152.31,106.51,1039.38,1006.43,1031.65,1046.62,1055.31,1038.91,10422.55,25.92,0.04,29445.33,24.7,2.93,2.02,12.21,1924.62,1901.04,1.0,1.0,-2.31,4.04,3.64,3.63,0.0,0.0,3.66,4.36,4.47,3.34,0.0,0.0,0.0,0.0,5.0,12.0,6.0,12.0,6.0,12.0,5.0,12.0,0.0,0.0,187.0,189.0,189.0,189.0,8.14,5.71,6.71,5.74,9.32,5.27,5.3,7.81,5.93,8.38,8.71,10.41,10.52,24.4,7.84,8.51,7.37,8.33,7.48,6.67,7.26,7.23,7.41,8.0,7.77,8.07,5.71,7.47,67.48,9.23,7.81,63.02,9.57,8.63,7.09,21.07,35.33,100.67,,,,0.0,0.0,0.0,0.0,0.0,0.0,2.0,0.0,1.0,0.0
True,2021/6/15 21:00:13,,3925340114024136941,Equ1,2021/6/15 20:50:15,1.0,0.0,0.0,1242.0,0.0,0.0,0.0,0.0,462.26,425.11,447.21,469.58,473.79,461.79,0.2,4.3,7.39,0.0,4.55,0.2,125.09,156.16,160.76,165.87,149.48,103.53,1041.76,1008.71,1033.89,1048.88,1057.64,1041.29,10409.73,23.41,0.05,29158.63,24.75,2.64,2.03,12.2,1936.85,1926.79,1.0,1.0,-2.31,4.04,3.64,3.63,0.0,0.0,3.95,3.88,4.7,3.0,0.0,0.0,0.0,0.0,5.0,12.0,6.0,12.0,6.0,12.0,5.0,12.0,0.0,0.0,187.0,189.0,190.0,189.0,8.15,5.67,6.61,5.69,9.26,5.21,5.29,7.64,5.86,8.18,8.4,9.86,9.94,15.82,52.58,8.48,7.33,8.3,7.47,6.67,7.24,7.21,7.41,7.97,7.77,7.98,5.68,7.44,67.47,9.17,7.79,63.02,9.53,8.59,7.09,21.05,35.32,100.51,,,,0.0,0.0,0.0,0.0,0.0,0.0,2.0,0.0,1.0,0.0
True,2021/6/15 21:00:13,,3925340114024136942,Equ1,2021/6/15 20:50:20,1.0,0.0,0.0,1242.0,0.0,0.0,0.0,0.0,462.26,425.11,447.21,469.58,473.79,461.79,0.25,4.57,7.53,0.0,4.55,0.25,123.22,156.08,156.28,166.65,146.99,99.52,1044.2,1011.38,1036.44,1051.28,1060.05,1043.73,10233.3,20.52,0.05,28786.97,26.19,2.46,2.02,12.95,1920.36,1903.72,1.0,1.0,-2.31,4.05,3.63,3.64,0.0,0.0,3.52,3.88,4.47,6.72,0.0,0.0,0.0,0.0,5.0,12.0,6.0,12.0,6.0,12.0,5.0,12.0,0.0,0.0,188.0,190.0,190.0,190.0,8.18,5.63,6.56,5.66,9.21,5.17,5.3,7.48,5.78,8.01,8.15,9.39,9.54,13.28,18.59,8.47,7.3,8.29,7.46,6.67,7.22,7.2,7.41,7.95,7.74,7.99,5.66,7.41,67.47,9.13,7.76,63.02,9.48,8.54,7.09,21.06,35.29,100.37,,,,0.0,0.0,0.0,0.0,0.0,0.0,2.0,0.0,1.0,0.0
True,2021/6/15 21:00:13,,3925340114024136943,Equ1,2021/6/15 20:50:25,1.0,0.0,0.0,1242.0,0.0,0.0,0.0,0.0,462.26,425.11,447.21,469.58,473.79,461.79,0.28,4.69,7.65,0.0,4.57,0.28,125.54,156.83,155.73,165.91,147.55,99.41,1046.44,1013.7,1038.77,1053.48,1062.26,1045.97,10170.22,21.5,0.05,28903.78,26.24,2.58,2.02,12.97,1913.48,1900.39,1.0,1.0,-2.31,4.04,3.63,3.64,0.0,0.0,3.89,3.88,4.23,2.75,0.0,0.0,0.0,0.0,5.0,12.0,6.0,12.0,6.0,12.0,5.0,12.0,0.0,0.0,188.0,190.0,191.0,190.0,8.19,5.6,6.51,5.62,9.16,5.12,5.3,7.34,5.71,7.85,7.95,9.03,9.13,12.12,13.53,53.78,7.27,8.26,7.45,6.66,7.21,7.18,7.4,7.92,7.71,7.99,5.72,7.39,67.46,9.08,7.73,63.02,9.45,8.49,7.1,21.1,35.22,100.2,,,,0.0,0.0,0.0,0.0,0.0,0.0,2.0,0.0,1.0,0.0
True,2021/6/15 21:00:13,,3925340114024136944,Equ1,2021/6/15 20:50:30,1.0,0.0,0.0,1242.0,0.0,0.0,0.0,0.0,462.26,425.11,447.21,469.58,473.79,461.79,0.31,4.88,7.81,0.0,4.57,0.31,126.36,156.09,155.18,166.35,148.22,99.65,1048.66,1016.07,1041.11,1055.66,1064.44,1048.19,10208.17,17.38,0.06,28871.92,27.47,2.18,2.02,13.57,1923.97,1871.02,1.0,1.0,-2.31,4.04,3.63,3.63,0.0,0.0,3.8,3.72,4.48,5.29,0.0,0.0,0.0,0.0,5.0,12.0,6.0,12.0,6.0,12.0,5.0,12.0,0.0,0.0,189.0,191.0,191.0,191.0,8.23,5.56,6.45,5.57,9.11,5.09,5.3,7.22,5.66,7.71,7.75,8.73,8.8,11.35,11.93,22.42,7.24,8.24,7.44,6.66,7.19,7.16,7.4,7.91,7.69,8.0,5.65,7.37,67.46,9.04,7.7,63.01,9.41,8.45,7.08,21.21,35.24,99.92,,,,0.0,0.0,0.0,0.0,0.0,0.0,2.0,0.0,1.0,0.0
True,2021/6/15 21:00:13,,3925340114024136945,Equ1,2021/6/15 20:50:35,1.0,0.0,0.0,1242.0,0.0,0.0,0.0,0.0,462.26,425.11,447.21,469.58,473.79,461.79,0.32,4.94,7.92,0.0,4.57,0.31,127.97,157.47,156.29,167.03,150.54,102.6,1050.64,1018.12,1043.2,1057.65,1066.44,1050.17,10372.28,20.03,0.06,29201.1,26.92,2.47,2.02,13.32,1935.47,2000.0,1.0,1.0,-2.31,4.03,3.63,3.62,0.0,0.0,3.89,3.86,4.23,2.79,0.0,0.0,0.0,0.0,5.0,12.0,6.0,12.0,6.0,12.0,5.0,12.0,0.0,0.0,189.0,191.0,192.0,191.0,8.24,5.53,6.39,5.53,9.06,5.04,5.3,7.11,5.6,7.6,7.61,8.5,8.56,10.86,11.15,15.38,48.51,8.21,7.43,6.66,7.18,7.15,7.38,7.89,7.67,8.0,5.6,7.33,67.45,9.0,7.67,63.02,9.38,8.41,7.07,21.32,35.24,99.6,,,,0.0,0.0,0.0,0.0,0.0,0.0,2.0,0.0,1.0,0.0
True,2021/6/15 21:00:13,,3925340114024136946,Equ1,2021/6/15 20:50:40,1.0,0.0,0.0,1242.0,0.0,0.0,0.0,0.0,462.26,425.11,447.21,469.58,473.79,461.79,0.22,4.66,7.79,0.0,4.58,0.22,127.81,157.86,161.07,166.93,151.72,106.61,1052.57,1019.85,1045.09,1059.66,1068.45,1052.1,10523.58,27.03,0.04,29583.37,24.68,3.05,2.02,12.2,1927.08,1945.24,1.0,1.0,-2.31,4.02,3.63,3.62,0.0,0.0,3.88,3.81,4.48,3.27,0.0,0.0,0.0,0.0,5.0,12.0,6.0,12.0,6.0,12.0,5.0,12.0,0.0,0.0,190.0,192.0,192.0,192.0,8.27,5.5,6.35,5.49,9.02,4.97,5.31,7.0,5.56,7.5,7.48,8.3,8.37,10.49,10.62,13.45,50.5,8.19,7.43,6.65,7.16,7.13,7.38,7.88,7.65,8.0,5.58,7.32,67.47,8.96,7.66,63.01,9.35,8.38,7.05,21.37,35.26,99.23,,,,0.0,0.0,0.0,0.0,0.0,0.0,2.0,0.0,1.0,0.0
True,2021/6/15 21:00:13,,3925340114024136947,Equ1,2021/6/15 20:50:45,1.0,0.0,0.0,1242.0,0.0,0.0,0.0,0.0,462.26,425.11,447.21,469.58,473.79,461.79,0.35,4.77,7.82,0.0,4.65,0.35,124.41,156.11,160.43,166.45,148.84,102.75,1054.94,1022.21,1047.36,1061.91,1070.77,1054.47,10485.63,21.77,0.05,29094.91,25.3,2.51,2.03,12.49,1924.41,1903.28,1.0,1.0,-2.31,4.03,3.62,3.62,0.0,0.0,3.68,3.85,4.21,3.15,0.0,0.0,0.0,0.0,5.0,12.0,6.0,12.0,6.0,12.0,5.0,12.0,0.0,0.0,190.0,192.0,193.0,192.0,8.28,5.47,6.3,5.45,8.98,4.95,5.31,6.9,5.51,7.41,7.36,8.12,8.22,10.2,10.27,12.41,18.98,8.2,7.42,6.64,7.15,7.12,7.37,7.86,7.63,7.99,5.56,7.32,67.45,8.92,7.63,63.0,9.32,8.34,7.05,21.35,35.25,98.96,,,,0.0,0.0,0.0,0.0,0.0,0.0,2.0,0.0,1.0,0.0
True,2021/6/15 21:00:13,,3925340114024136948,Equ1,2021/6/15 20:50:50,1.0,0.0,0.0,1242.0,0.0,0.0,0.0,0.0,462.26,425.11,447.21,469.58,473.79,461.79,0.45,5.02,7.98,0.0,4.66,0.45,125.2,157.05,157.67,166.58,148.5,100.98,1057.21,1024.63,1049.69,1064.08,1072.95,1056.74,10334.33,20.0,0.06,29041.82,25.84,2.36,2.02,12.77,1907.55,1901.48,1.0,1.0,-2.31,4.04,3.63,3.63,0.0,0.0,3.62,4.28,4.23,5.07,0.0,0.0,0.0,0.0,5.0,12.0,6.0,12.0,6.0,12.0,5.0,12.0,0.0,0.0,191.0,193.0,193.0,193.0,8.31,5.45,6.26,5.41,8.94,4.95,5.3,6.82,5.47,7.33,7.26,7.97,8.1,9.97,9.99,11.82,13.96,54.42,7.41,6.63,7.14,7.1,7.36,7.85,7.62,7.99,5.53,7.3,67.41,8.89,7.6,63.0,9.29,8.3,7.03,21.37,35.14,98.68,,,,0.0,0.0,0.0,0.0,0.0,0.0,2.0,0.0,1.0,0.0
True,2021/6/15 21:00:13,,3925340114024136949,Equ1,2021/6/15 20:50:55,1.0,0.0,0.0,1242.0,0.0,0.0,0.0,0.0,462.26,425.11,447.21,469.58,473.79,461.79,0.44,5.05,8.03,0.0,4.67,0.44,127.0,157.1,157.78,166.57,150.07,102.59,1059.25,1026.71,1051.78,1066.12,1075.01,1058.78,10334.33,20.82,0.05,29232.95,25.96,2.47,2.02,12.83,1920.21,1899.67,1.0,1.0,-2.31,4.05,3.63,3.63,0.0,0.0,3.71,3.88,5.42,3.93,0.0,0.0,0.0,0.0,5.0,12.0,6.0,12.0,6.0,12.0,5.0,12.0,0.0,0.0,191.0,193.0,194.0,193.0,8.32,5.42,6.22,5.37,8.9,4.94,5.31,6.78,5.43,7.25,7.16,7.84,7.99,9.76,9.75,11.33,12.3,20.12,51.76,6.62,7.12,7.08,7.35,7.83,7.6,7.97,5.52,7.29,67.4,8.86,7.57,62.99,9.25,8.27,7.03,21.4,35.22,98.41,,,,0.0,0.0,0.0,0.0,0.0,0.0,2.0,0.0,1.0,0.0
True,2021/6/15 21:00:13,,3925340114024136950,Equ1,2021/6/15 20:51:00,1.0,0.0,0.0,1242.0,0.0,0.0,0.0,0.0,462.26,425.11,447.21,469.58,473.79,461.79,0.47,5.24,8.09,0.0,4.69,0.47,125.14,157.1,154.63,166.28,148.29,99.99,1061.59,1029.2,1054.16,1068.43,1077.33,1061.12,10157.9,17.45,0.06,28903.78,27.51,2.19,2.02,13.59,1908.71,1995.15,1.0,1.0,-2.31,4.05,3.64,3.65,0.0,0.0,3.64,3.95,4.85,3.2,0.0,0.0,0.0,0.0,5.0,12.0,6.0,12.0,6.0,12.0,5.0,12.0,0.0,0.0,192.0,194.0,194.0,194.0,8.36,5.39,6.18,5.35,8.87,4.91,5.31,6.72,5.39,7.19,7.08,7.72,7.9,9.58,9.55,10.99,11.37,15.6,31.56,6.6,7.11,7.08,7.34,7.82,7.58,7.97,5.49,7.27,67.4,8.84,7.54,62.99,9.24,8.24,7.01,21.47,35.21,98.09,,,,0.0,0.0,0.0,0.0,0.0,0.0,2.0,0.0,1.0,0.0
True,2021/6/15 21:00:13,,3925340114024136951,Equ1,2021/6/15 20:51:05,1.0,0.0,0.0,1242.0,0.0,0.0,0.0,0.0,462.26,425.11,447.21,469.58,473.79,461.79,0.46,5.28,8.22,0.0,4.68,0.46,127.98,157.81,155.27,166.93,151.46,103.36,1063.17,1030.84,1055.88,1070.03,1078.92,1062.7,10309.2,19.8,0.06,29232.95,26.59,2.41,2.02,13.14,1932.0,1906.68,1.0,1.0,-2.31,4.05,3.64,3.64,0.0,0.0,3.94,3.92,5.37,4.55,0.0,0.0,0.0,0.0,5.0,12.0,6.0,12.0,6.0,12.0,5.0,12.0,0.0,0.0,192.0,194.0,195.0,194.0,8.37,5.37,6.15,5.32,8.85,4.89,5.31,6.66,5.38,7.14,7.01,7.63,7.83,9.46,9.42,10.75,10.86,14.01,21.26,41.55,7.1,7.05,7.33,7.81,7.56,7.98,5.48,7.25,67.4,8.81,7.52,62.97,9.2,8.22,6.96,21.6,35.2,97.74,,,,0.0,0.0,0.0,0.0,0.0,0.0,2.0,0.0,1.0,0.0
True,2021/6/15 21:00:13,,3925340114024136952,Equ1,2021/6/15 20:51:10,1.0,0.0,0.0,1242.0,0.0,0.0,0.0,0.0,462.26,425.11,447.21,469.58,473.79,461.79,0.42,5.09,8.15,0.0,4.68,0.42,128.66,157.51,159.3,167.12,152.56,107.75,1065.02,1032.55,1057.71,1071.93,1080.81,1064.55,10498.45,27.27,0.04,29583.37,24.45,3.05,2.02,12.1,1910.37,1908.28,1.0,1.0,-2.31,4.04,3.64,3.64,0.0,0.0,4.09,5.1,4.65,3.22,0.0,0.0,0.0,0.0,5.0,12.0,6.0,12.0,6.0,12.0,5.0,12.0,0.0,0.0,193.0,195.0,195.0,195.0,8.4,5.35,6.12,5.29,8.82,4.87,5.32,6.6,5.34,7.07,6.94,7.52,7.75,9.32,9.27,10.53,10.36,12.84,17.04,42.09,7.09,7.05,7.32,7.8,7.55,7.99,5.46,7.24,67.42,8.79,7.49,62.97,9.18,8.19,6.93,21.63,35.2,97.33,,,,0.0,0.0,0.0,0.0,0.0,0.0,2.0,0.0,1.0,0.0
True,2021/6/15 21:00:13,,3925340114024136953,Equ1,2021/6/15 20:51:15,1.0,0.0,0.0,1242.0,0.0,0.0,0.0,0.0,462.26,425.11,447.21,469.58,473.79,461.79,0.6,5.11,8.08,0.0,4.79,0.59,125.0,156.61,159.36,166.23,149.44,104.33,1067.35,1034.72,1059.79,1074.07,1083.07,1066.88,10435.37,21.79,0.05,29158.63,24.72,2.46,2.03,12.19,1922.24,1943.07,1.0,1.0,-2.31,4.05,3.64,3.64,0.0,0.0,3.8,3.89,3.98,2.79,0.0,0.0,0.0,0.0,5.0,12.0,6.0,12.0,6.0,12.0,5.0,12.0,0.0,0.0,193.0,195.0,196.0,195.0,8.41,5.34,6.08,5.26,8.79,4.84,5.32,6.53,5.34,7.01,6.87,7.44,7.69,9.19,9.14,10.32,10.01,12.06,15.1,14.66,7.08,7.04,7.31,7.79,7.53,7.96,5.45,7.22,67.42,8.76,7.48,62.98,9.18,8.16,6.92,21.6,35.2,97.02,,,,0.0,0.0,0.0,0.0,0.0,0.0,2.0,0.0,1.0,0.0
True,2021/6/15 21:00:13,,3925340114024136954,Equ1,2021/6/15 20:51:20,1.0,0.0,0.0,1242.0,0.0,0.0,0.0,0.0,462.26,425.11,447.21,469.58,473.79,461.79,0.64,5.27,8.19,0.0,4.78,0.64,125.09,156.79,156.89,166.04,148.45,102.56,1069.64,1037.12,1062.14,1076.32,1085.31,1069.17,10347.15,20.81,0.05,29031.2,24.93,2.37,2.02,12.31,1917.03,1939.09,1.0,1.0,-2.31,4.05,3.63,3.65,0.0,0.0,3.74,3.75,4.56,3.03,0.0,0.0,0.0,0.0,5.0,12.0,6.0,12.0,6.0,12.0,5.0,12.0,0.0,0.0,194.0,196.0,196.0,196.0,8.44,5.31,6.05,5.24,8.77,4.83,5.33,6.46,5.3,7.03,6.81,7.36,7.63,9.09,9.03,10.16,9.73,11.48,13.88,11.79,45.32,7.02,7.3,7.77,7.52,7.96,5.43,7.21,67.43,8.73,7.44,62.92,9.15,8.13,6.91,21.62,35.2,96.72,,,,0.0,0.0,0.0,0.0,0.0,0.0,2.0,0.0,1.0,0.0
True,2021/6/15 21:00:13,,3925340114024136955,Equ1,2021/6/15 20:51:25,1.0,0.0,0.0,1242.0,0.0,0.0,0.0,0.0,462.26,425.11,447.21,469.58,473.79,461.79,0.6,5.25,8.17,0.0,4.79,0.6,126.36,156.96,156.0,166.22,148.91,103.07,1071.75,1039.24,1064.26,1078.46,1087.47,1071.28,10284.07,20.9,0.05,29031.2,25.38,2.42,2.03,12.53,1929.33,1938.37,1.0,1.0,-2.31,4.05,3.63,3.64,0.0,0.0,3.89,3.8,3.87,2.56,0.0,0.0,0.0,0.0,5.0,12.0,6.0,12.0,6.0,12.0,5.0,12.0,0.0,0.0,194.0,196.0,197.0,196.0,8.45,5.3,6.02,5.21,8.74,4.81,5.32,6.39,5.27,7.02,6.75,7.28,7.58,9.0,8.94,10.01,9.46,11.01,13.03,10.54,28.12,7.01,7.29,7.77,7.51,7.95,5.41,7.19,67.44,8.7,7.41,62.95,9.15,8.11,6.91,21.62,35.2,96.47,,,,0.0,0.0,0.0,0.0,0.0,0.0,2.0,0.0,1.0,0.0
True,2021/6/15 21:00:13,,3925340114024136956,Equ1,2021/6/15 20:51:30,1.0,0.0,0.0,1242.0,0.0,0.0,0.0,0.0,462.26,425.11,447.21,469.58,473.79,461.79,0.66,5.48,8.29,0.0,4.82,0.66,124.87,157.44,152.24,166.51,147.9,100.72,1074.14,1041.81,1066.71,1080.8,1089.82,1073.67,10132.77,17.33,0.06,28818.83,27.57,2.18,2.02,13.62,1917.9,1879.12,1.0,1.0,-2.3,4.04,3.62,3.64,0.0,0.0,3.55,4.77,4.58,3.74,0.0,0.0,0.0,0.0,5.0,12.0,6.0,12.0,6.0,12.0,5.0,12.0,0.0,0.0,195.0,197.0,197.0,197.0,8.48,5.28,6.0,5.19,8.72,4.8,5.33,6.33,5.24,6.97,6.7,7.2,7.52,8.91,8.85,9.88,9.25,10.61,12.37,9.79,16.53,48.8,7.28,7.75,7.49,7.95,5.4,7.18,67.43,8.67,7.37,62.95,9.11,8.08,6.89,21.7,35.19,96.15,,,,0.0,0.0,0.0,0.0,0.0,0.0,2.0,0.0,1.0,0.0
True,2021/6/15 21:00:13,,3925340114024136957,Equ1,2021/6/15 20:51:35,1.0,0.0,0.0,1242.0,0.0,0.0,0.0,0.0,462.26,425.11,447.21,469.58,473.79,461.79,0.61,5.49,8.41,0.0,4.79,0.61,127.85,156.34,154.4,166.35,151.2,104.35,1076.05,1043.78,1068.8,1082.76,1091.76,1075.58,10322.02,19.52,0.06,29158.63,26.75,2.38,2.02,13.21,1907.41,1966.8,1.0,1.0,-2.3,4.04,3.62,3.62,0.0,0.0,3.66,3.82,3.47,2.92,0.0,0.0,0.0,0.0,5.0,12.0,6.0,12.0,6.0,12.0,5.0,12.0,0.0,0.0,195.0,197.0,198.0,197.0,8.5,5.27,5.97,5.17,8.7,4.78,5.34,6.28,5.21,6.92,6.66,7.15,7.48,8.83,8.77,9.76,9.06,10.3,11.89,9.28,13.55,23.85,7.27,7.75,7.47,7.95,5.39,7.16,67.44,8.66,7.34,62.97,9.11,8.07,6.86,21.81,35.18,95.78,,,,0.0,0.0,0.0,0.0,0.0,0.0,2.0,0.0,1.0,0.0
True,2021/6/15 21:00:13,,3925340114024136958,Equ1,2021/6/15 20:51:40,1.0,0.0,0.0,1242.0,0.0,0.0,0.0,0.0,462.26,425.11,447.21,469.58,473.79,461.79,0.58,5.26,8.3,0.0,4.83,0.58,127.04,156.7,159.64,166.35,152.2,107.58,1077.9,1045.43,1070.57,1084.64,1093.68,1077.43,10511.27,26.47,0.04,29477.18,24.46,2.96,2.02,12.1,1928.31,1930.48,1.0,1.0,-2.3,4.04,3.62,3.63,0.0,0.0,4.36,3.72,4.56,5.73,0.0,0.0,0.0,0.0,5.0,12.0,6.0,12.0,6.0,12.0,5.0,12.0,0.0,0.0,196.0,198.0,198.0,198.0,8.53,5.24,5.94,5.14,8.67,4.77,5.34,6.22,5.18,6.86,6.6,7.19,7.41,8.73,8.69,9.65,8.91,10.03,11.5,8.88,12.2,15.85,44.82,7.74,7.47,7.93,5.38,7.15,67.44,8.63,7.31,62.97,9.07,8.08,6.84,21.84,35.2,95.38,,,,0.0,0.0,0.0,0.0,0.0,0.0,2.0,0.0,1.0,0.0
True,2021/6/15 21:00:13,,3925340114024136959,Equ1,2021/6/15 20:51:45,1.0,0.0,0.0,1242.0,0.0,0.0,0.0,0.0,462.26,425.11,447.21,469.58,473.79,461.79,0.66,5.3,8.27,0.0,4.88,0.66,124.05,156.28,158.71,165.84,149.18,104.56,1080.28,1047.78,1072.85,1086.95,1096.04,1079.81,10423.05,22.55,0.05,29094.91,24.85,2.56,2.03,12.27,1928.68,1906.83,1.0,1.0,-2.3,4.05,3.62,3.63,0.0,0.0,3.65,4.0,4.43,2.71,0.0,0.0,0.0,0.0,5.0,12.0,6.0,12.0,6.0,12.0,5.0,12.0,0.0,0.0,196.0,198.0,199.0,198.0,8.54,5.23,5.92,5.13,8.66,4.76,5.34,6.17,5.16,6.81,6.56,7.07,7.38,8.66,8.62,9.57,8.77,9.81,11.16,8.58,11.34,13.43,22.26,7.74,7.46,7.93,5.37,7.15,67.45,8.61,7.29,62.99,9.06,8.04,6.84,21.82,35.2,95.07,,,,0.0,0.0,0.0,0.0,0.0,0.0,2.0,0.0,1.0,0.0
True,2021/6/15 21:00:13,,3925340114024136960,Equ1,2021/6/15 20:51:50,1.0,0.0,0.0,1242.0,0.0,0.0,0.0,0.0,462.26,425.11,447.21,469.58,473.79,461.79,0.72,5.52,8.39,0.0,4.88,0.72,125.61,157.31,154.92,166.64,147.57,101.53,1082.67,1050.32,1075.29,1089.27,1098.36,1082.2,10246.62,20.79,0.05,28978.11,25.64,2.44,2.02,12.67,1908.56,1923.1,1.0,1.0,-2.3,4.05,3.62,3.63,0.0,0.0,4.31,3.67,4.59,6.67,0.0,0.0,0.0,0.0,5.0,12.0,6.0,12.0,6.0,12.0,5.0,12.0,0.0,0.0,197.0,199.0,199.0,199.0,8.57,5.21,5.9,5.1,8.65,4.76,5.34,6.12,5.13,6.77,6.52,7.0,7.33,8.6,8.56,9.48,8.65,9.61,10.86,8.33,10.7,12.11,16.2,44.17,7.44,7.92,5.35,7.14,67.46,8.59,7.26,62.98,9.04,7.99,6.84,21.83,35.19,94.82,,,,0.0,0.0,0.0,0.0,0.0,0.0,2.0,0.0,1.0,0.0
True,2021/6/15 21:00:13,,3925340114024136961,Equ1,2021/6/15 20:51:55,1.0,0.0,0.0,1242.0,0.0,0.0,0.0,0.0,462.26,425.11,447.21,469.58,473.79,461.79,0.72,5.56,8.42,0.0,4.91,0.72,125.54,156.24,153.05,165.86,147.9,100.56,1084.88,1052.58,1077.54,1091.48,1100.61,1084.41,10145.59,21.04,0.05,28840.07,26.07,2.5,2.02,12.88,1915.94,1875.87,1.0,1.0,-2.3,4.05,3.62,3.64,0.0,0.0,3.73,4.01,4.43,2.68,0.0,0.0,0.0,0.0,5.0,12.0,6.0,12.0,6.0,12.0,5.0,12.0,0.0,0.0,197.0,199.0,200.0,199.0,8.58,5.21,5.88,5.09,8.62,4.75,5.34,6.07,5.11,6.72,6.47,6.97,7.3,8.53,8.51,9.39,8.53,9.43,10.61,8.12,10.26,11.27,13.94,19.42,7.43,7.92,5.35,7.13,67.47,8.57,7.24,62.99,9.02,7.98,6.84,21.85,35.19,94.58,,,,0.0,0.0,0.0,0.0,0.0,0.0,2.0,0.0,1.0,0.0
True,2021/6/15 21:00:13,,3925340114024136962,Equ1,2021/6/15 20:52:00,1.0,0.0,0.0,1242.0,0.0,0.0,0.0,0.0,462.26,425.11,447.21,469.58,473.79,461.79,0.77,5.77,8.54,0.0,4.92,0.77,126.33,157.32,151.66,166.44,148.67,100.52,1087.11,1054.97,1079.84,1093.67,1102.81,1086.65,10158.4,16.77,0.07,28871.92,27.71,2.12,2.02,13.68,1918.55,1912.69,1.0,1.0,-2.3,4.05,3.62,3.64,0.0,0.0,3.66,4.79,4.43,3.2,0.0,0.0,0.0,0.0,5.0,12.0,6.0,12.0,6.0,12.0,5.0,12.0,0.0,0.0,198.0,200.0,200.0,200.0,8.61,5.19,5.84,5.06,8.61,4.75,5.35,6.02,5.08,6.68,6.42,6.92,7.25,8.51,8.44,9.32,8.43,9.26,10.41,7.94,9.92,10.64,12.63,14.32,41.68,7.91,5.34,7.12,67.47,8.54,7.22,62.99,9.0,7.95,6.84,21.91,35.18,94.29,,,,0.0,0.0,0.0,0.0,0.0,0.0,2.0,0.0,1.0,0.0
True,2021/6/15 21:00:13,,3925340114024136963,Equ1,2021/6/15 20:52:05,1.0,0.0,0.0,1242.0,0.0,0.0,0.0,0.0,462.26,425.11,447.21,469.58,473.79,461.79,0.66,5.65,8.65,0.0,4.91,0.66,128.21,156.68,157.42,166.9,154.2,107.64,1088.76,1056.6,1081.7,1095.42,1104.54,1088.29,10498.95,22.8,0.05,29487.8,24.61,2.56,2.02,12.16,1933.16,1898.22,1.0,1.0,-2.3,4.04,3.63,3.63,0.0,0.0,3.77,4.35,4.43,2.97,0.0,0.0,0.0,0.0,5.0,12.0,6.0,12.0,6.0,12.0,5.0,12.0,0.0,0.0,198.0,200.0,201.0,200.0,8.63,5.18,5.83,5.05,8.6,4.75,5.35,5.98,5.07,6.64,6.39,6.87,7.21,8.49,8.39,9.25,8.32,9.1,10.23,7.79,9.64,10.2,11.73,12.78,21.62,7.93,5.34,7.11,67.48,8.53,7.19,63.0,8.98,7.93,6.82,22.07,35.19,93.95,,,,0.0,0.0,0.0,0.0,0.0,0.0,2.0,0.0,1.0,0.0
True,2021/6/15 21:00:13,,3925340114024136964,Equ1,2021/6/15 20:52:10,1.0,0.0,0.0,1242.0,0.0,0.0,0.0,0.0,462.26,425.11,447.21,469.58,473.79,461.79,0.68,5.35,8.48,0.0,4.96,0.68,126.56,156.67,164.31,166.22,152.97,110.23,1090.61,1058.14,1083.36,1097.25,1106.42,1090.14,10712.83,28.21,0.04,29700.17,23.03,2.97,2.03,11.37,1924.91,1948.21,1.0,1.0,-2.3,4.03,3.62,3.64,0.0,0.0,3.57,4.02,4.55,3.18,0.0,0.0,0.0,0.0,5.0,12.0,6.0,12.0,6.0,12.0,5.0,12.0,0.0,0.0,199.0,201.0,201.0,201.0,8.66,5.16,5.82,5.03,8.58,4.73,5.34,5.94,5.05,6.6,6.35,6.83,7.16,8.42,8.28,9.17,8.23,8.96,10.07,7.67,9.42,9.86,11.13,11.94,15.13,50.23,5.32,7.09,67.47,8.5,7.17,63.0,8.95,7.91,6.8,22.07,35.25,93.53,,,,0.0,0.0,0.0,0.0,0.0,0.0,2.0,0.0,1.0,0.0
True,2021/6/15 21:00:13,,3925340114024136965,Equ1,2021/6/15 20:52:15,1.0,0.0,0.0,1242.0,0.0,0.0,0.0,0.0,462.26,425.11,447.21,469.58,473.79,461.79,0.77,5.57,8.53,0.0,4.97,0.77,123.81,156.09,160.58,165.94,149.16,105.45,1092.67,1060.32,1085.38,1099.22,1108.4,1092.2,10561.53,23.12,0.05,29190.48,24.22,2.56,2.03,11.96,1890.34,1922.6,1.0,1.0,-2.3,4.04,3.62,3.64,0.0,0.0,3.31,3.25,4.44,3.85,0.0,0.0,0.0,0.0,5.0,12.0,6.0,12.0,6.0,12.0,5.0,12.0,0.0,0.0,199.0,201.0,201.0,201.0,8.66,5.15,5.81,5.04,8.57,4.73,5.35,5.91,5.03,6.58,6.33,6.79,7.14,8.37,8.25,9.13,8.17,8.87,9.94,7.59,9.25,9.62,10.75,11.51,13.3,22.21,5.31,7.09,67.47,8.48,7.15,63.0,8.94,7.89,6.8,22.06,35.23,93.29,,,,0.0,0.0,0.0,0.0,0.0,0.0,2.0,0.0,1.0,0.0
True,2021/6/15 21:00:13,,3925340114024136966,Equ1,2021/6/15 20:52:20,1.0,0.0,0.0,1242.0,0.0,0.0,0.0,0.0,462.26,425.11,447.21,469.58,473.79,461.79,0.81,5.76,8.62,0.0,4.99,0.81,124.39,157.13,155.47,166.57,147.37,102.16,1095.02,1062.82,1087.78,1101.53,1110.73,1094.55,10271.75,20.8,0.05,28914.4,25.18,2.39,2.02,12.44,1914.64,1901.77,1.0,1.0,-2.31,4.04,3.62,3.64,0.0,0.0,3.46,4.72,4.95,4.91,0.0,0.0,0.0,0.0,5.0,12.0,6.0,12.0,6.0,12.0,5.0,12.0,0.0,0.0,200.0,202.0,202.0,202.0,8.7,5.14,5.79,5.03,8.62,4.73,5.35,5.87,5.01,6.55,6.29,6.75,7.1,8.31,8.25,9.16,8.1,8.75,9.8,7.47,9.07,9.38,10.36,11.05,11.98,15.3,51.49,7.07,67.45,8.47,7.13,63.0,8.92,7.87,6.8,22.06,35.2,93.03,,,,0.0,0.0,0.0,0.0,0.0,0.0,2.0,0.0,1.0,0.0
True,2021/6/15 21:00:13,,3925340114024136967,Equ1,2021/6/15 20:52:25,1.0,0.0,0.0,1242.0,0.0,0.0,0.0,0.0,462.26,425.11,447.21,469.58,473.79,461.79,0.87,5.89,8.72,0.0,5.02,0.87,128.41,155.8,153.02,165.64,149.23,102.17,1097.24,1065.1,1090.04,1103.69,1112.92,1096.77,10233.8,20.05,0.06,28999.34,25.83,2.37,2.02,12.76,1915.44,1916.96,1.0,1.0,-2.31,4.04,3.62,3.64,0.0,0.0,3.49,3.14,4.4,3.93,0.0,0.0,0.0,0.0,5.0,12.0,6.0,12.0,6.0,12.0,5.0,12.0,0.0,0.0,200.0,202.0,202.0,202.0,8.7,5.12,5.78,5.03,8.63,4.73,5.35,5.83,4.99,6.52,6.26,6.71,7.07,8.25,8.22,9.04,8.03,8.64,9.66,7.36,8.92,9.15,10.04,10.68,11.22,13.26,23.72,7.08,67.45,8.45,7.11,62.99,8.9,7.85,6.8,22.11,35.18,92.76,,,,0.0,0.0,0.0,0.0,0.0,0.0,2.0,0.0,1.0,0.0
True,2021/6/15 21:00:13,,3925340114024136968,Equ1,2021/6/15 20:52:30,1.0,0.0,0.0,1242.0,0.0,0.0,0.0,0.0,462.26,425.11,447.21,469.58,473.79,461.79,0.84,6.0,8.83,0.0,4.98,0.84,126.56,156.77,151.92,166.38,149.61,102.27,1099.35,1067.36,1092.29,1105.83,1115.02,1098.88,10246.62,17.05,0.07,28935.63,27.65,2.15,2.02,13.66,1930.34,1935.04,1.0,1.0,-2.31,4.04,3.62,3.64,0.0,0.0,3.52,3.53,4.59,5.84,0.0,0.0,0.0,0.0,5.0,12.0,6.0,12.0,6.0,12.0,5.0,12.0,0.0,0.0,201.0,203.0,203.0,203.0,8.74,5.11,5.75,5.01,8.59,4.71,5.35,5.79,4.98,6.49,6.23,6.67,7.04,8.19,8.17,8.94,7.89,8.52,9.55,7.27,8.78,8.97,9.76,10.39,10.69,12.11,12.66,47.61,67.45,8.43,7.09,62.99,8.88,7.82,6.74,22.26,35.18,92.29,,,,0.0,0.0,0.0,0.0,0.0,0.0,2.0,0.0,1.0,0.0
True,2021/6/15 21:00:13,,3925340114024136969,Equ1,2021/6/15 20:52:35,1.0,0.0,0.0,1242.0,0.0,0.0,0.0,0.0,462.26,425.11,447.21,469.58,473.79,461.79,0.8,5.96,8.91,0.0,5.01,0.8,128.1,156.26,155.5,166.65,152.16,105.83,1101.21,1069.23,1094.28,1107.74,1116.96,1100.74,10423.05,20.36,0.06,29296.67,26.25,2.44,2.03,12.96,1933.02,1901.98,1.0,1.0,-2.31,4.04,3.62,3.62,0.0,0.0,3.67,4.19,4.44,3.22,0.0,0.0,0.0,0.0,5.0,12.0,6.0,12.0,6.0,12.0,5.0,12.0,0.0,0.0,201.0,203.0,203.0,203.0,8.74,5.1,5.73,5.0,8.59,4.7,5.35,5.76,4.96,6.46,6.2,6.63,7.01,8.14,8.12,8.88,7.87,8.43,9.46,7.19,8.67,8.82,9.54,10.12,10.3,11.42,10.64,49.92,67.46,8.42,7.07,62.99,8.86,7.81,6.72,22.34,35.15,91.83,,,,0.0,0.0,0.0,0.0,0.0,0.0,2.0,0.0,1.0,0.0
True,2021/6/15 21:00:13,,3925340114024136970,Equ1,2021/6/15 20:52:40,1.0,0.0,0.0,1242.0,0.0,0.0,0.0,0.0,462.26,425.11,447.21,469.58,473.79,461.79,0.73,5.75,8.79,0.0,5.0,0.73,125.78,156.18,159.04,166.0,150.97,107.02,1103.28,1071.15,1096.29,1109.87,1119.08,1102.81,10511.27,27.93,0.04,29317.9,24.51,3.13,2.02,12.1,1917.54,1912.98,1.0,1.0,-2.31,4.05,3.62,3.63,0.0,0.0,4.07,5.39,4.53,4.33,0.0,0.0,0.0,0.0,5.0,12.0,6.0,12.0,6.0,12.0,5.0,12.0,0.0,0.0,202.0,204.0,204.0,204.0,8.79,5.09,5.72,4.98,8.56,4.69,5.35,5.72,4.95,6.43,6.17,6.59,6.99,8.07,8.07,8.8,7.81,8.33,9.35,7.12,8.56,8.69,9.34,9.91,9.98,10.92,9.63,45.24,64.61,8.39,7.05,62.99,8.84,7.79,6.7,22.35,35.23,91.4,,,,0.0,0.0,0.0,0.0,0.0,0.0,2.0,0.0,1.0,0.0
True,2021/6/15 21:00:13,,3925340114024136971,Equ1,2021/6/15 20:52:45,1.0,0.0,0.0,1242.0,0.0,0.0,0.0,0.0,462.26,425.11,447.21,469.58,473.79,461.79,0.89,5.96,8.85,0.0,5.08,0.89,124.88,156.66,156.84,165.86,148.09,102.62,1105.74,1073.66,1098.65,1112.17,1121.46,1105.27,10385.1,20.78,0.05,29031.2,25.8,2.45,2.03,12.73,1903.14,1839.48,1.0,1.0,-2.31,4.05,3.62,3.64,0.0,0.0,3.64,3.27,4.47,3.92,0.0,0.0,0.0,0.0,5.0,12.0,6.0,12.0,6.0,12.0,5.0,12.0,0.0,0.0,202.0,204.0,204.0,204.0,8.79,5.08,5.69,4.97,8.55,4.69,5.35,5.69,4.94,6.41,6.14,6.55,6.96,8.02,8.03,8.73,7.75,8.25,9.25,7.05,8.47,8.57,9.17,9.73,9.73,10.56,8.97,42.42,64.88,8.38,7.04,62.98,8.83,7.77,6.7,22.34,35.2,91.12,,,,0.0,0.0,0.0,0.0,0.0,0.0,2.0,0.0,1.0,0.0
True,2021/6/15 21:00:13,,3925340114024136972,Equ1,2021/6/15 20:52:50,1.0,0.0,0.0,1242.0,0.0,0.0,0.0,0.0,462.26,425.11,447.21,469.58,473.79,461.79,0.96,6.07,8.93,0.0,5.14,0.96,127.4,156.21,156.63,166.46,148.89,101.42,1108.03,1075.99,1100.95,1114.39,1123.74,1107.56,10271.75,21.37,0.05,29063.06,25.43,2.48,2.02,12.57,1900.75,1946.25,1.0,1.0,-2.31,4.06,3.61,3.64,0.0,0.0,3.84,3.84,4.26,3.52,0.0,0.0,0.0,0.0,5.0,12.0,6.0,12.0,6.0,12.0,5.0,12.0,0.0,0.0,203.0,205.0,205.0,205.0,8.83,5.07,5.68,4.95,8.54,4.71,5.35,5.66,4.92,6.38,6.11,6.52,6.94,7.97,7.98,8.67,7.77,8.16,9.16,6.97,8.37,8.45,9.0,9.58,9.52,10.26,8.52,19.58,64.83,50.2,7.02,62.97,8.8,7.75,6.7,22.34,35.18,90.86,,,,0.0,0.0,0.0,0.0,0.0,0.0,2.0,0.0,1.0,0.0
True,2021/6/15 21:00:13,,3925340114024136973,Equ1,2021/6/15 20:52:55,1.0,0.0,0.0,1242.0,0.0,0.0,0.0,0.0,462.26,425.11,447.21,469.58,473.79,461.79,0.97,6.17,9.02,0.0,5.11,0.97,125.78,157.23,156.37,166.59,149.42,101.37,1110.1,1078.16,1103.11,1116.46,1125.78,1109.64,10209.17,21.44,0.05,29073.67,26.0,2.55,2.02,12.84,1909.29,1876.52,1.0,1.0,-2.31,4.05,3.62,3.65,0.0,0.0,3.68,4.35,4.4,3.29,0.0,0.0,0.0,0.0,5.0,12.0,6.0,12.0,6.0,12.0,5.0,12.0,0.0,0.0,203.0,205.0,205.0,205.0,8.83,5.06,5.66,4.94,8.54,4.73,5.35,5.64,4.91,6.35,6.09,6.48,6.92,7.93,7.94,8.62,7.73,8.08,9.1,6.9,8.29,8.35,8.87,9.45,9.34,10.03,8.18,13.83,64.83,36.01,7.01,62.97,8.8,7.74,6.7,22.36,35.18,90.63,,,,0.0,0.0,0.0,0.0,0.0,0.0,2.0,0.0,1.0,0.0
True,2021/6/15 21:00:13,,3925340114024136974,Equ1,2021/6/15 20:53:00,1.0,0.0,0.0,1242.0,0.0,0.0,0.0,0.0,462.26,425.11,447.21,469.58,473.79,461.79,1.03,6.37,9.17,0.0,5.16,1.03,126.29,157.48,154.49,166.96,149.71,101.55,1112.35,1080.54,1105.44,1118.64,1128.01,1111.88,10259.44,17.41,0.06,29041.82,27.34,2.17,2.02,13.5,1912.54,1908.06,1.0,1.0,-2.31,4.05,3.62,3.64,0.0,0.0,4.06,4.44,5.43,4.04,0.0,0.0,0.0,0.0,5.0,12.0,6.0,12.0,6.0,12.0,5.0,12.0,0.0,0.0,204.0,206.0,206.0,206.0,8.87,5.04,5.64,4.93,8.52,4.73,5.35,5.61,4.91,6.34,6.06,6.45,6.9,7.88,7.89,8.57,7.67,8.0,9.02,6.85,8.21,8.25,8.74,9.33,9.19,9.84,7.92,12.09,64.83,22.84,43.47,62.95,8.77,7.73,6.68,22.46,35.17,90.24,,,,0.0,0.0,0.0,0.0,0.0,0.0,2.0,0.0,1.0,0.0
True,2021/6/15 21:00:13,,3925340114024136975,Equ1,2021/6/15 20:53:05,1.0,0.0,0.0,1242.0,0.0,0.0,0.0,0.0,462.26,425.11,447.21,469.58,473.79,461.79,0.92,6.28,9.21,0.0,5.11,0.92,128.17,156.92,157.1,166.94,152.97,106.45,1114.09,1082.3,1107.33,1120.49,1129.81,1113.62,10423.55,25.3,0.04,29487.8,24.2,2.8,2.02,11.98,1915.8,1932.07,1.0,1.0,-2.31,4.04,3.63,3.64,0.0,0.0,3.72,4.24,4.29,3.88,0.0,0.0,0.0,0.0,5.0,12.0,6.0,12.0,6.0,12.0,5.0,12.0,0.0,0.0,204.0,206.0,206.0,206.0,8.87,5.03,5.62,4.91,8.52,4.73,5.35,5.58,4.88,6.31,6.04,6.42,6.88,7.83,7.85,8.52,7.62,7.93,8.95,6.79,8.14,8.17,8.62,9.23,9.05,9.69,7.71,11.16,64.85,18.76,31.02,62.96,8.77,7.71,6.66,22.58,35.17,89.81,,,,0.0,0.0,0.0,0.0,0.0,0.0,2.0,0.0,1.0,0.0
True,2021/6/15 21:00:13,,3925340114024136976,Equ1,2021/6/15 20:53:10,1.0,0.0,0.0,1242.0,0.0,0.0,0.0,0.0,462.26,425.11,447.21,469.58,473.79,461.79,0.93,6.09,9.08,0.0,5.15,0.93,126.07,156.96,160.26,166.75,151.1,106.99,1116.17,1084.18,1109.27,1122.56,1131.92,1115.7,10498.95,27.35,0.04,29424.09,24.75,3.09,2.02,12.22,1928.82,1919.27,1.0,1.0,-2.31,4.04,3.62,3.64,0.0,0.0,3.65,3.62,5.14,3.48,0.0,0.0,0.0,0.0,5.0,12.0,6.0,12.0,6.0,12.0,5.0,12.0,0.0,0.0,205.0,207.0,207.0,207.0,8.92,5.02,5.61,4.9,8.5,4.74,5.35,5.56,4.88,6.29,6.02,6.4,6.86,7.78,7.8,8.47,7.58,7.87,8.88,6.75,8.08,8.1,8.52,9.14,8.94,9.54,7.53,10.56,64.86,16.65,13.83,62.96,8.76,7.71,6.65,22.59,35.19,89.4,,,,0.0,0.0,0.0,0.0,0.0,0.0,2.0,0.0,1.0,0.0
True,2021/6/15 21:00:13,,3925340114024136977,Equ1,2021/6/15 20:53:15,1.0,0.0,0.0,1242.0,0.0,0.0,0.0,0.0,462.26,425.11,447.21,469.58,473.79,461.79,1.13,6.3,9.15,0.0,5.24,1.12,124.51,156.76,156.18,165.84,148.31,103.23,1118.67,1086.69,1111.64,1124.86,1134.31,1118.19,10334.84,21.04,0.05,28967.49,24.95,2.39,2.03,12.31,1916.88,1893.3,1.0,1.0,-2.31,4.05,3.62,3.64,0.0,0.0,3.71,3.48,4.43,3.59,0.0,0.0,0.0,0.0,5.0,12.0,6.0,12.0,6.0,12.0,5.0,12.0,0.0,0.0,205.0,207.0,207.0,207.0,8.92,5.02,5.6,4.89,8.51,4.75,5.35,5.54,4.88,6.28,6.0,6.38,6.85,7.74,7.76,8.44,7.53,7.82,8.83,6.71,8.02,8.03,8.43,9.06,8.83,9.43,7.4,10.13,64.87,15.31,11.48,63.03,8.76,7.7,6.64,22.57,35.18,89.11,,,,0.0,0.0,0.0,0.0,0.0,0.0,2.0,0.0,1.0,0.0
True,2021/6/15 21:00:13,,3925340114024136978,Equ1,2021/6/15 20:53:20,1.0,0.0,0.0,1242.0,0.0,0.0,0.0,0.0,462.26,425.11,447.21,469.58,473.79,461.79,1.15,6.41,9.19,0.0,5.23,1.15,125.91,156.93,154.12,166.12,148.61,102.17,1120.85,1088.97,1113.85,1127.03,1136.47,1120.38,10246.62,23.32,0.05,28967.49,24.94,2.66,2.02,12.33,1915.0,1899.16,1.0,1.0,-2.31,4.05,3.62,3.65,0.0,0.0,3.64,3.91,5.58,3.68,0.0,0.0,0.0,0.0,5.0,12.0,6.0,12.0,6.0,12.0,5.0,12.0,0.0,0.0,206.0,208.0,208.0,208.0,8.96,5.02,5.6,4.88,8.5,4.75,5.34,5.51,4.88,6.26,5.99,6.36,6.84,7.7,7.73,8.4,7.5,7.75,8.76,6.66,7.97,7.97,8.35,8.99,8.74,9.33,7.26,9.79,64.9,14.31,10.41,63.65,8.75,7.7,6.65,22.57,35.18,88.85,,,,0.0,0.0,0.0,0.0,0.0,0.0,2.0,0.0,1.0,0.0
True,2021/6/15 21:00:13,,3925340114024136979,Equ1,2021/6/15 20:53:25,1.0,0.0,0.0,1242.0,0.0,0.0,0.0,0.0,462.26,425.11,447.21,469.58,473.79,461.79,1.22,6.56,9.26,0.0,5.28,1.22,126.17,157.45,153.39,166.96,149.83,102.3,1123.02,1091.21,1116.01,1129.12,1138.61,1122.55,10209.17,20.41,0.05,29009.96,26.31,2.45,2.03,12.99,1920.57,1923.32,1.0,1.0,-2.31,4.05,3.62,3.64,0.0,0.0,3.72,3.77,5.03,3.58,0.0,0.0,0.0,0.0,5.0,12.0,6.0,12.0,6.0,12.0,5.0,12.0,0.0,0.0,206.0,208.0,208.0,208.0,8.96,5.0,5.58,4.86,8.48,4.75,5.34,5.48,4.86,6.23,5.96,6.33,6.82,7.66,7.68,8.35,7.45,7.69,8.69,6.61,7.91,7.91,8.26,8.92,8.65,9.23,7.15,9.53,64.89,13.62,9.76,63.55,54.0,7.67,6.66,22.59,35.17,88.59,,,,0.0,0.0,0.0,0.0,0.0,0.0,2.0,0.0,1.0,0.0
True,2021/6/15 21:00:13,,3925340114024136980,Equ1,2021/6/15 20:53:30,1.0,0.0,0.0,1242.0,0.0,0.0,0.0,0.0,462.26,425.11,447.21,469.58,473.79,461.79,1.19,6.64,9.38,0.0,5.25,1.19,125.95,156.8,152.1,166.1,149.42,102.17,1124.79,1093.09,1117.94,1130.92,1140.39,1124.32,10209.17,17.59,0.06,28903.78,26.69,2.14,2.02,13.18,1909.36,1906.32,1.0,1.0,-2.31,4.05,3.62,3.64,0.0,0.0,3.54,6.68,4.41,3.52,0.0,0.0,0.0,0.0,5.0,12.0,6.0,12.0,6.0,12.0,5.0,12.0,0.0,0.0,207.0,209.0,209.0,209.0,9.0,4.99,5.57,4.86,8.47,4.75,5.34,5.47,4.86,6.24,5.96,6.31,6.81,7.62,7.64,8.32,7.42,7.64,8.65,6.57,7.88,7.87,8.21,8.87,8.59,9.16,7.08,9.35,64.9,13.18,9.4,63.54,29.9,7.67,6.63,22.71,35.17,88.24,,,,0.0,0.0,0.0,0.0,0.0,0.0,2.0,0.0,1.0,0.0
True,2021/6/15 21:00:13,,3925340114024136981,Equ1,2021/6/15 20:53:35,1.0,0.0,0.0,1242.0,0.0,0.0,0.0,0.0,462.26,425.11,447.21,469.58,473.79,461.79,1.09,6.52,9.39,0.0,5.24,1.09,128.15,158.35,156.63,167.25,152.92,106.96,1126.55,1094.84,1119.81,1132.79,1142.23,1126.08,10473.82,25.52,0.04,29424.09,24.83,2.9,2.02,12.29,1926.21,1937.35,1.0,1.0,-2.31,4.05,3.62,3.64,0.0,0.0,3.52,3.18,4.7,3.33,0.0,0.0,0.0,0.0,5.0,12.0,6.0,12.0,6.0,12.0,5.0,12.0,0.0,0.0,207.0,209.0,209.0,209.0,9.0,4.97,5.56,4.83,8.46,4.75,5.32,5.44,4.86,6.24,5.94,6.33,6.78,7.58,7.6,8.28,7.38,7.59,8.59,6.53,7.83,7.82,8.27,8.81,8.51,9.07,6.99,9.17,64.9,12.73,9.06,63.51,19.05,48.67,6.62,22.78,35.19,87.8,,,,0.0,0.0,0.0,0.0,0.0,0.0,2.0,0.0,1.0,0.0
True,2021/6/15 21:00:13,,3925340114024136982,Equ1,2021/6/15 20:53:40,1.0,0.0,0.0,1242.0,0.0,0.0,0.0,0.0,462.26,425.11,447.21,469.58,473.79,461.79,1.15,6.11,9.1,0.0,5.36,1.15,126.98,157.0,163.72,166.94,152.31,108.81,1128.57,1096.38,1121.47,1134.74,1144.31,1128.1,10649.75,28.78,0.04,29678.94,23.59,3.1,2.02,11.65,1905.53,1899.81,1.0,1.0,-2.31,4.05,3.61,3.64,0.0,0.0,4.04,3.58,3.98,3.74,0.0,0.0,0.0,0.0,5.0,12.0,6.0,12.0,6.0,12.0,5.0,12.0,0.0,0.0,208.0,210.0,210.0,210.0,9.05,4.97,5.54,4.83,8.45,4.76,5.33,5.42,4.85,6.22,5.92,6.3,6.78,7.54,7.57,8.23,7.34,7.54,8.54,6.49,7.78,7.78,8.11,8.75,8.44,8.99,6.92,9.0,64.9,12.34,8.83,63.5,16.19,24.07,6.62,22.76,35.39,87.36,,,,0.0,0.0,0.0,0.0,0.0,0.0,1.0,0.0,1.0,0.0
True,2021/6/15 21:00:13,,3925340114024136983,Equ1,2021/6/15 20:53:45,1.0,0.0,0.0,1242.0,0.0,0.0,0.0,0.0,462.26,425.11,447.21,469.58,473.79,461.79,1.31,6.31,9.21,0.0,5.42,1.31,125.09,156.73,162.15,166.12,149.65,105.27,1130.86,1098.7,1123.7,1136.86,1146.49,1130.39,10662.57,22.5,0.05,29286.05,24.11,2.48,2.03,11.9,1913.77,2000.0,1.0,1.0,-2.31,4.05,3.62,3.64,0.0,0.0,3.64,5.54,4.68,3.88,0.0,0.0,0.0,0.0,5.0,12.0,6.0,12.0,6.0,12.0,5.0,12.0,0.0,0.0,208.0,210.0,210.0,210.0,9.05,42.08,5.53,4.81,8.44,4.75,5.32,5.39,4.84,6.21,5.9,6.24,6.66,7.51,7.52,8.19,7.31,7.49,8.49,6.45,7.74,7.73,8.02,8.7,8.39,8.91,6.85,8.88,64.9,12.03,8.62,63.48,14.66,17.97,6.62,22.74,35.39,87.06,,,,0.0,0.0,0.0,0.0,0.0,0.0,1.0,0.0,1.0,0.0
True,2021/6/15 21:00:13,,3925340114024136984,Equ1,2021/6/15 20:53:50,1.0,0.0,0.0,1242.0,0.0,0.0,0.0,0.0,462.26,425.11,447.21,469.58,473.79,461.79,1.37,6.5,9.36,0.0,5.44,1.37,126.94,156.83,160.32,166.49,149.78,104.85,1133.03,1101.02,1125.97,1138.98,1148.63,1132.56,10511.27,23.96,0.05,29317.9,23.8,2.61,2.02,11.77,1919.49,2000.0,1.0,1.0,-2.31,4.05,3.62,3.65,0.0,0.0,4.12,3.59,3.72,3.61,0.0,0.0,0.0,0.0,5.0,12.0,6.0,12.0,6.0,12.0,5.0,12.0,0.0,0.0,209.0,211.0,211.0,211.0,9.09,17.19,5.52,4.8,8.44,4.76,5.32,5.37,4.83,6.19,5.89,6.22,6.82,7.47,7.49,8.16,7.29,7.45,8.44,6.41,7.7,7.68,7.98,8.66,8.33,8.84,6.79,8.76,64.9,11.74,8.45,63.47,13.7,15.2,6.61,22.76,35.36,86.81,,,,0.0,0.0,0.0,0.0,0.0,0.0,1.0,0.0,1.0,0.0
True,2021/6/15 21:00:13,,3925340114024136985,Equ1,2021/6/15 20:53:55,1.0,0.0,0.0,1242.0,0.0,0.0,0.0,0.0,462.26,425.11,447.21,469.58,473.79,461.79,1.44,6.75,9.56,0.0,5.48,1.44,126.36,157.78,159.53,167.01,151.27,105.67,1135.09,1103.25,1128.16,1140.97,1150.66,1134.62,10524.09,20.53,0.06,29455.95,25.5,2.39,2.03,12.59,1907.19,1943.14,1.0,1.0,-2.31,4.05,3.62,3.65,0.0,0.0,3.65,3.28,4.65,3.64,0.0,0.0,0.0,0.0,5.0,12.0,6.0,12.0,6.0,12.0,5.0,12.0,0.0,0.0,209.0,211.0,211.0,211.0,9.09,9.42,35.01,4.79,8.43,4.76,5.31,5.35,4.82,6.17,5.87,6.22,6.85,7.55,7.46,8.12,7.26,7.41,8.39,6.37,7.65,7.63,7.93,8.62,8.2,8.79,6.74,8.65,64.9,11.5,8.32,63.47,13.03,13.77,6.61,22.83,35.29,86.56,,,,0.0,0.0,0.0,0.0,0.0,0.0,1.0,0.0,1.0,0.0
True,2021/6/15 21:00:13,,3925340114024136986,Equ1,2021/6/15 20:54:00,1.0,0.0,0.0,1242.0,0.0,0.0,0.0,0.0,462.26,425.11,447.21,469.58,473.79,461.79,1.44,6.95,9.74,0.0,5.42,1.44,127.31,156.52,157.32,166.16,151.82,107.0,1137.14,1105.5,1130.39,1143.02,1152.66,1136.67,10561.53,18.86,0.06,29349.76,25.8,2.22,2.02,12.75,1916.16,1934.17,1.0,1.0,-2.31,4.05,3.62,3.65,0.0,0.0,3.73,3.47,4.8,3.8,0.0,0.0,0.0,0.0,5.0,12.0,6.0,12.0,6.0,12.0,5.0,12.0,0.0,0.0,210.0,212.0,212.0,212.0,9.13,7.97,27.77,4.78,8.43,4.76,5.31,5.33,4.81,6.17,5.86,6.19,6.81,7.58,7.42,8.09,7.22,7.37,8.35,6.34,7.61,7.59,7.89,8.57,8.27,8.74,6.7,8.56,64.9,11.3,8.22,63.46,12.52,12.84,6.55,23.03,35.3,85.95,,,,0.0,0.0,0.0,0.0,0.0,0.0,1.0,0.0,1.0,0.0
True,2021/6/15 21:00:13,,3925340114024136987,Equ1,2021/6/15 20:54:05,1.0,0.0,0.0,1242.0,0.0,0.0,0.0,0.0,462.26,425.11,447.21,469.58,473.79,461.79,1.3,6.59,9.63,0.0,5.41,1.3,128.34,157.58,165.18,166.96,156.45,115.09,1138.57,1106.71,1131.85,1144.59,1154.21,1138.1,10965.17,28.41,0.04,30061.2,23.64,3.07,2.02,11.69,1916.16,1932.07,1.0,1.0,-2.31,4.04,3.63,3.65,0.0,0.0,3.74,3.15,4.52,3.71,0.0,0.0,0.0,0.0,5.0,12.0,6.0,12.0,6.0,12.0,5.0,12.0,0.0,0.0,210.0,212.0,212.0,212.0,9.13,7.33,12.92,50.75,8.41,4.75,5.3,5.31,4.81,6.16,5.83,6.18,6.79,7.47,7.38,8.05,7.19,7.32,8.3,6.3,7.58,7.55,7.85,8.54,8.33,8.76,6.66,8.48,64.9,11.13,8.12,63.45,12.13,12.16,6.51,23.12,35.44,85.33,,,,0.0,0.0,0.0,0.0,0.0,0.0,1.0,0.0,1.0,0.0
True,2021/6/15 21:00:13,,3925340114024136988,Equ1,2021/6/15 20:54:10,1.0,0.0,0.0,1242.0,0.0,0.0,0.0,0.0,462.26,425.11,447.21,469.58,473.79,461.79,1.43,6.31,9.35,0.0,5.53,1.43,126.49,156.42,168.5,166.59,152.95,114.35,1140.6,1108.33,1133.47,1146.49,1156.23,1140.13,11103.65,29.32,0.04,29965.64,21.72,2.91,2.03,10.73,1907.33,1877.97,1.0,1.0,-2.31,4.04,3.62,3.65,0.0,0.0,3.75,3.37,4.52,3.89,0.0,0.0,0.0,0.0,5.0,12.0,6.0,12.0,6.0,12.0,5.0,12.0,0.0,0.0,211.0,213.0,213.0,213.0,9.18,6.95,10.58,16.38,8.41,4.76,5.3,5.29,4.8,6.15,5.82,6.16,6.77,7.41,7.36,8.02,7.17,7.29,8.28,6.27,7.54,7.51,7.81,8.48,8.25,8.62,6.63,8.4,64.9,10.97,8.05,63.44,11.81,11.64,6.36,23.1,35.65,84.12,,,,0.0,0.0,0.0,0.0,0.0,0.0,1.0,0.0,1.0,0.0
True,2021/6/15 21:00:13,,3925340114024136989,Equ1,2021/6/15 20:54:15,1.0,0.0,0.0,1242.0,0.0,0.0,0.0,0.0,462.26,425.11,447.21,469.58,473.79,461.79,1.6,6.58,9.45,0.0,5.62,1.6,125.2,156.54,162.66,166.41,150.81,111.05,1142.93,1110.77,1135.74,1148.66,1158.48,1142.46,10914.4,23.7,0.05,29572.75,22.26,2.41,2.02,10.99,1900.82,1905.31,1.0,1.0,-2.31,4.05,3.62,3.65,0.0,0.0,3.67,3.61,4.54,3.73,0.0,0.0,0.0,0.0,5.0,12.0,6.0,12.0,6.0,12.0,5.0,12.0,0.0,0.0,211.0,213.0,213.0,213.0,9.18,6.68,9.48,10.43,52.89,4.75,5.29,5.27,4.8,6.13,5.8,6.15,6.75,7.37,7.31,7.99,7.14,7.26,8.23,6.25,7.51,7.47,7.77,8.45,8.19,8.59,6.68,8.33,64.9,10.81,7.98,63.44,11.55,11.24,6.3,23.09,35.62,83.24,,,,0.0,0.0,0.0,0.0,0.0,0.0,1.0,0.0,1.0,0.0
True,2021/6/15 21:00:13,,3925340114024136990,Equ1,2021/6/15 20:54:20,1.0,0.0,0.0,1242.0,0.0,0.0,0.0,0.0,462.26,425.11,447.21,469.58,473.79,461.79,1.66,6.67,9.5,0.0,5.63,1.66,126.98,156.45,160.66,166.23,151.87,111.6,1144.92,1112.78,1137.7,1150.57,1160.41,1144.45,10813.87,25.02,0.05,29604.61,21.9,2.5,2.02,10.82,1890.34,1924.41,1.0,1.0,-2.31,4.05,3.62,3.66,0.0,0.0,3.84,3.41,4.53,3.87,0.0,0.0,0.0,0.0,5.0,12.0,6.0,12.0,6.0,12.0,5.0,12.0,0.0,0.0,212.0,214.0,214.0,214.0,9.22,6.49,8.82,8.91,28.09,4.76,5.3,5.25,4.79,6.12,5.79,6.13,6.74,7.33,7.29,7.96,7.12,7.23,8.19,6.22,7.47,7.44,7.75,8.43,8.13,8.58,6.63,8.27,64.9,10.67,7.91,63.44,11.32,10.9,6.29,23.1,35.6,82.64,,,,0.0,0.0,0.0,0.0,0.0,0.0,1.0,0.0,1.0,0.0
True,2021/6/15 21:00:13,,3925340114024136991,Equ1,2021/6/15 20:54:25,1.0,0.0,0.0,1242.0,0.0,0.0,0.0,0.0,462.26,425.11,447.21,469.58,473.79,461.79,1.76,6.92,9.68,0.0,5.65,1.76,126.4,156.13,160.2,166.2,152.82,112.12,1146.91,1114.93,1139.78,1152.47,1162.34,1146.44,10801.05,19.9,0.06,29604.61,24.4,2.22,2.03,12.04,1913.7,1860.03,1.0,1.0,-2.31,4.05,3.62,3.65,0.0,0.0,3.78,3.98,4.55,3.71,0.0,0.0,0.0,0.0,5.0,12.0,6.0,12.0,6.0,12.0,5.0,12.0,0.0,0.0,212.0,214.0,214.0,214.0,9.22,6.34,8.34,8.1,16.28,39.17,5.3,5.24,4.79,6.11,5.79,6.12,6.72,7.3,7.25,7.93,7.09,7.2,8.16,6.19,7.44,7.4,7.72,8.4,8.08,8.54,6.56,8.19,64.9,10.54,7.85,63.43,11.13,10.62,6.29,23.13,35.54,82.1,,,,0.0,0.0,0.0,0.0,0.0,0.0,1.0,0.0,1.0,0.0
True,2021/6/15 21:00:13,,3925340114024136992,Equ1,2021/6/15 20:54:30,1.0,0.0,0.0,1242.0,0.0,0.0,0.0,0.0,462.26,425.11,447.21,469.58,473.79,461.79,1.77,6.98,9.74,0.0,5.64,1.77,127.01,157.55,160.01,167.16,153.23,113.85,1148.77,1116.83,1141.69,1154.32,1164.17,1148.3,10876.95,22.16,0.05,29774.5,23.96,2.43,2.02,11.85,1920.43,1905.96,1.0,1.0,-2.31,4.05,3.62,3.65,0.0,0.0,4.03,3.55,4.6,4.02,0.0,0.0,0.0,0.0,5.0,12.0,6.0,12.0,6.0,12.0,5.0,12.0,0.0,0.0,213.0,215.0,215.0,215.0,9.26,6.22,8.0,7.6,13.98,48.56,5.29,5.23,4.78,6.11,5.77,6.1,6.7,7.26,7.21,7.89,7.05,7.17,8.12,6.17,7.41,7.36,7.7,8.37,8.04,8.51,6.54,8.16,64.91,10.42,7.8,63.43,10.95,10.4,6.29,23.18,35.56,81.51,,,,0.0,0.0,0.0,0.0,0.0,0.0,1.0,0.0,1.0,0.0
True,2021/6/15 21:00:13,,3925340114024136993,Equ1,2021/6/15 20:54:35,1.0,0.0,0.0,1242.0,0.0,0.0,0.0,0.0,462.26,425.11,447.21,469.58,473.79,461.79,1.68,6.69,9.67,0.0,5.68,1.68,126.0,156.92,167.53,166.84,156.99,120.56,1150.05,1117.92,1143.0,1155.7,1165.59,1149.58,11254.95,31.86,0.04,30316.05,20.49,2.98,2.02,10.13,1888.67,1910.16,1.0,1.0,-2.31,4.04,3.63,3.65,0.0,0.0,3.96,3.43,4.65,3.85,0.0,0.0,0.0,0.0,5.0,12.0,6.0,12.0,6.0,12.0,5.0,12.0,0.0,0.0,214.0,215.0,215.0,215.0,9.27,6.13,7.74,7.27,12.86,13.99,5.28,5.21,4.77,6.1,5.76,6.09,6.69,7.23,7.18,7.88,7.03,7.14,8.08,6.15,7.38,7.33,7.67,8.34,7.99,8.48,6.52,8.12,64.91,10.31,7.75,63.43,10.82,10.2,6.29,23.18,35.63,81.08,,,,0.0,0.0,0.0,0.0,0.0,0.0,1.0,0.0,1.0,0.0
True,2021/6/15 21:00:13,,3925340114024136994,Equ1,2021/6/15 20:54:40,1.0,0.0,0.0,1242.0,0.0,0.0,0.0,0.0,462.26,425.11,447.21,469.58,473.79,461.79,1.8,6.71,9.63,0.0,5.74,1.8,126.33,155.73,167.22,166.12,152.97,116.87,1151.81,1119.57,1144.6,1157.33,1167.28,1151.34,11116.46,26.79,0.04,30018.73,21.5,2.63,2.03,10.61,1899.67,1967.67,1.0,1.0,-2.31,4.04,3.62,3.65,0.0,0.0,4.08,3.96,4.61,3.78,0.0,0.0,0.0,0.0,5.0,12.0,6.0,12.0,6.0,12.0,5.0,12.0,0.0,0.0,214.0,216.0,215.0,216.0,9.29,6.06,7.57,7.06,12.29,11.57,5.28,5.19,4.77,6.09,5.75,6.08,6.68,7.2,7.15,7.85,7.03,7.12,8.06,6.13,7.37,7.3,7.66,8.33,7.96,8.45,6.5,8.08,64.91,10.24,7.72,63.43,10.71,10.06,6.29,23.16,35.65,80.7,,,,0.0,0.0,0.0,0.0,0.0,0.0,1.0,0.0,1.0,0.0
True,2021/6/15 21:00:13,,3925340114024136995,Equ1,2021/6/15 20:54:45,1.0,0.0,0.0,1242.0,0.0,0.0,0.0,0.0,462.26,425.11,447.21,469.58,473.79,461.79,1.87,6.92,9.71,0.0,5.75,1.87,127.26,156.38,163.3,166.48,151.26,113.76,1154.0,1121.9,1146.79,1159.45,1169.41,1153.53,11053.38,22.54,0.05,29700.17,21.76,2.24,2.02,10.74,1914.57,1813.08,1.0,1.0,-2.31,4.04,3.62,3.66,0.0,0.0,3.93,4.38,4.69,3.87,0.0,0.0,0.0,0.0,5.0,12.0,6.0,12.0,6.0,12.0,5.0,12.0,0.0,0.0,214.0,216.0,216.0,216.0,9.31,5.99,7.38,6.84,11.74,10.25,5.28,5.21,4.77,6.08,5.73,6.06,6.67,7.17,7.12,7.82,7.03,7.09,8.03,6.11,7.34,7.28,7.64,8.3,7.92,8.43,6.49,8.02,64.92,10.14,7.68,63.43,10.6,9.92,6.28,23.15,35.62,80.4,,,,0.0,0.0,0.0,0.0,0.0,0.0,1.0,0.0,1.0,0.0
True,2021/6/15 21:00:13,,3925340114024136996,Equ1,2021/6/15 20:54:50,1.0,0.0,0.0,1242.0,0.0,0.0,0.0,0.0,462.26,425.11,447.21,469.58,473.79,461.79,1.94,6.93,9.7,0.0,5.79,1.94,126.87,157.05,161.68,166.46,151.2,113.53,1156.0,1123.84,1148.72,1161.38,1171.39,1155.53,10902.08,24.53,0.05,29700.17,22.44,2.51,2.02,11.09,1926.0,1986.83,1.0,1.0,-2.31,4.04,3.62,3.67,0.0,0.0,4.31,2.92,4.65,4.24,0.0,0.0,0.0,0.0,5.0,12.0,6.0,12.0,6.0,12.0,5.0,12.0,0.0,0.0,215.0,217.0,216.0,217.0,9.34,5.93,7.25,6.67,11.38,9.57,5.27,57.81,4.76,6.08,5.72,6.05,6.66,7.15,7.09,7.78,7.01,7.09,8.01,6.1,7.32,7.25,7.63,8.28,7.89,8.4,6.46,7.97,64.92,10.06,7.64,63.41,10.5,9.8,6.29,23.15,35.63,80.13,,,,0.0,0.0,0.0,0.0,0.0,0.0,1.0,0.0,1.0,0.0
True,2021/6/15 21:00:13,,3925340114024136997,Equ1,2021/6/15 20:54:55,1.0,0.0,0.0,1242.0,0.0,0.0,0.0,0.0,462.26,425.11,447.21,469.58,473.79,461.79,2.01,7.12,9.82,0.0,5.81,2.01,126.29,155.54,159.35,166.16,151.76,112.99,1158.0,1125.96,1150.76,1163.31,1173.33,1157.53,10763.6,18.6,0.06,29509.04,24.24,2.06,2.03,11.96,1893.3,1891.71,1.0,1.0,-2.31,4.04,3.62,3.66,0.0,0.0,3.92,4.26,4.77,3.87,0.0,0.0,0.0,0.0,5.0,12.0,6.0,12.0,6.0,12.0,5.0,12.0,0.0,0.0,215.0,217.0,217.0,217.0,9.35,5.87,7.12,6.53,11.08,9.09,5.27,22.05,4.76,6.06,5.72,6.04,6.65,7.12,7.07,7.75,6.99,7.05,7.99,6.08,7.3,7.22,7.62,8.26,7.85,8.39,6.45,7.93,64.92,9.99,7.6,63.41,10.4,9.69,6.28,23.16,35.59,79.9,,,,0.0,0.0,0.0,0.0,0.0,0.0,1.0,0.0,1.0,0.0
True,2021/6/15 21:00:13,,3925340114024136998,Equ1,2021/6/15 20:55:00,1.0,0.0,0.0,1242.0,0.0,0.0,0.0,0.0,462.26,425.11,447.21,469.58,473.79,461.79,2.05,7.23,9.97,0.0,5.82,2.05,128.4,157.8,161.15,167.03,154.37,116.36,1159.81,1127.85,1152.69,1165.08,1175.12,1159.34,10990.3,21.88,0.05,29933.78,23.5,2.35,2.02,11.62,1928.24,1891.06,1.0,1.0,-2.31,4.04,3.62,3.66,0.0,0.0,3.75,3.02,4.71,4.07,0.0,0.0,0.0,0.0,5.0,12.0,6.0,12.0,6.0,12.0,5.0,12.0,0.0,0.0,216.0,218.0,217.0,218.0,9.38,5.82,7.02,6.41,10.85,8.76,5.27,15.67,40.05,6.05,5.7,6.02,6.62,7.09,7.04,7.73,6.97,7.03,7.97,6.09,7.27,7.19,7.59,8.25,7.82,8.37,6.44,7.9,64.92,9.92,7.55,63.39,10.3,9.58,6.28,23.21,35.59,79.49,,,,0.0,0.0,0.0,0.0,0.0,0.0,1.0,0.0,1.0,0.0
True,2021/6/15 21:00:13,,3925340114024136999,Equ1,2021/6/15 20:55:05,1.0,0.0,0.0,1242.0,0.0,0.0,0.0,0.0,462.26,425.11,447.21,469.58,473.79,461.79,2.04,6.97,9.84,0.0,5.9,2.04,127.3,156.58,169.04,166.78,156.51,120.44,1161.2,1128.99,1153.96,1166.48,1176.6,1160.73,11217.5,28.09,0.04,30347.9,21.08,2.71,2.02,10.42,1897.79,1889.32,1.0,1.0,-2.31,4.03,3.62,3.65,0.0,0.0,3.88,4.29,4.96,3.82,0.0,0.0,0.0,0.0,5.0,12.0,6.0,12.0,6.0,12.0,5.0,12.0,0.0,0.0,216.0,218.0,218.0,218.0,9.39,5.78,6.93,6.31,10.67,8.51,5.26,13.22,11.64,6.06,5.71,6.02,6.62,7.07,7.02,7.7,6.95,6.99,7.94,6.07,7.26,7.17,7.59,8.23,7.8,8.35,6.42,7.86,64.92,9.85,7.58,63.4,10.24,9.5,6.28,23.22,35.7,79.07,,,,0.0,0.0,0.0,0.0,0.0,0.0,1.0,0.0,1.0,0.0
True,2021/6/15 21:00:13,,3925340114024137000,Equ1,2021/6/15 20:55:10,1.0,0.0,0.0,1242.0,0.0,0.0,0.0,0.0,462.26,425.11,447.21,469.58,473.79,461.79,2.28,7.1,9.78,0.0,5.99,2.28,124.51,156.08,167.35,166.48,152.07,114.37,1163.45,1131.12,1155.91,1168.49,1178.69,1162.98,10990.3,24.94,0.05,29806.36,21.75,2.48,2.02,10.74,1904.66,1916.52,1.0,1.0,-2.31,4.04,3.62,3.66,0.0,0.0,4.17,3.33,4.63,4.06,0.0,0.0,0.0,0.0,5.0,12.0,6.0,12.0,6.0,12.0,5.0,12.0,0.0,0.0,217.0,219.0,218.0,219.0,9.42,5.74,6.84,6.22,10.5,8.3,5.25,11.84,9.0,43.85,5.68,6.01,6.6,7.05,6.99,7.68,6.93,6.97,7.9,6.06,7.3,7.15,7.57,8.21,7.78,8.33,6.41,7.83,64.92,9.78,7.55,63.32,10.25,9.42,6.25,23.18,35.83,78.23,,,,0.0,0.0,0.0,0.0,0.0,0.0,1.0,0.0,1.0,0.0
True,2021/6/15 21:00:13,,3925340114024137001,Equ1,2021/6/15 20:55:15,1.0,0.0,0.0,1242.0,0.0,0.0,0.0,0.0,462.26,425.11,447.21,469.58,473.79,461.79,2.46,7.43,9.94,0.0,6.04,2.45,125.68,157.1,161.89,166.3,151.98,112.85,1165.61,1133.43,1158.05,1170.47,1180.72,1165.14,10876.95,23.08,0.05,29710.79,21.73,2.29,2.02,10.73,1930.63,1854.38,1.0,1.0,-2.31,4.05,3.62,3.66,0.0,0.0,3.89,4.23,4.55,3.86,0.0,0.0,0.0,0.0,5.0,12.0,6.0,12.0,6.0,12.0,5.0,12.0,0.0,0.0,217.0,219.0,219.0,219.0,9.43,5.7,6.77,6.13,10.36,8.14,5.25,10.93,8.1,16.53,5.69,6.0,6.6,7.03,6.97,7.66,6.92,6.94,7.86,6.06,7.29,7.13,7.56,8.2,7.75,8.33,6.4,7.8,64.93,9.71,7.52,63.37,10.16,9.36,6.2,23.21,35.79,77.33,,,,0.0,0.0,0.0,0.0,0.0,0.0,1.0,0.0,1.0,0.0
True,2021/6/15 21:00:13,,3925340114024137002,Equ1,2021/6/15 20:55:20,1.0,0.0,0.0,1242.0,0.0,0.0,0.0,0.0,462.26,425.11,447.21,469.58,473.79,461.79,2.45,7.55,10.05,0.0,6.02,2.45,127.63,156.97,160.08,166.91,152.03,113.27,1167.62,1135.57,1160.17,1172.49,1182.72,1167.16,10801.55,23.02,0.05,29710.79,23.28,2.45,2.02,11.5,1923.47,1894.17,1.0,1.0,-2.31,4.05,3.62,3.66,0.0,0.0,4.18,3.36,4.76,4.06,0.0,0.0,0.0,0.0,5.0,12.0,6.0,12.0,6.0,12.0,5.0,12.0,0.0,0.0,218.0,220.0,219.0,220.0,9.47,5.67,6.7,6.06,10.23,8.0,5.25,10.25,7.52,12.83,47.55,5.98,6.58,7.01,6.96,7.63,6.89,6.92,7.83,6.04,7.26,7.1,7.56,8.18,7.71,8.32,6.39,7.76,64.94,9.65,7.47,63.36,10.08,9.28,6.14,23.25,35.77,76.41,,,,0.0,0.0,0.0,0.0,0.0,0.0,1.0,0.0,1.0,0.0
True,2021/6/15 21:00:13,,3925340114024137003,Equ1,2021/6/15 20:55:25,1.0,0.0,0.0,1242.0,0.0,0.0,0.0,0.0,462.26,425.11,447.21,469.58,473.79,461.79,2.49,7.71,10.16,0.0,6.06,2.49,127.42,157.64,159.68,166.67,152.17,113.72,1169.61,1137.68,1162.23,1174.43,1184.71,1169.14,10738.47,20.73,0.06,29742.65,24.64,2.33,2.02,12.18,1911.1,1915.07,1.0,1.0,-2.31,4.05,3.62,3.67,0.0,0.0,3.8,4.19,4.43,3.73,0.0,0.0,0.0,0.0,5.0,12.0,6.0,12.0,6.0,12.0,5.0,12.0,0.0,0.0,219.0,220.0,220.0,220.0,9.49,5.65,6.65,6.01,10.12,7.89,5.25,9.76,7.17,11.36,18.0,5.98,6.57,6.99,6.93,7.62,6.88,6.9,7.79,6.02,7.25,7.08,7.55,8.17,7.71,8.29,6.38,7.73,64.94,9.58,7.44,63.38,10.03,9.23,6.05,23.45,35.78,75.4,,,,0.0,0.0,0.0,0.0,0.0,0.0,1.0,0.0,1.0,0.0
True,2021/6/15 21:00:13,,3925340114024137004,Equ1,2021/6/15 20:55:30,1.0,0.0,0.0,1242.0,0.0,0.0,0.0,0.0,462.26,425.11,447.21,469.58,473.79,461.79,2.47,7.7,10.26,0.0,6.05,2.47,128.04,156.64,162.37,166.61,155.14,117.77,1171.26,1139.34,1164.0,1176.11,1186.37,1170.79,10952.85,21.91,0.05,30029.35,23.32,2.33,2.02,11.52,1914.5,1894.53,1.0,1.0,-2.31,4.05,3.63,3.66,0.0,0.0,3.73,3.68,4.54,3.92,0.0,0.0,0.0,0.0,5.0,12.0,6.0,12.0,6.0,12.0,5.0,12.0,0.0,0.0,219.0,221.0,220.0,221.0,9.51,5.62,6.6,5.95,10.02,7.79,5.25,9.38,6.9,10.48,13.04,43.64,6.54,6.96,6.9,7.6,6.85,6.89,7.77,6.01,7.23,7.05,7.67,8.15,7.68,8.28,6.38,7.71,64.94,9.53,7.41,63.37,9.97,9.26,6.01,23.57,35.81,74.48,,,,0.0,0.0,0.0,0.0,0.0,0.0,1.0,0.0,1.0,0.0
True,2021/6/15 21:00:13,,3925340114024137005,Equ1,2021/6/15 20:55:35,1.0,0.0,0.0,1242.0,0.0,0.0,0.0,0.0,462.26,425.11,447.21,469.58,473.79,461.79,2.42,7.43,10.09,0.0,6.11,2.42,125.95,156.68,165.81,166.42,155.28,119.68,1172.79,1140.65,1165.41,1177.69,1188.01,1172.32,11015.93,27.41,0.04,30146.15,20.8,2.6,2.02,10.28,1910.95,1901.4,1.0,1.0,-2.31,4.04,3.62,3.66,0.0,0.0,3.74,4.03,4.33,3.68,0.0,0.0,0.0,0.0,5.0,12.0,6.0,12.0,6.0,12.0,5.0,12.0,0.0,0.0,220.0,221.0,221.0,221.0,9.53,5.61,6.55,5.91,9.94,7.7,5.25,9.06,6.72,9.9,11.34,20.85,6.56,6.94,6.89,7.58,6.83,6.86,7.74,5.99,7.21,7.04,7.53,8.15,7.67,8.27,6.37,7.69,64.95,9.48,7.38,63.39,9.94,9.16,5.98,23.61,36.0,73.56,,,,0.0,0.0,0.0,0.0,0.0,0.0,1.0,0.0,1.0,0.0
True,2021/6/15 21:00:13,,3925340114024137006,Equ1,2021/6/15 20:55:40,1.0,0.0,0.0,1242.0,0.0,0.0,0.0,0.0,462.26,425.11,447.21,469.58,473.79,461.79,2.61,7.59,10.09,0.0,6.17,2.61,125.16,157.09,162.21,166.65,153.14,116.04,1174.83,1142.67,1167.26,1179.54,1189.93,1174.36,10927.72,24.87,0.05,29806.36,21.22,2.41,2.02,10.48,1915.29,1851.42,1.0,1.0,-2.31,4.05,3.62,3.67,0.0,0.0,3.67,3.87,4.66,3.86,0.0,0.0,0.0,0.0,5.0,12.0,6.0,12.0,6.0,12.0,5.0,12.0,0.0,0.0,220.0,222.0,221.0,222.0,9.55,5.52,6.5,5.86,9.86,7.62,5.24,8.77,6.56,9.44,10.36,14.79,42.75,6.92,6.86,7.56,6.82,6.84,7.71,5.98,7.19,7.01,7.49,8.12,7.64,8.24,6.36,7.67,64.94,9.42,7.34,63.38,9.88,9.08,5.93,23.6,36.08,72.46,,,,0.0,0.0,0.0,0.0,0.0,0.0,1.0,0.0,1.0,0.0
True,2021/6/15 21:00:13,,3925340114024137007,Equ1,2021/6/15 20:55:45,1.0,0.0,0.0,1242.0,0.0,0.0,0.0,0.0,462.26,425.11,447.21,469.58,473.79,461.79,2.65,7.71,10.16,0.0,6.18,2.65,126.4,156.39,159.45,166.39,151.56,114.21,1176.99,1144.9,1169.45,1181.66,1192.05,1176.52,10738.47,23.39,0.05,29572.75,21.93,2.34,2.02,10.84,1921.51,1900.25,1.0,1.0,-2.31,4.05,3.62,3.67,0.0,0.0,3.68,4.13,4.69,3.65,0.0,0.0,0.0,0.0,5.0,12.0,6.0,12.0,6.0,12.0,5.0,12.0,0.0,0.0,221.0,222.0,222.0,223.0,9.59,5.67,6.47,5.82,9.79,7.55,5.24,8.54,6.44,9.13,9.7,12.65,13.2,6.91,6.85,7.55,6.81,6.83,7.69,5.97,7.17,7.0,7.5,8.13,7.62,8.23,6.35,7.64,64.95,9.37,7.31,63.39,9.84,9.04,5.92,23.65,36.08,71.65,,,,0.0,0.0,0.0,0.0,0.0,0.0,1.0,0.0,1.0,0.0
True,2021/6/15 21:00:13,,3925340114024137008,Equ1,2021/6/15 20:55:50,1.0,0.0,0.0,1242.0,0.0,0.0,0.0,0.0,462.26,425.11,447.21,469.58,473.79,461.79,2.62,7.66,10.13,0.0,6.18,2.62,127.04,156.11,158.26,166.06,150.69,113.77,1179.11,1147.01,1171.58,1183.81,1194.21,1178.64,10688.2,23.78,0.05,29572.75,22.4,2.43,2.02,11.07,1901.77,1888.45,1.0,1.0,-2.31,4.06,3.62,3.67,0.0,0.0,3.81,3.22,4.38,3.75,0.0,0.0,0.0,0.0,5.0,12.0,6.0,12.0,6.0,12.0,5.0,12.0,0.0,0.0,221.0,223.0,222.0,223.0,9.6,5.65,6.69,5.78,9.71,7.49,5.24,8.33,6.33,8.85,9.21,11.45,10.5,41.15,6.82,7.53,6.79,6.82,7.66,5.95,7.15,6.97,7.49,8.11,7.66,8.22,6.34,7.62,64.96,9.32,7.27,63.39,9.8,8.97,5.92,23.66,36.09,71.12,,,,0.0,0.0,0.0,0.0,0.0,0.0,1.0,0.0,1.0,0.0
True,2021/6/15 21:00:13,,3925340114024137009,Equ1,2021/6/15 20:55:55,1.0,0.0,0.0,1242.0,0.0,0.0,0.0,0.0,462.26,425.11,447.21,469.58,473.79,461.79,2.63,7.75,10.2,0.0,6.2,2.63,126.68,157.06,158.45,166.46,150.77,112.59,1180.73,1148.71,1173.26,1185.43,1195.83,1180.27,10663.07,19.78,0.06,29540.89,24.57,2.22,2.02,12.14,1911.1,1865.81,1.0,1.0,-2.31,4.05,3.62,3.67,0.0,0.0,3.73,4.07,4.18,3.69,0.0,0.0,0.0,0.0,5.0,12.0,6.0,12.0,6.0,12.0,5.0,12.0,0.0,0.0,221.0,223.0,223.0,223.0,9.61,5.64,6.58,5.75,9.65,7.44,5.23,8.2,6.26,8.67,8.92,10.79,9.68,20.84,6.81,7.52,6.78,6.81,7.64,5.94,7.14,6.96,7.49,8.11,7.7,8.21,6.34,7.6,64.96,9.28,7.25,63.4,9.77,8.93,5.92,23.68,36.09,70.82,,,,0.0,0.0,0.0,0.0,0.0,0.0,1.0,0.0,1.0,0.0
True,2021/6/15 21:00:13,,3925340114024137010,Equ1,2021/6/15 20:56:00,1.0,0.0,0.0,1242.0,0.0,0.0,0.0,0.0,462.26,425.11,447.21,469.58,473.79,461.79,2.62,7.8,10.32,0.0,6.19,2.62,128.62,157.22,160.78,166.97,153.88,115.62,1182.45,1150.48,1175.1,1187.15,1197.56,1181.98,10839.5,21.53,0.05,29901.93,23.9,2.35,2.02,11.81,1911.1,1893.52,1.0,1.0,-2.31,4.05,3.63,3.67,0.0,0.0,3.85,3.99,4.54,3.77,0.0,0.0,0.0,0.0,5.0,12.0,6.0,12.0,6.0,12.0,5.0,12.0,0.0,0.0,222.0,224.0,223.0,224.0,9.64,5.61,6.52,5.71,9.58,7.38,5.23,8.04,6.17,8.49,8.63,10.16,9.07,14.17,50.26,7.49,6.76,6.79,7.6,5.93,7.12,6.93,7.49,8.1,7.67,8.11,6.32,7.56,64.95,9.22,7.22,63.39,9.73,8.87,5.92,23.7,36.09,70.52,,,,0.0,0.0,0.0,0.0,0.0,0.0,1.0,0.0,1.0,0.0
True,2021/6/15 21:00:13,,3925340114024137011,Equ1,2021/6/15 20:56:05,1.0,0.0,0.0,1242.0,0.0,0.0,0.0,0.0,462.26,425.11,447.21,469.58,473.79,461.79,2.61,7.61,10.2,0.0,6.27,2.61,126.74,156.13,166.23,166.07,154.64,118.55,1184.09,1151.95,1176.64,1188.8,1199.29,1183.62,10940.54,27.54,0.04,30082.44,21.84,2.75,2.02,10.79,1915.0,1905.82,1.0,1.0,-2.31,4.05,3.62,3.67,0.0,0.0,3.74,3.91,4.37,3.69,0.0,0.0,0.0,0.0,5.0,12.0,6.0,12.0,6.0,12.0,5.0,12.0,0.0,0.0,222.0,224.0,224.0,224.0,9.65,5.6,6.49,5.69,9.53,7.34,5.22,7.91,6.11,8.34,8.41,9.72,8.69,12.19,19.14,7.49,6.75,6.78,7.58,5.91,7.09,6.92,7.48,8.09,7.64,8.11,6.33,7.55,64.96,9.18,7.19,63.39,9.69,8.83,5.92,23.73,36.2,70.16,,,,0.0,0.0,0.0,0.0,0.0,0.0,1.0,0.0,1.0,0.0
True,2021/6/15 21:00:13,,3925340114024137012,Equ1,2021/6/15 20:56:10,1.0,0.0,0.0,1242.0,0.0,0.0,0.0,0.0,462.26,425.11,447.21,469.58,473.79,461.79,2.71,7.72,10.24,0.0,6.26,2.71,125.68,157.05,164.32,166.52,152.47,115.6,1186.19,1154.05,1178.68,1190.8,1201.28,1185.72,10839.5,24.54,0.05,29870.07,22.61,2.53,2.02,11.16,1913.05,1922.16,1.0,1.0,-2.31,4.05,3.62,3.67,0.0,0.0,3.9,3.98,4.55,3.9,0.0,0.0,0.0,0.0,5.0,12.0,6.0,12.0,6.0,12.0,5.0,12.0,0.0,0.0,223.0,225.0,224.0,225.0,9.68,5.58,6.44,5.66,9.46,7.3,5.21,7.8,6.06,8.21,8.21,9.38,8.41,11.17,12.8,52.85,6.73,6.76,7.55,5.9,7.07,6.89,7.48,8.07,7.62,8.1,6.39,7.52,64.95,9.13,7.16,63.39,9.65,8.77,5.92,23.71,36.21,69.79,,,,0.0,0.0,0.0,0.0,0.0,0.0,1.0,0.0,1.0,0.0
True,2021/6/15 21:00:13,,3925340114024137013,Equ1,2021/6/15 20:56:15,1.0,0.0,0.0,1242.0,0.0,0.0,0.0,0.0,462.26,425.11,447.21,469.58,473.79,461.79,2.87,7.87,10.34,0.0,6.32,2.87,128.11,156.19,164.61,166.51,154.56,117.42,1188.1,1155.95,1180.52,1192.55,1203.08,1187.63,10839.5,23.27,0.05,30061.2,21.7,2.3,2.03,10.71,1907.77,1916.45,1.0,1.0,-2.31,4.06,3.62,3.68,0.0,0.0,3.71,4.13,4.6,3.7,0.0,0.0,0.0,0.0,5.0,12.0,6.0,12.0,6.0,12.0,5.0,12.0,0.0,0.0,224.0,225.0,225.0,226.0,9.72,5.58,6.41,5.63,9.42,7.26,5.21,7.7,6.01,8.09,8.04,9.11,8.18,10.49,11.14,20.02,6.72,6.75,7.52,5.89,7.05,6.87,7.47,8.06,7.59,8.11,6.34,7.51,64.95,9.09,7.13,63.39,9.62,8.73,5.92,23.73,36.21,69.42,,,,0.0,0.0,0.0,0.0,0.0,0.0,1.0,0.0,1.0,0.0
True,2021/6/15 21:00:13,,3925340114024137014,Equ1,2021/6/15 20:56:20,1.0,0.0,0.0,1242.0,0.0,0.0,0.0,0.0,462.26,425.11,447.21,469.58,473.79,461.79,2.83,7.89,10.37,0.0,6.33,2.83,126.78,155.89,163.02,165.93,153.49,117.13,1189.98,1157.91,1182.49,1194.48,1205.03,1189.52,10852.32,23.51,0.05,29859.45,22.07,2.37,2.03,10.89,1923.39,1885.42,1.0,1.0,-2.31,4.06,3.62,3.67,0.0,0.0,3.93,4.01,4.02,3.86,0.0,0.0,0.0,0.0,5.0,12.0,6.0,12.0,6.0,12.0,5.0,12.0,0.0,0.0,224.0,226.0,225.0,226.0,9.73,5.56,6.38,5.6,9.36,7.22,5.21,7.61,5.97,7.99,7.89,8.87,8.02,10.03,10.28,14.01,47.44,6.73,7.49,5.87,7.03,6.85,7.45,8.04,7.57,8.1,6.3,7.48,64.95,9.05,7.11,63.38,9.58,8.69,5.92,23.73,36.2,69.1,,,,0.0,0.0,0.0,0.0,0.0,0.0,1.0,0.0,1.0,0.0
True,2021/6/15 21:00:13,,3925340114024137015,Equ1,2021/6/15 20:56:25,1.0,0.0,0.0,1242.0,0.0,0.0,0.0,0.0,462.26,425.11,447.21,469.58,473.79,461.79,2.86,8.05,10.45,0.0,6.33,2.86,127.03,157.55,160.56,166.62,153.08,116.7,1191.91,1159.95,1184.46,1196.37,1206.92,1191.44,10814.37,18.71,0.06,29901.92,23.31,1.99,2.03,11.51,1921.15,1888.6,1.0,1.0,-2.31,4.06,3.62,3.68,0.0,0.0,3.68,4.04,5.94,3.58,0.0,0.0,0.0,0.0,5.0,12.0,6.0,12.0,6.0,12.0,5.0,12.0,0.0,0.0,225.0,226.0,226.0,227.0,9.76,5.56,6.34,5.58,9.31,7.15,5.2,7.53,5.94,7.91,7.76,8.67,7.88,9.69,9.71,12.3,47.63,6.72,7.48,5.86,7.01,6.83,7.44,8.03,7.55,8.1,6.29,7.47,64.95,9.0,7.08,63.38,9.55,8.65,5.92,23.86,36.21,68.75,,,,0.0,0.0,0.0,0.0,0.0,0.0,1.0,0.0,1.0,0.0
True,2021/6/15 21:00:13,,3925340114024137016,Equ1,2021/6/15 20:56:30,1.0,0.0,0.0,1242.0,0.0,0.0,0.0,0.0,462.26,425.11,447.21,469.58,473.79,461.79,2.84,7.95,10.45,0.0,6.35,2.84,128.98,157.26,164.11,167.14,155.41,118.84,1193.57,1161.53,1186.13,1198.05,1208.61,1193.1,11028.75,22.53,0.05,30156.77,21.64,2.23,2.02,10.69,1906.32,1855.69,1.0,1.0,-2.31,4.05,3.62,3.67,0.0,0.0,3.9,4.03,4.6,3.88,0.0,0.0,0.0,0.0,5.0,12.0,6.0,12.0,6.0,12.0,5.0,12.0,0.0,0.0,225.0,227.0,226.0,227.0,9.77,5.54,6.31,5.56,9.27,7.15,5.2,7.46,5.91,7.82,7.64,8.5,7.75,9.4,9.33,11.39,16.39,6.78,7.45,5.84,6.99,6.82,7.42,8.02,7.53,8.1,6.28,7.47,64.95,8.96,7.05,63.37,9.52,8.62,5.92,23.87,36.21,68.4,,,,0.0,0.0,0.0,0.0,0.0,0.0,1.0,0.0,1.0,0.0
True,2021/6/15 21:00:13,,3925340114024137017,Equ1,2021/6/15 20:56:35,1.0,0.0,0.0,1242.0,0.0,0.0,0.0,0.0,462.26,425.11,447.21,469.58,473.79,461.79,2.82,7.62,10.15,0.0,6.42,2.81,126.07,156.57,166.0,166.55,154.6,118.78,1195.25,1162.91,1187.54,1199.76,1210.39,1194.78,10927.72,28.37,0.04,30124.92,20.47,2.65,2.02,10.11,1917.54,1900.68,1.0,1.0,-2.31,4.05,3.62,3.68,0.0,0.0,3.66,4.12,4.26,3.61,0.0,0.0,0.0,0.0,5.0,12.0,6.0,12.0,6.0,12.0,5.0,12.0,0.0,0.0,226.0,227.0,227.0,228.0,9.8,5.54,6.29,5.53,9.23,7.14,5.2,7.4,5.89,7.75,7.55,8.37,7.65,9.19,9.06,10.8,13.1,56.19,7.43,5.83,6.97,6.8,7.41,8.0,7.53,8.08,6.28,7.45,64.94,8.95,7.03,63.37,9.5,8.58,5.85,23.91,36.63,67.39,,,,0.0,0.0,0.0,0.0,0.0,0.0,1.0,0.0,1.0,0.0
True,2021/6/15 21:00:13,,3925340114024137018,Equ1,2021/6/15 20:56:40,1.0,0.0,0.0,1242.0,0.0,0.0,0.0,0.0,462.26,425.11,447.21,469.58,473.79,461.79,3.09,7.88,10.24,0.0,6.53,3.09,126.4,156.74,162.77,167.14,153.82,116.9,1197.38,1165.02,1189.48,1201.61,1212.36,1196.91,10852.32,22.82,0.05,29933.78,21.01,2.19,2.03,10.37,1907.55,1936.05,1.0,1.0,-2.31,4.06,3.62,3.68,0.0,0.0,3.84,3.93,4.76,3.86,0.0,0.0,0.0,0.0,5.0,12.0,6.0,12.0,6.0,12.0,5.0,12.0,0.0,0.0,226.0,228.0,227.0,228.0,9.81,5.53,6.27,5.5,9.2,7.1,5.18,7.36,5.86,7.69,7.45,8.23,7.56,9.0,8.84,10.36,11.72,21.38,45.98,5.82,6.96,6.78,7.38,7.98,7.51,8.07,6.27,7.44,64.92,8.9,7.0,63.36,9.46,8.55,5.81,23.9,36.65,66.1,,,,0.0,0.0,0.0,0.0,0.0,0.0,1.0,0.0,1.0,0.0
True,2021/6/15 21:00:13,,3925340114024137019,Equ1,2021/6/15 20:56:45,1.0,0.0,0.0,1242.0,0.0,0.0,0.0,0.0,462.26,425.11,447.21,469.58,473.79,461.79,3.11,7.95,10.28,0.0,6.56,3.11,128.21,157.19,162.17,166.9,154.6,117.64,1199.2,1166.89,1191.32,1203.41,1214.18,1198.73,10877.45,23.84,0.05,29997.49,20.98,2.28,2.02,10.37,1910.59,1917.61,1.0,1.0,-2.31,4.06,3.62,3.68,0.0,0.0,3.69,3.99,3.64,2.99,0.0,0.0,0.0,0.0,5.0,12.0,6.0,12.0,6.0,12.0,5.0,12.0,0.0,0.0,227.0,228.0,228.0,229.0,9.85,5.52,6.24,5.48,9.16,7.07,5.17,7.34,5.84,7.63,7.37,8.12,7.49,8.85,8.66,10.04,10.9,15.37,29.76,5.8,6.94,6.77,7.37,7.96,7.49,8.06,6.26,7.42,64.91,8.88,6.98,63.36,9.44,8.52,5.8,23.92,36.67,65.62,,,,0.0,0.0,0.0,0.0,0.0,0.0,1.0,0.0,1.0,0.0
True,2021/6/15 21:00:13,,3925340114024137020,Equ1,2021/6/15 20:56:50,1.0,0.0,0.0,1242.0,0.0,0.0,0.0,0.0,462.26,425.11,447.21,469.58,473.79,461.79,3.09,7.9,10.26,0.0,6.55,3.09,127.4,157.42,160.66,166.72,153.11,116.88,1201.18,1168.84,1193.3,1205.41,1216.17,1200.71,10827.19,23.41,0.05,29870.07,21.77,2.33,2.02,10.75,1890.55,1895.4,1.0,1.0,-2.31,4.06,3.62,3.68,0.0,0.0,3.96,3.95,4.8,3.82,0.0,0.0,0.0,0.0,5.0,12.0,6.0,12.0,6.0,12.0,5.0,12.0,0.0,0.0,227.0,229.0,228.0,229.0,9.86,5.52,6.22,5.46,9.13,7.03,5.16,7.29,5.83,7.56,7.29,8.02,7.42,8.72,8.51,9.77,10.34,13.17,18.71,40.79,6.93,6.75,7.35,7.95,7.48,8.04,6.25,7.41,64.91,8.83,6.97,63.33,9.4,8.49,5.81,23.93,36.67,65.32,,,,0.0,0.0,0.0,0.0,0.0,0.0,1.0,0.0,1.0,0.0
True,2021/6/15 21:00:13,,3925340114024137021,Equ1,2021/6/15 20:56:55,1.0,0.0,0.0,1242.0,0.0,0.0,0.0,0.0,462.26,425.11,447.21,469.58,473.79,461.79,3.17,8.03,10.33,0.0,6.58,3.17,128.63,156.84,161.0,166.91,154.33,118.26,1202.99,1170.7,1195.11,1207.15,1217.94,1202.52,10890.27,19.22,0.06,29997.49,22.29,1.96,2.03,11.01,1915.15,1882.45,1.0,1.0,-2.31,4.06,3.62,3.68,0.0,0.0,2.85,3.87,3.79,3.8,0.0,0.0,0.0,0.0,5.0,12.0,6.0,12.0,6.0,12.0,5.0,12.0,0.0,0.0,228.0,229.0,229.0,230.0,9.89,5.51,6.2,5.43,9.1,7.0,5.16,7.26,5.82,7.49,7.2,7.92,7.36,8.6,8.38,9.54,9.92,12.01,15.47,19.25,6.9,6.74,7.33,7.93,7.46,8.04,6.24,7.4,64.92,8.8,6.95,63.34,9.4,8.45,5.81,23.97,36.67,65.11,,,,0.0,0.0,0.0,0.0,0.0,0.0,1.0,0.0,1.0,0.0
True,2021/6/15 21:00:13,,3925340114024137022,Equ1,2021/6/15 20:57:00,1.0,0.0,0.0,1242.0,0.0,0.0,0.0,0.0,462.26,425.11,447.21,469.58,473.79,461.79,3.13,7.95,10.33,0.0,6.6,3.13,128.65,156.77,163.51,166.93,156.26,120.08,1204.61,1172.28,1196.76,1208.8,1219.61,1204.14,11003.62,22.76,0.05,30220.48,21.13,2.2,2.02,10.44,1914.79,1900.03,1.0,1.0,-2.31,4.06,3.62,3.68,0.0,0.0,3.96,2.99,4.75,3.83,0.0,0.0,0.0,0.0,5.0,12.0,6.0,12.0,6.0,12.0,5.0,12.0,0.0,0.0,228.0,230.0,229.0,230.0,9.9,5.5,6.17,5.42,9.07,6.96,5.15,7.22,5.8,7.47,7.1,7.8,7.3,8.49,8.26,9.33,9.58,11.26,13.77,12.32,43.87,6.72,7.31,7.91,7.44,8.03,6.23,7.38,64.92,8.76,6.93,63.28,9.35,8.43,5.81,23.98,36.7,64.91,,,,0.0,0.0,0.0,0.0,0.0,0.0,1.0,0.0,1.0,0.0
True,2021/6/15 21:00:13,,3925340114024137023,Equ1,2021/6/15 20:57:05,1.0,0.0,0.0,1242.0,0.0,0.0,0.0,0.0,462.26,425.11,447.21,469.58,473.79,461.79,3.11,7.66,10.13,0.0,6.69,3.11,126.45,157.54,166.77,166.96,157.03,121.25,1205.7,1173.1,1197.67,1209.91,1220.81,1205.23,11066.7,29.37,0.04,30316.05,19.29,2.59,2.02,9.53,1902.92,1928.17,1.0,1.0,-2.31,4.06,3.62,3.68,0.0,0.0,3.73,3.88,4.54,3.68,0.0,0.0,0.0,0.0,5.0,12.0,6.0,12.0,6.0,12.0,5.0,12.0,0.0,0.0,229.0,230.0,229.0,231.0,9.92,5.5,6.16,5.4,9.05,6.94,5.15,7.18,5.79,7.45,7.04,7.7,7.26,8.41,8.18,9.21,9.37,10.82,12.86,10.68,44.93,6.72,7.3,7.89,7.44,8.03,6.23,7.37,64.94,8.75,6.92,63.29,9.36,8.41,5.8,23.99,36.97,64.42,,,,0.0,0.0,0.0,0.0,0.0,0.0,1.0,0.0,1.0,0.0
True,2021/6/15 21:00:13,,3925340114024137024,Equ1,2021/6/15 20:57:10,1.0,0.0,0.0,1242.0,0.0,0.0,0.0,0.0,462.26,425.11,447.21,469.58,473.79,461.79,3.3,7.91,10.25,0.0,6.72,3.3,127.42,156.66,163.72,167.0,155.71,118.71,1207.59,1175.05,1199.49,1211.61,1222.54,1207.12,10915.4,23.56,0.05,30124.92,19.52,2.1,2.03,9.63,1898.0,1889.69,1.0,1.0,-2.31,4.06,3.62,3.69,0.0,0.0,3.84,3.94,4.51,3.84,0.0,0.0,0.0,0.0,5.0,12.0,6.0,12.0,6.0,12.0,5.0,12.0,0.0,0.0,229.0,230.0,230.0,231.0,9.93,5.5,6.15,5.38,9.02,6.92,5.14,7.14,5.78,7.41,6.97,7.59,7.22,8.33,8.08,9.06,9.16,10.4,12.04,9.56,18.56,17.86,7.29,7.88,7.42,8.02,6.22,7.36,64.95,8.71,6.9,63.33,9.36,8.39,5.79,23.98,36.99,63.74,,,,0.0,0.0,0.0,0.0,0.0,0.0,1.0,0.0,1.0,0.0
True,2021/6/15 21:00:13,,3925340114024137025,Equ1,2021/6/15 20:57:15,1.0,0.0,0.0,1242.0,0.0,0.0,0.0,0.0,462.26,425.11,447.21,469.58,473.79,461.79,3.28,7.96,10.3,0.0,6.72,3.28,128.01,156.58,164.02,166.67,156.37,119.79,1209.25,1176.79,1201.23,1213.3,1224.23,1208.78,10978.49,25.27,0.05,30188.63,19.26,2.22,2.02,9.52,1918.04,1844.47,1.0,1.0,-2.31,4.06,3.62,3.68,0.0,0.0,3.72,4.03,4.54,3.67,0.0,0.0,0.0,0.0,5.0,12.0,6.0,12.0,6.0,12.0,5.0,12.0,0.0,0.0,230.0,231.0,230.0,232.0,9.96,5.49,6.13,5.36,8.99,6.88,5.14,7.09,5.75,7.34,6.89,7.47,7.16,8.25,8.0,8.94,8.95,10.02,11.39,8.92,14.14,26.27,7.28,7.85,7.41,8.0,6.21,7.34,64.95,8.67,6.88,63.33,9.34,8.36,5.78,24.0,36.99,63.32,,,,0.0,0.0,0.0,0.0,0.0,0.0,1.0,0.0,1.0,0.0
True,2021/6/15 21:00:13,,3925340114024137026,Equ1,2021/6/15 20:57:20,1.0,0.0,0.0,1242.0,0.0,0.0,0.0,0.0,462.26,425.11,447.21,469.58,473.79,461.79,3.22,7.91,10.27,0.0,6.72,3.22,127.04,157.03,164.35,167.01,155.66,119.44,1210.91,1178.45,1202.91,1215.01,1225.94,1210.44,10991.3,24.17,0.05,30124.92,19.89,2.2,2.02,9.82,1928.1,1853.59,1.0,1.0,-2.31,4.06,3.62,3.69,0.0,0.0,3.88,3.94,4.5,3.87,0.0,0.0,0.0,0.0,5.0,12.0,6.0,12.0,6.0,12.0,5.0,12.0,0.0,0.0,230.0,232.0,231.0,232.0,9.99,5.49,6.12,5.34,8.96,6.86,5.13,7.04,5.72,7.28,6.82,7.47,7.11,8.17,7.93,8.81,8.8,9.75,10.93,8.48,12.34,16.28,40.82,7.82,7.4,8.0,6.2,7.33,64.94,8.64,6.86,63.34,9.31,8.4,5.78,24.01,37.01,62.78,,,,0.0,0.0,0.0,0.0,0.0,0.0,1.0,0.0,1.0,0.0
True,2021/6/15 21:00:13,,3925340114024137027,Equ1,2021/6/15 20:57:25,1.0,0.0,0.0,1242.0,0.0,0.0,0.0,0.0,462.26,425.11,447.21,469.58,473.79,461.79,3.26,7.95,10.35,0.0,6.73,3.26,127.81,156.68,164.09,166.9,155.93,119.66,1212.62,1180.16,1204.66,1216.68,1227.62,1212.15,11041.57,20.32,0.06,30188.63,20.84,1.93,2.03,10.29,1903.94,1887.8,1.0,1.0,-2.31,4.05,3.62,3.68,0.0,0.0,3.71,3.8,4.53,3.05,0.0,0.0,0.0,0.0,5.0,12.0,6.0,12.0,6.0,12.0,5.0,12.0,0.0,0.0,231.0,232.0,231.0,233.0,10.01,5.49,6.1,5.33,8.95,6.84,5.14,7.01,5.71,7.23,6.77,7.34,7.08,8.1,7.87,8.72,8.66,9.53,10.57,8.15,11.24,13.33,34.04,7.82,7.38,8.0,6.2,7.32,64.95,8.62,6.84,63.35,9.31,8.36,5.79,24.04,37.02,62.37,,,,0.0,0.0,0.0,0.0,0.0,0.0,1.0,0.0,1.0,0.0
True,2021/6/15 21:00:13,,3925340114024137028,Equ1,2021/6/15 20:57:30,1.0,0.0,0.0,1242.0,0.0,0.0,0.0,0.0,462.26,425.11,447.21,469.58,473.79,461.79,3.21,7.91,10.37,0.0,6.73,3.21,127.71,156.71,165.89,167.27,157.03,121.38,1214.02,1181.57,1206.13,1218.13,1229.07,1213.55,11142.1,24.38,0.05,30379.76,18.97,2.11,2.02,9.37,1911.89,1882.89,1.0,1.0,-2.31,4.05,3.62,3.68,0.0,0.0,3.79,3.94,4.52,3.88,0.0,0.0,0.0,0.0,5.0,12.0,6.0,12.0,6.0,12.0,5.0,12.0,0.0,0.0,231.0,233.0,232.0,233.0,10.03,5.49,6.09,5.31,8.92,6.81,5.13,6.97,5.69,7.18,6.71,7.21,7.05,8.04,7.81,8.63,8.54,9.33,10.25,7.89,10.58,11.94,19.03,24.53,7.38,8.0,6.19,7.31,64.95,8.58,6.82,63.35,9.28,8.32,5.79,24.08,37.04,61.92,,,,0.0,0.0,0.0,0.0,0.0,0.0,1.0,0.0,1.0,0.0
True,2021/6/15 21:00:13,,3925340114024137029,Equ1,2021/6/15 20:57:35,1.0,0.0,0.0,1242.0,0.0,0.0,0.0,0.0,462.26,425.11,447.21,469.58,473.79,461.79,3.24,7.73,10.17,0.0,6.79,3.24,126.43,156.7,165.42,166.51,156.06,120.86,1215.52,1182.86,1207.4,1219.59,1230.59,1215.05,11028.75,28.98,0.04,30188.63,17.78,2.35,2.02,8.78,1911.68,1894.75,1.0,1.0,-2.31,4.04,3.61,3.68,0.0,0.0,3.68,3.87,4.55,3.18,0.0,0.0,0.0,0.0,5.0,12.0,6.0,12.0,6.0,12.0,5.0,12.0,0.0,0.0,232.0,233.0,232.0,234.0,10.05,5.48,6.08,5.3,8.89,6.79,5.13,6.93,5.68,7.14,6.65,7.14,7.01,7.97,7.75,8.55,8.43,9.16,9.98,7.69,10.09,11.08,15.11,27.8,7.37,7.99,6.19,7.3,64.95,8.56,6.79,63.35,9.27,8.3,5.79,24.1,37.23,61.17,,,,0.0,0.0,0.0,0.0,0.0,0.0,1.0,0.0,1.0,0.0
True,2021/6/15 21:00:13,,3925340114024137030,Equ1,2021/6/15 20:57:40,1.0,0.0,0.0,1242.0,0.0,0.0,0.0,0.0,462.26,425.11,447.21,469.58,473.79,461.79,3.31,7.9,10.26,0.0,6.8,3.31,126.9,156.44,162.99,166.59,154.96,118.65,1217.33,1184.77,1209.23,1221.33,1232.35,1216.86,10953.35,24.29,0.05,30061.21,18.97,2.1,2.02,9.37,1918.84,1922.24,1.0,1.0,-2.31,4.04,3.61,3.68,0.0,0.0,3.96,3.92,4.62,4.09,0.0,0.0,0.0,0.0,5.0,12.0,6.0,12.0,6.0,12.0,5.0,12.0,0.0,0.0,232.0,234.0,233.0,234.0,10.07,5.48,6.05,5.29,8.88,6.77,5.12,6.89,5.67,7.1,6.61,7.08,6.99,7.93,7.7,8.47,8.34,9.02,9.75,7.52,9.71,10.46,13.46,15.3,35.08,7.97,6.17,7.3,64.94,8.53,6.78,63.36,9.25,8.29,5.78,24.09,37.22,60.7,,,,0.0,0.0,0.0,0.0,0.0,0.0,1.0,0.0,1.0,0.0
True,2021/6/15 21:00:13,,3925340114024137031,Equ1,2021/6/15 20:57:45,1.0,0.0,0.0,1242.0,0.0,0.0,0.0,0.0,462.26,425.11,447.21,469.58,473.79,461.79,3.32,7.95,10.32,0.0,6.82,3.32,127.0,156.48,162.51,166.67,155.15,118.58,1219.09,1186.57,1211.03,1223.08,1234.12,1218.62,10928.22,26.49,0.04,29986.88,18.79,2.28,2.02,9.29,1918.47,1908.85,1.0,1.0,-2.31,4.04,3.61,3.68,0.0,0.0,3.76,3.86,4.54,3.25,0.0,0.0,0.0,0.0,5.0,12.0,6.0,12.0,6.0,12.0,5.0,12.0,0.0,0.0,233.0,234.0,233.0,235.0,10.09,5.47,6.05,5.28,8.85,6.75,5.12,6.86,5.65,7.07,6.57,7.02,6.94,7.97,7.66,8.4,8.24,8.88,9.55,7.37,9.38,9.97,12.31,13.02,22.97,7.97,6.17,7.29,64.95,8.51,6.77,63.36,9.23,8.27,5.79,24.1,37.22,60.36,,,,0.0,0.0,0.0,0.0,0.0,0.0,1.0,0.0,1.0,0.0
True,2021/6/15 21:00:13,,3925340114024137032,Equ1,2021/6/15 20:57:50,1.0,0.0,0.0,1242.0,0.0,0.0,0.0,0.0,462.26,425.11,447.21,469.58,473.79,461.79,3.27,7.91,10.31,0.0,6.8,3.27,126.62,156.51,162.12,166.38,154.33,118.23,1220.91,1188.4,1212.9,1224.96,1235.98,1220.44,10965.67,22.08,0.05,29923.16,21.14,2.13,2.03,10.44,1916.74,1774.09,1.0,1.0,-2.31,4.05,3.61,3.68,0.0,0.0,3.93,3.92,5.03,2.7,0.0,0.0,0.0,0.0,5.0,12.0,6.0,12.0,6.0,12.0,5.0,12.0,0.0,0.0,233.0,235.0,234.0,235.0,10.11,5.47,6.04,5.27,8.82,6.72,5.11,6.83,5.64,7.03,6.53,6.97,6.92,7.93,7.58,8.33,8.16,8.76,9.38,7.25,9.14,9.62,11.58,11.96,15.46,49.43,6.16,7.27,64.94,8.48,6.76,63.36,9.21,8.25,5.79,24.11,37.23,60.09,,,,0.0,0.0,0.0,0.0,0.0,0.0,1.0,0.0,1.0,0.0
True,2021/6/15 21:00:13,,3925340114024137033,Equ1,2021/6/15 20:57:55,1.0,0.0,0.0,1242.0,0.0,0.0,0.0,0.0,462.26,425.11,447.21,469.58,473.79,461.79,3.32,7.99,10.4,0.0,6.83,3.32,126.66,156.02,162.43,166.64,154.69,118.1,1222.77,1190.3,1214.8,1226.77,1237.81,1222.3,10978.49,19.84,0.06,29997.49,22.05,2.0,2.02,10.89,1898.73,1890.19,1.0,1.0,-2.31,4.05,3.61,3.68,0.0,0.0,3.73,3.85,4.55,3.2,0.0,0.0,0.0,0.0,5.0,12.0,6.0,12.0,6.0,12.0,5.0,12.0,0.0,0.0,234.0,235.0,234.0,236.0,10.14,5.47,6.04,5.27,8.81,6.71,5.11,6.8,5.64,7.0,6.5,6.92,6.89,7.87,7.52,8.28,8.08,8.65,9.21,7.15,8.95,9.34,11.01,11.25,13.1,33.04,6.16,7.27,64.94,8.45,6.74,63.36,9.2,8.23,5.78,24.12,37.23,59.86,,,,0.0,0.0,0.0,0.0,0.0,0.0,1.0,0.0,1.0,0.0
True,2021/6/15 21:00:13,,3925340114024137034,Equ1,2021/6/15 20:58:00,1.0,0.0,0.0,1242.0,0.0,0.0,0.0,0.0,462.26,425.11,447.21,469.58,473.79,461.79,3.24,7.84,10.31,0.0,6.83,3.24,127.98,157.7,166.77,167.3,157.41,121.7,1224.11,1191.56,1216.14,1228.19,1239.24,1223.64,11180.05,26.64,0.05,30411.62,20.07,2.44,2.02,9.92,1918.4,1914.42,1.0,1.0,-2.31,4.05,3.61,3.67,0.0,0.0,3.86,3.92,5.04,3.19,0.0,0.0,0.0,0.0,5.0,12.0,6.0,12.0,6.0,12.0,5.0,12.0,0.0,0.0,234.0,236.0,235.0,236.0,10.16,5.47,6.04,5.27,8.8,6.69,5.1,6.77,5.62,6.97,6.46,6.87,6.86,7.82,7.56,8.23,8.02,8.54,9.09,7.07,8.78,9.11,10.61,10.74,11.89,16.51,6.15,7.26,64.94,8.43,6.73,63.36,9.18,8.22,5.78,24.13,37.29,59.65,,,,0.0,0.0,0.0,0.0,0.0,0.0,1.0,0.0,1.0,0.0
True,2021/6/15 21:00:13,,3925340114024137035,Equ1,2021/6/15 20:58:05,1.0,0.0,0.0,1242.0,0.0,0.0,0.0,0.0,462.26,425.11,447.21,469.58,473.79,461.79,3.36,7.77,10.22,0.0,6.92,3.36,126.94,156.29,166.46,166.87,157.1,121.82,1225.5,1192.77,1217.32,1229.46,1240.59,1225.03,11079.52,28.85,0.04,30284.19,18.19,2.39,2.03,8.98,1927.88,1901.84,1.0,1.0,-2.31,4.05,3.6,3.68,0.0,0.0,4.25,3.85,4.57,3.97,0.0,0.0,0.0,0.0,5.0,12.0,6.0,12.0,6.0,12.0,5.0,12.0,0.0,0.0,235.0,236.0,235.0,237.0,10.18,5.47,6.03,5.26,8.85,6.67,5.1,6.75,5.62,6.95,6.43,6.81,6.83,7.77,7.55,8.23,7.96,8.45,8.97,6.98,8.63,8.91,10.28,10.38,11.09,13.78,38.3,7.25,64.93,8.41,6.72,63.36,9.16,8.2,5.79,24.13,37.38,59.36,,,,0.0,0.0,0.0,0.0,0.0,0.0,1.0,0.0,1.0,0.0
True,2021/6/15 21:00:13,,3925340114024137036,Equ1,2021/6/15 20:58:10,1.0,0.0,0.0,1242.0,0.0,0.0,0.0,0.0,462.26,425.11,447.21,469.58,473.79,461.79,3.43,7.94,10.35,0.0,6.95,3.43,127.21,156.57,164.47,166.61,155.99,120.01,1227.23,1194.6,1219.1,1231.12,1242.28,1226.76,11079.52,25.34,0.05,30156.77,17.92,2.07,2.02,8.85,1921.59,1938.73,1.0,1.0,-2.31,4.05,3.61,3.68,0.0,0.0,3.75,3.9,4.92,3.15,0.0,0.0,0.0,0.0,5.0,12.0,6.0,12.0,6.0,12.0,5.0,12.0,0.0,0.0,235.0,237.0,236.0,237.0,10.2,5.47,6.03,5.25,8.84,6.65,5.1,6.71,5.61,6.93,6.39,6.77,6.81,7.74,7.54,8.14,7.91,8.36,8.84,6.91,8.5,8.74,10.01,10.08,10.58,12.47,13.7,7.25,64.93,8.39,6.7,63.36,9.14,8.19,5.79,24.13,37.37,59.13,,,,0.0,0.0,0.0,0.0,0.0,0.0,1.0,0.0,1.0,0.0
True,2021/6/15 21:00:13,,3925340114024137037,Equ1,2021/6/15 20:58:15,1.0,0.0,0.0,1242.0,0.0,0.0,0.0,0.0,462.26,425.11,447.21,469.58,473.79,461.79,3.41,7.98,10.4,0.0,6.93,3.41,127.66,156.71,164.32,166.35,156.38,120.44,1228.76,1196.18,1220.71,1232.67,1243.81,1228.29,11041.57,26.29,0.05,30146.15,17.81,2.14,2.03,8.8,1912.91,1917.75,1.0,1.0,-2.31,4.05,3.6,3.68,0.0,0.0,3.59,4.02,4.55,3.6,0.0,0.0,0.0,0.0,5.0,12.0,6.0,12.0,6.0,12.0,5.0,12.0,0.0,0.0,236.0,237.0,236.0,238.0,10.22,5.46,6.02,5.24,8.81,6.61,5.09,6.68,5.6,6.9,6.36,6.72,6.78,7.7,7.51,8.08,7.84,8.29,8.74,6.85,8.39,8.59,9.79,9.87,10.19,11.75,11.36,47.36,64.92,8.37,6.69,63.35,9.12,8.17,5.79,24.14,37.36,58.96,,,,0.0,0.0,0.0,0.0,0.0,0.0,1.0,0.0,1.0,0.0
True,2021/6/15 21:00:13,,3925340114024137038,Equ1,2021/6/15 20:58:20,1.0,0.0,0.0,1242.0,0.0,0.0,0.0,0.0,462.26,425.11,447.21,469.58,473.79,461.79,3.37,7.97,10.4,0.0,6.91,3.37,126.22,156.66,163.44,166.35,154.75,118.81,1230.22,1197.67,1222.19,1234.17,1245.29,1229.75,10978.49,23.7,0.05,30018.73,19.3,2.09,2.03,9.53,1921.51,1929.9,1.0,1.0,-2.31,4.05,3.61,3.68,0.0,0.0,3.76,3.92,5.6,2.68,0.0,0.0,0.0,0.0,5.0,12.0,6.0,12.0,6.0,12.0,5.0,12.0,0.0,0.0,236.0,237.0,237.0,238.0,10.23,5.46,6.01,5.23,8.79,6.59,5.09,6.66,5.6,6.88,6.34,6.68,6.77,7.67,7.49,8.04,7.8,8.21,8.65,6.79,8.3,8.49,9.63,9.68,9.93,11.24,10.41,45.09,63.66,8.34,6.68,63.35,9.1,8.15,5.78,24.15,37.37,58.83,,,,0.0,0.0,0.0,0.0,0.0,0.0,1.0,0.0,1.0,0.0
True,2021/6/15 21:00:13,,3925340114024137039,Equ1,2021/6/15 20:58:25,1.0,0.0,0.0,1242.0,0.0,0.0,0.0,0.0,462.26,425.11,447.21,469.58,473.79,461.79,3.37,8.04,10.46,0.0,6.95,3.37,127.14,156.68,163.48,166.39,155.5,119.07,1231.92,1199.44,1223.96,1235.87,1247.03,1231.45,11054.39,21.56,0.06,29986.88,20.64,2.03,2.02,10.2,1910.37,1952.26,1.0,1.0,-2.31,4.05,3.6,3.68,0.0,0.0,3.72,3.97,4.48,3.26,0.0,0.0,0.0,0.0,5.0,12.0,6.0,12.0,6.0,12.0,5.0,12.0,0.0,0.0,237.0,238.0,237.0,239.0,10.27,5.46,6.0,5.22,8.78,6.58,5.09,6.64,5.6,6.86,6.31,6.64,6.75,7.64,7.48,8.01,7.75,8.14,8.56,6.73,8.21,8.37,9.46,9.51,9.66,10.84,9.68,43.62,66.37,8.33,6.67,63.35,9.09,8.14,5.79,24.16,37.37,58.69,,,,0.0,0.0,0.0,0.0,0.0,0.0,1.0,0.0,1.0,0.0
True,2021/6/15 21:00:13,,3925340114024137040,Equ1,2021/6/15 20:58:30,1.0,0.0,0.0,1242.0,0.0,0.0,0.0,0.0,462.26,425.11,447.21,469.58,473.79,461.79,3.36,8.03,10.48,0.0,6.95,3.36,128.43,157.8,165.55,167.26,157.0,120.7,1233.43,1200.95,1225.51,1237.39,1248.56,1232.96,11104.65,26.94,0.04,30316.05,19.69,2.42,2.02,9.73,1911.46,1899.02,1.0,1.0,-2.31,4.04,3.6,3.67,0.0,0.0,3.82,3.91,5.58,2.72,0.0,0.0,0.0,0.0,5.0,12.0,6.0,12.0,6.0,12.0,5.0,12.0,0.0,0.0,237.0,238.0,238.0,239.0,10.28,5.46,6.0,5.21,8.77,6.58,5.09,6.61,5.58,6.83,6.28,6.6,6.74,7.61,7.46,7.96,7.77,8.06,8.48,6.68,8.12,8.27,9.31,9.36,9.45,10.51,9.18,20.08,65.31,8.3,6.67,63.34,9.07,8.13,5.79,24.17,37.38,58.55,,,,0.0,0.0,0.0,0.0,0.0,0.0,1.0,0.0,1.0,0.0
True,2021/6/15 21:00:13,,3925340114024137041,Equ1,2021/6/15 20:58:35,1.0,0.0,0.0,1242.0,0.0,0.0,0.0,0.0,462.26,425.11,447.21,469.58,473.79,461.79,3.41,7.94,10.39,0.0,7.01,3.41,126.82,156.28,165.86,166.91,156.52,120.67,1234.95,1202.33,1226.88,1238.86,1250.09,1234.48,11029.25,27.61,0.04,30252.34,19.37,2.44,2.03,9.56,1919.7,1940.32,1.0,1.0,-2.31,4.04,3.6,3.67,0.0,0.0,3.72,4.31,4.08,3.97,0.0,0.0,0.0,0.0,5.0,12.0,6.0,12.0,6.0,12.0,5.0,12.0,0.0,0.0,238.0,239.0,238.0,240.0,10.31,5.46,5.99,5.19,8.76,6.58,5.09,6.58,5.57,6.81,6.25,6.55,6.72,7.58,7.44,7.93,7.72,8.0,8.42,6.63,8.06,8.18,9.18,9.24,9.27,10.25,8.8,14.02,65.38,54.44,6.66,63.34,9.05,8.11,5.78,24.16,37.41,58.41,,,,0.0,0.0,0.0,0.0,0.0,0.0,1.0,0.0,1.0,0.0
True,2021/6/15 21:00:13,,3925340114024137042,Equ1,2021/6/15 20:58:40,1.0,0.0,0.0,1242.0,0.0,0.0,0.0,0.0,462.26,425.11,447.21,469.58,473.79,461.79,3.48,8.06,10.49,0.0,7.03,3.48,127.69,156.32,165.32,166.44,156.77,120.36,1236.6,1204.04,1228.57,1240.44,1251.68,1236.13,11041.57,25.2,0.05,30178.01,18.31,2.11,2.02,9.05,1902.78,1964.41,1.0,1.0,-2.31,4.04,3.6,3.67,0.0,0.0,3.9,3.89,5.44,3.22,0.0,0.0,0.0,0.0,5.0,12.0,6.0,12.0,6.0,12.0,5.0,12.0,0.0,0.0,238.0,239.0,239.0,240.0,10.32,5.46,5.98,5.18,8.74,6.57,5.08,6.56,5.57,6.79,6.22,6.51,6.71,7.56,7.41,7.89,7.68,7.93,8.34,6.59,7.99,8.1,9.06,9.13,9.12,10.05,8.51,12.25,65.39,27.38,6.64,63.34,9.04,8.11,5.79,24.17,37.39,58.3,,,,0.0,0.0,0.0,0.0,0.0,0.0,1.0,0.0,1.0,0.0
True,2021/6/15 21:00:13,,3925340114024137043,Equ1,2021/6/15 20:58:45,1.0,0.0,0.0,1242.0,0.0,0.0,0.0,0.0,462.26,425.11,447.21,469.58,473.79,461.79,3.51,8.08,10.49,0.0,7.04,3.51,127.99,156.54,165.21,166.62,156.44,120.47,1238.15,1205.57,1230.09,1241.96,1253.22,1237.68,10978.49,27.44,0.04,30220.48,18.12,2.27,2.02,8.95,1891.71,1924.05,1.0,1.0,-2.31,4.04,3.59,3.67,0.0,0.0,3.01,3.91,4.1,3.41,0.0,0.0,0.0,0.0,5.0,12.0,6.0,12.0,6.0,12.0,5.0,12.0,0.0,0.0,239.0,240.0,239.0,241.0,10.35,5.45,5.97,5.17,8.72,6.56,5.08,6.53,5.56,6.77,6.18,6.46,6.69,7.53,7.4,7.86,7.63,7.87,8.28,6.57,7.93,8.02,8.95,9.03,8.99,9.88,8.29,11.3,65.38,20.2,25.25,63.32,9.01,8.09,5.79,24.16,37.39,58.21,,,,0.0,0.0,0.0,0.0,0.0,0.0,1.0,0.0,1.0,0.0
True,2021/6/15 21:00:13,,3925340114024137044,Equ1,2021/6/15 20:58:50,1.0,0.0,0.0,1242.0,0.0,0.0,0.0,0.0,462.26,425.11,447.21,469.58,473.79,461.79,3.54,8.09,10.5,0.0,7.06,3.54,127.46,155.93,164.73,166.39,156.0,120.14,1239.84,1207.24,1231.76,1243.62,1254.9,1239.37,11029.25,23.57,0.05,30114.3,18.66,2.01,2.03,9.21,1906.97,1926.94,1.0,1.0,-2.31,4.04,3.59,3.67,0.0,0.0,3.92,3.88,4.33,4.33,0.0,0.0,0.0,0.0,5.0,12.0,6.0,12.0,6.0,12.0,5.0,12.0,0.0,0.0,239.0,240.0,240.0,241.0,10.36,5.45,5.96,5.15,8.72,6.55,5.07,6.51,5.54,6.75,6.15,6.42,6.68,7.51,7.37,7.83,7.59,7.81,8.22,6.54,7.86,7.95,8.85,8.93,8.87,9.74,8.08,10.65,65.38,17.41,13.73,62.08,9.01,8.08,5.78,24.17,37.39,58.12,,,,0.0,0.0,0.0,0.0,0.0,0.0,1.0,0.0,1.0,0.0
True,2021/6/15 21:00:13,,3925340114024137045,Equ1,2021/6/15 20:58:55,1.0,0.0,0.0,1242.0,0.0,0.0,0.0,0.0,462.26,425.11,447.21,469.58,473.79,461.79,3.64,8.34,10.62,0.0,7.11,3.64,127.31,156.52,164.32,166.72,156.58,120.02,1241.47,1209.02,1233.41,1245.15,1256.47,1241.0,11029.25,22.8,0.05,30188.63,18.94,1.97,2.02,9.36,1904.73,1880.79,1.0,1.0,-2.31,4.03,3.6,3.67,0.0,0.0,2.99,3.78,3.94,3.75,0.0,0.0,0.0,0.0,5.0,12.0,6.0,12.0,6.0,12.0,5.0,12.0,0.0,0.0,240.0,241.0,240.0,242.0,10.4,5.45,5.95,5.14,8.72,6.54,5.08,6.49,5.53,6.73,6.11,6.38,6.67,7.48,7.37,7.81,7.55,7.76,8.17,6.5,7.81,7.88,8.77,8.85,8.77,9.62,7.93,10.24,65.39,15.76,11.5,63.37,9.0,8.07,5.78,24.18,37.37,58.04,,,,0.0,0.0,0.0,0.0,0.0,0.0,1.0,0.0,1.0,0.0
True,2021/6/15 21:00:13,,3925340114024137046,Equ1,2021/6/15 20:59:00,1.0,0.0,0.0,1242.0,0.0,0.0,0.0,0.0,462.26,425.11,447.21,469.58,473.79,461.79,3.62,8.19,10.6,0.0,7.13,3.62,130.37,156.8,166.97,167.2,157.44,122.37,1242.75,1210.17,1234.68,1246.45,1257.79,1242.28,11155.42,28.65,0.04,30507.18,18.0,2.36,2.02,8.89,1903.36,1900.39,1.0,1.0,-2.31,4.03,3.6,3.67,0.0,0.0,3.77,3.89,4.25,3.54,0.0,0.0,0.0,0.0,5.0,12.0,6.0,12.0,6.0,12.0,5.0,12.0,0.0,0.0,240.0,241.0,241.0,242.0,10.41,5.46,5.94,5.13,8.7,6.53,5.06,6.45,5.52,6.7,6.05,6.35,6.67,7.47,7.34,7.77,7.51,7.71,8.1,6.46,7.76,7.81,8.69,8.77,8.67,9.51,7.8,9.91,65.38,14.65,10.47,63.29,8.99,8.07,5.78,24.18,37.38,57.95,,,,0.0,0.0,0.0,0.0,0.0,0.0,1.0,0.0,1.0,0.0
True,2021/6/15 21:00:13,,3925340114024137047,Equ1,2021/6/15 20:59:05,1.0,0.0,0.0,1242.0,0.0,0.0,0.0,0.0,462.26,425.11,447.21,469.58,473.79,461.79,3.69,8.2,10.56,0.0,7.16,3.69,126.1,156.26,166.45,166.91,157.6,122.06,1244.2,1211.56,1236.02,1247.83,1259.2,1243.73,11067.21,28.05,0.04,30284.19,17.8,2.28,2.02,8.79,1910.59,1897.71,1.0,1.0,-2.3,4.03,3.59,3.67,0.0,0.0,5.83,3.81,3.83,3.46,0.0,0.0,0.0,0.0,5.0,12.0,6.0,12.0,6.0,12.0,5.0,12.0,0.0,0.0,241.0,242.0,241.0,243.0,10.44,5.44,5.94,5.12,8.69,6.52,5.06,6.41,5.49,6.67,6.01,6.29,6.64,7.44,7.32,7.74,7.47,7.65,8.05,6.42,7.72,7.77,8.62,8.69,8.59,9.4,7.66,9.64,65.38,13.79,9.81,63.26,53.94,8.05,5.79,24.17,37.38,57.87,,,,0.0,0.0,0.0,0.0,0.0,0.0,1.0,0.0,1.0,0.0
True,2021/6/15 21:00:13,,3925340114024137048,Equ1,2021/6/15 20:59:15,1.0,0.0,0.0,1242.0,0.0,0.0,0.0,0.0,462.26,425.11,447.21,469.58,473.79,461.79,3.79,8.33,10.62,0.0,7.2,3.79,128.36,157.09,165.81,166.99,157.07,121.96,1247.04,1214.43,1238.82,1250.57,1261.99,1246.57,11054.39,29.53,0.04,30347.9,16.35,2.21,2.02,8.08,1947.19,1955.37,1.0,1.0,-2.29,4.03,3.59,3.67,0.0,0.0,7.59,3.74,4.46,3.92,0.0,0.0,0.0,0.0,5.0,12.0,6.0,12.0,6.0,12.0,5.0,12.0,0.0,0.0,242.0,243.0,242.0,244.0,10.48,5.43,5.91,5.1,8.66,6.5,5.04,6.36,5.45,6.62,5.93,6.24,6.6,7.4,7.29,7.69,7.41,7.56,7.96,6.37,7.64,7.69,8.56,8.55,8.44,9.26,7.47,9.26,65.35,12.67,9.05,63.26,17.49,32.27,5.79,24.17,37.36,57.69,,,,0.0,0.0,0.0,0.0,0.0,0.0,1.0,0.0,1.0,0.0
True,2021/6/15 22:00:04,,3925355175375536128,Equ1,2021/6/15 21:00:00,1.0,0.0,0.0,1242.0,0.0,0.0,0.0,0.0,462.26,425.11,447.21,469.58,473.79,461.79,3.97,8.32,10.61,0.0,7.39,3.97,126.01,156.93,166.93,167.58,157.88,124.7,1258.78,1225.98,1250.37,1262.13,1273.73,1258.31,11142.6,28.4,0.04,30485.95,15.49,2.01,2.02,7.66,1915.0,1922.45,1.0,1.0,-2.31,4.05,3.6,3.68,0.0,0.0,3.79,3.89,4.55,3.67,0.0,0.0,0.0,0.0,5.0,12.0,6.0,12.0,6.0,12.0,5.0,12.0,0.0,0.0,246.0,247.0,247.0,248.0,10.67,6.97,8.91,8.7,21.17,6.4,4.92,6.11,5.32,6.37,5.64,5.9,6.56,7.36,7.18,7.49,7.19,7.25,7.66,6.17,7.34,7.33,8.12,8.14,8.11,8.83,6.99,8.44,65.24,10.47,7.8,63.23,11.67,11.26,5.78,24.25,37.62,56.27,,,,0.0,0.0,0.0,0.0,0.0,0.0,1.0,0.0,1.0,0.0
True,2021/6/15 22:00:04,,3925355175375536129,Equ1,2021/6/15 21:00:05,1.0,0.0,0.0,1242.0,0.0,0.0,0.0,0.0,462.26,425.11,447.21,469.58,473.79,461.79,4.14,8.46,10.66,0.0,7.46,4.14,126.53,157.51,166.49,167.27,157.86,123.74,1259.92,1227.09,1251.39,1263.1,1274.77,1259.45,11054.39,28.81,0.04,30443.47,14.66,1.93,2.02,7.24,1896.56,1936.7,1.0,1.0,-2.31,4.04,3.59,3.68,0.0,0.0,6.34,4.24,4.85,3.74,0.0,0.0,0.0,0.0,5.0,12.0,6.0,12.0,6.0,12.0,5.0,12.0,0.0,0.0,247.0,248.0,247.0,249.0,10.7,6.79,8.5,8.05,15.42,46.9,4.91,6.09,5.32,6.35,5.62,5.86,6.55,7.33,7.16,7.46,7.18,7.22,7.63,6.15,7.31,7.3,8.08,8.11,8.07,8.79,6.92,8.39,65.22,10.35,7.72,63.23,11.49,11.0,5.79,24.24,37.64,56.08,,,,0.0,0.0,0.0,0.0,0.0,0.0,1.0,0.0,1.0,0.0
True,2021/6/15 22:00:04,,3925355175375536130,Equ1,2021/6/15 21:00:10,1.0,0.0,0.0,1242.0,0.0,0.0,0.0,0.0,462.26,425.11,447.21,469.58,473.79,461.79,4.18,8.52,10.66,0.0,7.48,4.18,125.9,156.84,166.19,166.97,157.16,122.74,1261.25,1228.44,1252.68,1264.39,1276.08,1260.78,11004.12,29.28,0.04,30316.05,13.85,1.85,2.02,6.84,1920.36,1922.67,1.0,1.0,-2.31,4.04,3.59,3.67,0.0,0.0,3.74,3.85,4.53,3.65,0.0,0.0,0.0,0.0,5.0,12.0,6.0,12.0,6.0,12.0,5.0,12.0,0.0,0.0,247.0,248.0,248.0,249.0,10.71,6.67,8.18,7.6,13.56,20.17,4.89,6.07,5.31,6.34,5.59,5.84,6.53,7.33,7.15,7.45,7.14,7.2,7.6,6.13,7.29,7.27,8.06,8.07,8.03,8.77,6.9,8.37,65.21,10.24,7.66,63.23,11.34,10.78,5.78,24.24,37.64,55.92,,,,0.0,0.0,0.0,0.0,0.0,0.0,1.0,0.0,1.0,0.0
True,2021/6/15 22:00:04,,3925355175375536131,Equ1,2021/6/15 21:00:15,1.0,0.0,0.0,1242.0,0.0,0.0,0.0,0.0,462.26,425.11,447.21,469.58,473.79,461.79,4.2,8.58,10.74,0.0,7.49,4.2,127.91,156.44,165.68,166.85,157.05,122.56,1262.66,1229.9,1254.16,1265.79,1277.49,1262.19,11067.21,29.56,0.04,30347.9,13.82,1.86,2.03,6.82,1908.13,1923.83,1.0,1.0,-2.31,4.04,3.58,3.67,0.0,0.0,5.94,4.61,4.54,4.04,0.0,0.0,0.0,0.0,5.0,12.0,6.0,12.0,6.0,12.0,5.0,12.0,0.0,0.0,248.0,249.0,248.0,250.0,10.74,6.56,7.94,7.29,12.62,12.66,4.88,6.05,5.3,6.32,5.57,5.81,6.53,7.31,7.15,7.44,7.14,7.18,7.58,6.12,7.27,7.25,8.03,8.05,7.98,8.74,6.86,8.32,65.19,10.14,7.6,63.23,11.19,10.59,5.79,24.25,37.64,55.75,,,,0.0,0.0,0.0,0.0,0.0,0.0,1.0,0.0,1.0,0.0
True,2021/6/15 22:00:04,,3925355175375536132,Equ1,2021/6/15 21:00:20,1.0,0.0,0.0,1242.0,0.0,0.0,0.0,0.0,462.26,425.11,447.21,469.58,473.79,461.79,4.17,8.63,10.8,0.0,7.48,4.17,126.85,157.03,164.37,166.93,155.98,121.08,1264.35,1231.67,1255.94,1267.51,1279.2,1263.88,11105.15,21.6,0.06,30188.63,16.97,1.67,2.03,8.38,1893.16,1915.44,1.0,1.0,-2.31,4.04,3.58,3.67,0.0,0.0,3.13,3.89,4.52,3.64,0.0,0.0,0.0,0.0,5.0,12.0,6.0,12.0,6.0,12.0,5.0,12.0,0.0,0.0,248.0,249.0,248.0,250.0,10.74,6.46,7.75,7.05,12.01,10.94,4.86,6.04,5.3,6.3,5.54,5.78,6.52,7.29,7.14,7.41,7.14,7.15,7.56,6.11,7.26,7.23,8.01,8.0,7.95,8.72,6.83,8.27,65.19,10.06,7.55,63.23,11.07,10.41,5.78,24.26,37.64,55.59,,,,0.0,0.0,0.0,0.0,0.0,0.0,1.0,0.0,1.0,0.0
True,2021/6/15 22:00:04,,3925355175375536133,Equ1,2021/6/15 21:00:25,1.0,0.0,0.0,1242.0,0.0,0.0,0.0,0.0,462.26,425.11,447.21,469.58,473.79,461.79,4.1,8.6,10.84,0.0,7.46,4.1,126.71,157.18,166.39,167.3,157.88,123.37,1265.58,1232.93,1257.27,1268.8,1280.46,1265.11,11218.5,22.99,0.05,30347.9,17.13,1.8,2.02,8.47,1892.0,1890.55,1.0,1.0,-2.31,4.04,3.58,3.66,0.0,0.0,3.7,4.49,4.53,3.65,0.0,0.0,0.0,0.0,5.0,12.0,6.0,12.0,6.0,12.0,5.0,12.0,0.0,0.0,249.0,250.0,249.0,251.0,10.78,6.38,7.59,6.86,11.57,10.07,4.84,57.48,5.3,6.28,5.52,5.75,6.51,7.28,7.12,7.38,7.13,7.14,7.55,6.08,7.24,7.2,7.99,7.99,7.91,8.69,6.8,8.22,65.16,9.97,7.51,63.23,10.95,10.28,5.78,24.29,37.65,55.43,,,,0.0,0.0,0.0,0.0,0.0,0.0,1.0,0.0,1.0,0.0
True,2021/6/15 22:00:04,,3925355175375536134,Equ1,2021/6/15 21:00:30,1.0,0.0,0.0,1242.0,0.0,0.0,0.0,0.0,462.26,425.11,447.21,469.58,473.79,461.79,4.09,8.46,10.73,0.0,7.48,4.09,125.61,156.79,167.33,168.06,157.32,124.29,1266.28,1233.5,1257.86,1269.51,1281.19,1265.81,11243.64,30.28,0.04,30422.23,14.35,1.98,2.02,7.09,1903.72,1948.42,1.0,1.0,-2.31,4.04,3.58,3.66,0.0,0.0,3.05,3.84,4.52,3.66,0.0,0.0,0.0,0.0,5.0,12.0,6.0,12.0,6.0,12.0,5.0,12.0,0.0,0.0,249.0,250.0,249.0,251.0,10.78,6.31,7.44,6.7,11.22,9.51,4.83,27.51,5.29,6.27,5.5,5.73,6.5,7.26,7.12,7.36,7.12,7.11,7.55,6.07,7.22,7.19,7.97,7.95,7.88,8.66,6.77,8.18,65.14,9.88,7.46,63.23,10.86,10.13,5.79,24.31,37.72,55.26,,,,0.0,0.0,0.0,0.0,0.0,0.0,1.0,0.0,1.0,0.0
True,2021/6/15 22:00:04,,3925355175375536135,Equ1,2021/6/15 21:00:35,1.0,0.0,0.0,1242.0,0.0,0.0,0.0,0.0,462.26,425.11,447.21,469.58,473.79,461.79,4.18,8.55,10.75,0.0,7.55,4.18,126.23,156.89,166.13,166.96,157.13,123.19,1267.49,1234.71,1259.01,1270.63,1282.39,1267.02,11117.47,29.31,0.04,30316.05,14.07,1.88,2.02,6.95,1910.59,1918.84,1.0,1.0,-2.31,4.04,3.58,3.67,0.0,0.0,3.72,4.17,4.5,3.77,0.0,0.0,0.0,0.0,5.0,12.0,6.0,12.0,6.0,12.0,5.0,12.0,0.0,0.0,250.0,251.0,250.0,252.0,10.83,6.24,7.32,6.56,10.95,9.11,4.81,17.48,40.56,6.24,5.47,5.7,6.48,7.26,7.11,7.34,7.11,7.09,7.53,6.09,7.2,7.16,7.94,7.92,7.85,8.63,6.74,8.14,65.13,9.79,7.41,63.21,10.76,10.02,5.79,24.3,37.71,55.1,,,,0.0,0.0,0.0,0.0,0.0,0.0,1.0,0.0,1.0,0.0
True,2021/6/15 22:00:04,,3925355175375536136,Equ1,2021/6/15 21:00:40,1.0,0.0,0.0,1242.0,0.0,0.0,0.0,0.0,462.26,425.11,447.21,469.58,473.79,461.79,4.23,8.6,10.79,0.0,7.57,4.23,127.39,156.7,166.19,166.83,157.18,122.96,1268.86,1236.08,1260.36,1271.94,1283.73,1268.39,11079.52,30.46,0.04,30347.9,13.29,1.85,2.02,6.56,1901.55,1944.23,1.0,1.0,-2.31,4.05,3.58,3.66,0.0,0.0,5.71,3.82,4.52,3.63,0.0,0.0,0.0,0.0,5.0,12.0,6.0,12.0,6.0,12.0,5.0,12.0,0.0,0.0,250.0,251.0,250.0,252.0,10.83,6.19,7.22,6.43,10.73,8.8,4.8,14.27,13.96,6.23,5.46,5.68,6.48,7.25,7.1,7.32,7.1,7.07,7.52,6.06,7.19,7.16,7.92,7.9,7.81,8.61,6.72,8.11,65.12,9.72,7.4,63.22,10.7,9.91,5.79,24.3,37.7,54.97,,,,0.0,0.0,0.0,0.0,0.0,0.0,1.0,0.0,1.0,0.0
True,2021/6/15 22:00:04,,3925355175375536137,Equ1,2021/6/15 21:00:45,1.0,0.0,0.0,1242.0,0.0,0.0,0.0,0.0,462.26,425.11,447.21,469.58,473.79,461.79,4.25,8.68,10.85,0.0,7.58,4.25,127.14,156.81,165.15,166.74,156.71,122.27,1270.08,1237.36,1261.63,1273.15,1284.94,1269.61,11042.07,28.95,0.04,30316.05,13.83,1.83,2.03,6.83,1914.35,1937.72,1.0,1.0,-2.31,4.05,3.58,3.66,0.0,0.0,3.71,3.85,4.37,3.68,0.0,0.0,0.0,0.0,5.0,12.0,6.0,12.0,6.0,12.0,5.0,12.0,0.0,0.0,251.0,252.0,251.0,253.0,10.87,6.13,7.14,6.34,10.58,8.61,4.78,12.95,10.34,43.67,5.45,5.66,6.48,7.24,7.09,7.3,7.09,7.06,7.5,6.06,7.22,7.13,7.91,7.88,7.79,8.59,6.7,8.08,65.1,9.65,7.38,63.16,10.72,9.82,5.79,24.3,37.69,54.88,,,,0.0,0.0,0.0,0.0,0.0,0.0,1.0,0.0,1.0,0.0
True,2021/6/15 22:00:04,,3925355175375536138,Equ1,2021/6/15 21:00:50,1.0,0.0,0.0,1242.0,0.0,0.0,0.0,0.0,462.26,425.11,447.21,469.58,473.79,461.79,4.2,8.76,10.92,0.0,7.54,4.2,126.0,157.13,163.83,166.41,155.4,120.43,1271.73,1239.15,1263.41,1274.85,1286.6,1271.26,11042.07,20.8,0.06,30082.44,18.02,1.71,2.03,8.9,1927.08,1811.92,1.0,1.0,-2.3,4.05,3.58,3.67,0.0,0.0,3.87,3.68,4.55,3.65,0.0,0.0,0.0,0.0,5.0,12.0,6.0,12.0,6.0,12.0,5.0,12.0,0.0,0.0,251.0,252.0,251.0,253.0,10.87,6.08,7.04,6.24,10.43,8.41,4.77,11.86,8.92,21.57,5.43,5.63,6.47,7.22,7.08,7.29,7.08,7.04,7.49,6.06,7.23,7.13,7.89,7.86,7.77,8.57,6.67,8.06,65.1,9.58,7.36,63.19,10.62,9.73,5.79,24.31,37.68,54.78,,,,0.0,0.0,0.0,0.0,0.0,0.0,1.0,0.0,1.0,0.0
True,2021/6/15 22:00:04,,3925355175375536139,Equ1,2021/6/15 21:00:55,1.0,0.0,0.0,1242.0,0.0,0.0,0.0,0.0,462.26,425.11,447.21,469.58,473.79,461.79,4.15,8.76,10.97,0.0,7.53,4.15,128.04,157.41,165.22,166.94,157.09,122.24,1273.18,1240.63,1264.95,1276.34,1288.08,1272.71,11168.24,22.06,0.05,30316.05,18.55,1.87,2.02,9.16,1912.11,1923.25,1.0,1.0,-2.29,4.04,3.58,3.67,0.0,0.0,3.31,3.63,4.58,4.18,0.0,0.0,0.0,0.0,5.0,12.0,6.0,12.0,6.0,12.0,5.0,12.0,0.0,0.0,252.0,253.0,252.0,254.0,10.91,6.03,6.96,6.16,10.29,8.25,4.75,11.1,8.17,13.99,47.27,5.61,6.46,7.21,7.07,7.26,7.07,7.03,7.47,6.05,7.21,7.1,7.86,7.85,7.74,8.55,6.65,8.03,65.08,9.51,7.31,63.19,10.5,9.64,5.79,24.35,37.69,54.66,,,,0.0,0.0,0.0,0.0,0.0,0.0,1.0,0.0,1.0,0.0
True,2021/6/15 22:00:04,,3925355175375536140,Equ1,2021/6/15 21:01:00,1.0,0.0,0.0,1242.0,0.0,0.0,0.0,0.0,462.26,425.11,447.21,469.58,473.79,461.79,4.16,8.65,10.9,0.0,7.54,4.16,125.85,156.73,166.81,167.75,157.65,124.38,1274.08,1241.43,1265.78,1277.24,1288.99,1273.61,11218.5,29.32,0.04,30454.09,15.84,2.12,2.02,7.83,1925.71,1953.34,1.0,1.0,-2.28,4.04,3.58,3.66,0.0,0.0,3.72,3.9,4.51,3.66,0.0,0.0,0.0,0.0,5.0,12.0,6.0,12.0,6.0,12.0,5.0,12.0,0.0,0.0,252.0,253.0,252.0,254.0,10.91,5.99,6.89,6.08,10.17,8.11,4.73,10.5,7.74,11.85,22.26,5.59,6.46,7.2,7.07,7.25,7.06,7.01,7.45,6.05,7.2,7.09,7.85,7.81,7.71,8.52,6.63,8.0,65.06,9.45,7.29,63.21,10.46,9.56,5.79,24.36,37.71,54.55,,,,0.0,0.0,0.0,0.0,0.0,0.0,1.0,0.0,1.0,0.0
True,2021/6/15 22:00:04,,3925355175375536141,Equ1,2021/6/15 21:01:05,1.0,0.0,0.0,1242.0,0.0,0.0,0.0,0.0,462.26,425.11,447.21,469.58,473.79,461.79,4.24,8.73,10.89,0.0,7.58,4.24,128.1,156.81,165.74,166.78,156.68,122.27,1275.5,1242.84,1267.1,1278.58,1290.37,1275.03,11117.47,25.49,0.05,30379.76,16.18,1.88,2.02,7.99,1909.22,1982.49,1.0,1.0,-2.29,4.04,3.58,3.67,0.0,0.0,6.04,3.68,4.5,3.65,0.0,0.0,0.0,0.0,5.0,12.0,6.0,12.0,6.0,12.0,5.0,12.0,0.0,0.0,253.0,254.0,253.0,255.0,10.96,5.94,6.81,6.0,10.06,7.99,4.72,10.05,7.44,10.71,13.54,42.66,6.44,7.2,7.05,7.24,7.05,6.99,7.42,6.04,7.19,7.08,8.0,7.8,7.69,8.5,6.6,7.97,65.05,9.39,7.26,63.21,10.38,9.61,5.79,24.35,37.7,54.45,,,,0.0,0.0,0.0,0.0,0.0,0.0,1.0,0.0,1.0,0.0
True,2021/6/15 22:00:04,,3925355175375536142,Equ1,2021/6/15 21:01:10,1.0,0.0,0.0,1242.0,0.0,0.0,0.0,0.0,462.26,425.11,447.21,469.58,473.79,461.79,4.28,8.76,10.96,0.0,7.65,4.28,127.79,157.06,166.57,166.84,157.09,123.37,1276.74,1244.07,1268.37,1279.78,1291.64,1276.27,11105.16,28.88,0.04,30379.76,14.38,1.9,2.03,7.1,1898.87,1931.57,1.0,1.0,-2.29,4.04,3.58,3.67,0.0,0.0,3.68,3.75,4.67,3.66,0.0,0.0,0.0,0.0,5.0,12.0,6.0,12.0,6.0,12.0,5.0,12.0,0.0,0.0,253.0,254.0,253.0,255.0,10.96,5.9,6.74,5.94,9.97,7.89,4.71,9.69,7.19,9.94,11.09,28.32,6.44,7.19,7.06,7.23,7.04,6.98,7.41,6.02,7.18,7.06,7.86,7.78,7.67,8.48,6.58,7.96,65.04,9.34,7.23,63.22,10.33,9.47,5.79,24.35,37.69,54.38,,,,0.0,0.0,0.0,0.0,0.0,0.0,1.0,0.0,1.0,0.0
True,2021/6/15 22:00:04,,3925355175375536143,Equ1,2021/6/15 21:01:15,1.0,0.0,0.0,1242.0,0.0,0.0,0.0,0.0,462.26,425.11,447.21,469.58,473.79,461.79,4.28,8.81,10.99,0.0,7.61,4.28,126.82,156.79,166.02,166.91,157.05,122.86,1278.11,1245.49,1269.78,1281.15,1292.98,1277.65,11092.34,28.64,0.04,30316.05,14.2,1.86,2.02,7.01,1907.19,1931.79,1.0,1.0,-2.29,4.05,3.58,3.67,0.0,0.0,5.64,3.64,4.88,3.84,0.0,0.0,0.0,0.0,5.0,12.0,6.0,12.0,6.0,12.0,5.0,12.0,0.0,0.0,254.0,255.0,254.0,256.0,11.0,5.78,6.68,5.87,9.88,7.79,4.7,9.39,7.01,9.42,9.92,15.89,43.18,7.18,7.05,7.22,7.04,6.96,7.4,6.02,7.16,7.04,7.76,7.76,7.64,8.45,6.55,7.93,65.02,9.29,7.2,63.23,10.27,9.39,5.78,24.35,37.63,54.31,,,,0.0,0.0,0.0,0.0,0.0,0.0,1.0,0.0,1.0,0.0
True,2021/6/15 22:00:04,,3925355175375536144,Equ1,2021/6/15 21:01:20,1.0,0.0,0.0,1242.0,0.0,0.0,0.0,0.0,462.26,425.11,447.21,469.58,473.79,461.79,4.26,8.91,11.11,0.0,7.6,4.26,126.82,156.16,164.4,166.83,156.02,121.19,1279.73,1247.24,1271.54,1282.8,1294.6,1279.26,11105.15,20.53,0.06,30156.77,17.44,1.63,2.02,8.61,1901.04,1943.58,1.0,1.0,-2.31,4.05,3.59,3.68,0.0,0.0,3.33,3.67,4.61,3.65,0.0,0.0,0.0,0.0,5.0,12.0,6.0,12.0,6.0,12.0,5.0,12.0,0.0,0.0,254.0,255.0,254.0,257.0,11.01,5.9,6.62,5.81,9.8,7.7,4.68,9.13,6.86,9.02,9.16,12.64,17.18,7.17,7.04,7.2,7.03,6.95,7.37,6.01,7.14,7.03,7.74,7.74,7.62,8.44,6.53,7.91,65.01,9.24,7.17,63.22,10.2,9.32,5.78,24.38,37.68,54.24,,,,0.0,0.0,0.0,0.0,0.0,0.0,1.0,0.0,1.0,0.0
True,2021/6/15 22:00:04,,3925355175375536145,Equ1,2021/6/15 21:01:25,1.0,0.0,0.0,1242.0,0.0,0.0,0.0,0.0,462.26,425.11,447.21,469.58,473.79,461.79,4.21,8.93,11.13,0.0,7.59,4.21,127.75,156.55,164.97,166.54,156.63,121.69,1281.26,1248.83,1273.13,1284.37,1296.17,1280.79,11130.29,22.24,0.05,30252.34,17.84,1.81,2.02,8.82,1903.79,1950.09,1.0,1.0,-2.31,4.05,3.58,3.67,0.0,0.0,3.5,3.66,5.16,3.72,0.0,0.0,0.0,0.0,5.0,12.0,6.0,12.0,6.0,12.0,5.0,12.0,0.0,0.0,255.0,256.0,255.0,257.0,11.04,5.86,6.86,5.76,9.73,7.62,4.66,8.89,6.74,8.69,8.61,11.04,11.54,40.31,7.04,7.19,7.03,6.93,7.36,6.01,7.13,7.02,7.74,7.73,7.64,8.42,6.5,7.88,64.99,9.19,7.15,63.22,10.14,9.26,5.79,24.41,37.68,54.15,,,,0.0,0.0,0.0,0.0,0.0,0.0,1.0,0.0,1.0,0.0
True,2021/6/15 22:00:04,,3925355175375536146,Equ1,2021/6/15 21:01:30,1.0,0.0,0.0,1242.0,0.0,0.0,0.0,0.0,462.26,425.11,447.21,469.58,473.79,461.79,4.29,8.89,11.05,0.0,7.65,4.29,126.26,156.9,166.99,167.36,157.51,123.61,1282.43,1249.88,1274.14,1285.45,1297.32,1281.95,11155.42,26.92,0.04,30411.62,16.73,2.06,2.03,8.26,1900.9,1914.35,1.0,1.0,-2.31,4.05,3.58,3.67,0.0,0.0,4.78,3.8,4.67,3.69,0.0,0.0,0.0,0.0,5.0,12.0,6.0,12.0,6.0,12.0,5.0,12.0,0.0,0.0,255.0,256.0,255.0,258.0,11.05,5.81,6.74,5.71,9.67,7.56,4.65,8.7,6.64,8.42,8.18,10.06,10.1,27.89,7.04,7.19,7.02,6.93,7.35,6.0,7.12,7.01,7.74,7.71,7.68,8.4,6.49,7.87,64.98,9.15,7.13,63.23,10.1,9.21,5.79,24.41,37.7,54.07,,,,0.0,0.0,0.0,0.0,0.0,0.0,1.0,0.0,1.0,0.0
True,2021/6/15 22:00:04,,3925355175375536147,Equ1,2021/6/15 21:01:35,1.0,0.0,0.0,1242.0,0.0,0.0,0.0,0.0,462.26,425.11,447.21,469.58,473.79,461.79,4.37,8.92,11.06,0.0,7.69,4.37,125.64,156.7,166.49,167.0,157.31,122.79,1283.85,1251.26,1275.5,1286.8,1298.71,1283.38,11042.07,26.16,0.05,30347.9,16.45,1.97,2.02,8.13,1912.98,1951.53,1.0,1.0,-2.31,4.05,3.57,3.66,0.0,0.0,3.43,3.62,5.11,3.9,0.0,0.0,0.0,0.0,5.0,12.0,6.0,12.0,6.0,12.0,5.0,12.0,0.0,0.0,256.0,257.0,256.0,258.0,11.09,5.75,6.63,5.65,9.6,7.49,4.64,8.52,6.55,8.19,7.82,9.36,9.43,15.34,52.27,7.17,7.01,6.91,7.33,6.0,7.11,7.0,7.73,7.69,7.68,8.3,6.46,7.85,64.96,9.1,7.11,63.23,10.06,9.15,5.78,24.39,37.69,54.01,,,,0.0,0.0,0.0,0.0,0.0,0.0,1.0,0.0,1.0,0.0
True,2021/6/15 22:00:04,,3925355175375536148,Equ1,2021/6/15 21:01:40,1.0,0.0,0.0,1242.0,0.0,0.0,0.0,0.0,462.26,425.11,447.21,469.58,473.79,461.79,4.42,8.99,11.11,0.0,7.73,4.42,128.57,156.66,165.23,166.68,156.54,121.86,1285.36,1252.79,1277.0,1288.26,1300.2,1284.89,11067.21,27.67,0.04,30347.9,16.16,2.04,2.02,7.99,1917.39,1922.81,1.0,1.0,-2.32,4.05,3.57,3.67,0.0,0.0,3.73,3.59,4.28,3.62,0.0,0.0,0.0,0.0,5.0,12.0,6.0,12.0,6.0,12.0,5.0,12.0,0.0,0.0,256.0,257.0,256.0,259.0,11.1,5.69,6.55,5.61,9.56,7.44,4.62,8.37,6.46,8.0,7.55,8.8,9.0,12.92,37.47,7.16,7.01,6.9,7.31,5.99,7.09,6.98,7.73,7.67,7.64,8.26,6.44,7.84,64.95,9.07,7.08,63.23,10.01,9.1,5.79,24.39,37.68,53.96,,,,0.0,0.0,0.0,0.0,0.0,0.0,1.0,0.0,1.0,0.0
True,2021/6/15 22:00:04,,3925355175375536149,Equ1,2021/6/15 21:01:45,1.0,0.0,0.0,1242.0,0.0,0.0,0.0,0.0,462.26,425.11,447.21,469.58,473.79,461.79,4.42,9.04,11.18,0.0,7.71,4.42,127.44,156.42,164.89,166.74,156.47,121.48,1286.94,1254.4,1278.64,1289.83,1301.75,1286.46,11054.89,24.8,0.05,30188.63,17.03,1.93,2.02,8.41,1907.19,1925.13,1.0,1.0,-2.31,4.04,3.57,3.67,0.0,0.0,3.39,3.7,4.69,3.87,0.0,0.0,0.0,0.0,5.0,12.0,6.0,12.0,6.0,12.0,5.0,12.0,0.0,0.0,257.0,258.0,257.0,259.0,11.13,5.65,6.49,5.57,9.51,7.38,4.61,8.23,6.38,7.82,7.32,8.38,8.7,11.78,14.36,7.16,7.01,6.88,7.29,5.98,7.09,6.98,7.72,7.66,7.62,8.3,6.43,7.82,64.94,9.02,7.06,63.23,9.96,9.06,5.78,24.4,37.67,53.91,,,,0.0,0.0,0.0,0.0,0.0,0.0,1.0,0.0,1.0,0.0
True,2021/6/15 22:00:04,,3925355175375536150,Equ1,2021/6/15 21:01:50,1.0,0.0,0.0,1242.0,0.0,0.0,0.0,0.0,462.26,425.11,447.21,469.58,473.79,461.79,4.45,9.18,11.27,0.0,7.72,4.45,127.6,156.12,163.21,166.32,155.41,120.11,1288.72,1256.3,1280.49,1291.59,1303.52,1288.25,10991.81,20.61,0.06,30018.73,19.23,1.81,2.02,9.5,1918.04,1938.66,1.0,1.0,-2.31,4.04,3.58,3.67,0.0,0.0,3.36,3.99,4.66,2.85,0.0,0.0,0.0,0.0,5.0,12.0,6.0,12.0,6.0,12.0,5.0,12.0,0.0,0.0,257.0,258.0,257.0,260.0,11.14,5.6,6.42,5.52,9.46,7.33,4.59,8.1,6.31,7.67,7.12,8.02,8.47,11.06,11.96,30.88,7.0,6.87,7.28,5.97,7.08,6.97,7.71,7.63,7.6,8.29,6.46,7.8,64.92,8.99,7.04,63.23,9.91,9.0,5.79,24.41,37.65,53.85,,,,0.0,0.0,0.0,0.0,0.0,0.0,1.0,0.0,1.0,0.0
True,2021/6/15 22:00:04,,3925355175375536151,Equ1,2021/6/15 21:01:55,1.0,0.0,0.0,1242.0,0.0,0.0,0.0,0.0,462.26,425.11,447.21,469.58,473.79,461.79,4.41,9.18,11.35,0.0,7.72,4.41,129.41,157.47,165.29,166.41,157.09,121.89,1289.82,1257.44,1281.71,1292.73,1304.66,1289.35,11155.92,23.27,0.05,30305.43,19.06,2.03,2.02,9.43,1904.59,1942.13,1.0,1.0,-2.3,4.04,3.58,3.66,0.0,0.0,5.28,3.51,3.94,3.9,0.0,0.0,0.0,0.0,5.0,12.0,6.0,12.0,6.0,12.0,5.0,12.0,0.0,0.0,258.0,259.0,258.0,260.0,11.17,5.56,6.36,5.49,9.42,7.3,4.58,8.0,6.25,7.56,6.97,7.78,8.33,10.62,11.11,16.23,7.0,6.86,7.27,5.97,7.07,6.96,7.7,7.66,7.58,8.29,6.42,7.8,64.91,8.96,7.01,63.23,9.88,8.98,5.78,24.44,37.65,53.8,,,,0.0,0.0,0.0,0.0,0.0,0.0,1.0,0.0,1.0,0.0
True,2021/6/15 22:00:04,,3925355175375536152,Equ1,2021/6/15 21:02:00,1.0,0.0,0.0,1242.0,0.0,0.0,0.0,0.0,462.26,425.11,447.21,469.58,473.79,461.79,4.43,9.02,11.19,0.0,7.73,4.43,127.78,157.34,167.03,167.33,157.48,124.26,1290.9,1258.33,1282.6,1293.78,1305.72,1290.43,11206.19,28.35,0.04,30443.47,16.85,2.18,2.03,8.32,1904.8,1928.53,1.0,1.0,-2.3,4.04,3.57,3.66,0.0,0.0,2.92,4.91,4.58,3.69,0.0,0.0,0.0,0.0,5.0,12.0,6.0,12.0,6.0,12.0,5.0,12.0,0.0,0.0,258.0,259.0,258.0,261.0,11.18,5.52,6.3,5.45,9.38,7.24,4.57,7.89,6.2,7.44,6.83,7.53,8.19,10.27,10.45,13.17,49.85,6.85,7.26,5.96,7.07,6.96,7.69,7.62,7.56,8.28,6.38,7.78,64.9,8.93,7.0,63.23,9.85,8.94,5.78,24.43,37.68,53.74,,,,0.0,0.0,0.0,0.0,0.0,0.0,1.0,0.0,1.0,0.0
True,2021/6/15 22:00:04,,3925355175375536153,Equ1,2021/6/15 21:02:05,1.0,0.0,0.0,1242.0,0.0,0.0,0.0,0.0,462.26,425.11,447.21,469.58,473.79,461.79,4.51,9.09,11.21,0.0,7.8,4.51,127.29,157.18,165.29,166.61,156.5,122.21,1292.34,1259.78,1284.0,1295.15,1307.17,1291.87,11080.02,26.68,0.04,30252.34,16.73,2.04,2.03,8.27,1897.79,1954.72,1.0,1.0,-2.3,4.04,3.57,3.67,0.0,0.0,5.41,3.47,3.85,3.77,0.0,0.0,0.0,0.0,5.0,12.0,6.0,12.0,6.0,12.0,5.0,12.0,0.0,0.0,259.0,260.0,259.0,261.0,11.22,5.47,6.24,5.4,9.33,7.16,4.56,7.8,6.14,7.33,6.69,7.32,8.07,9.95,10.02,11.86,50.8,6.83,7.25,5.96,7.06,6.94,7.69,7.6,7.54,8.27,6.37,7.77,64.88,8.89,6.98,63.23,9.81,8.89,5.79,24.42,37.68,53.69,,,,0.0,0.0,0.0,0.0,0.0,0.0,1.0,0.0,1.0,0.0
True,2021/6/15 22:00:04,,3925355175375536154,Equ1,2021/6/15 21:02:10,1.0,0.0,0.0,1242.0,0.0,0.0,0.0,0.0,462.26,425.11,447.21,469.58,473.79,461.79,4.52,9.15,11.26,0.0,7.78,4.52,127.91,155.8,164.61,165.93,155.79,121.01,1293.94,1261.42,1285.63,1296.74,1308.73,1293.47,11016.94,27.97,0.04,30178.01,15.89,2.03,2.02,7.85,1915.8,1886.79,1.0,1.0,-2.31,4.05,3.58,3.67,0.0,0.0,3.25,3.49,4.68,3.68,0.0,0.0,0.0,0.0,5.0,12.0,6.0,12.0,6.0,12.0,5.0,12.0,0.0,0.0,259.0,260.0,259.0,262.0,11.23,5.42,6.2,5.35,9.28,7.1,4.55,7.69,6.1,7.23,6.57,7.14,7.98,9.73,9.7,11.05,43.39,56.18,7.22,5.95,7.05,6.93,7.67,7.59,7.52,8.24,6.34,7.75,64.86,8.85,6.96,63.23,9.78,8.86,5.78,24.42,37.66,53.64,,,,0.0,0.0,0.0,0.0,0.0,0.0,1.0,0.0,1.0,0.0
True,2021/6/15 22:00:04,,3925355175375536155,Equ1,2021/6/15 21:02:15,1.0,0.0,0.0,1242.0,0.0,0.0,0.0,0.0,462.26,425.11,447.21,469.58,473.79,461.79,4.59,9.28,11.34,0.0,7.81,4.59,127.99,156.42,164.4,166.64,156.32,120.59,1295.6,1263.13,1287.29,1298.32,1310.34,1295.13,10928.72,25.54,0.05,30220.48,16.71,1.95,2.02,8.25,1890.26,1928.46,1.0,1.0,-2.31,4.05,3.58,3.67,0.0,0.0,3.45,4.16,3.85,3.87,0.0,0.0,0.0,0.0,5.0,12.0,6.0,12.0,6.0,12.0,5.0,12.0,0.0,0.0,260.0,261.0,260.0,262.0,11.26,5.38,6.15,5.32,9.25,7.11,4.54,7.6,6.05,7.15,6.47,6.97,7.89,9.54,9.46,10.56,16.05,54.99,7.21,5.94,7.04,6.93,7.67,7.57,7.51,8.23,6.32,7.77,64.84,8.83,6.94,63.23,9.75,8.83,5.79,24.43,37.64,53.6,,,,0.0,0.0,0.0,0.0,0.0,0.0,1.0,0.0,1.0,0.0
True,2021/6/15 22:00:04,,3925355175375536156,Equ1,2021/6/15 21:02:20,1.0,0.0,0.0,1242.0,0.0,0.0,0.0,0.0,462.26,425.11,447.21,469.58,473.79,461.79,4.61,9.4,11.47,0.0,7.8,4.61,127.11,155.87,163.01,166.39,155.53,119.84,1297.34,1264.98,1289.15,1300.05,1312.06,1296.87,11029.76,21.23,0.06,30050.59,19.81,1.92,2.03,9.79,1895.98,1944.08,1.0,1.0,-2.31,4.05,3.58,3.67,0.0,0.0,3.41,4.12,4.65,3.05,0.0,0.0,0.0,0.0,5.0,12.0,6.0,12.0,6.0,12.0,5.0,12.0,0.0,0.0,260.0,261.0,260.0,263.0,11.27,5.34,6.1,5.28,9.21,7.09,4.51,7.55,6.01,7.06,6.37,6.83,7.82,9.36,9.26,10.19,13.25,20.89,52.07,5.94,7.03,6.92,7.65,7.56,7.49,8.21,6.29,7.75,64.82,8.8,6.93,63.22,9.7,8.78,5.79,24.44,37.61,53.56,,,,0.0,0.0,0.0,0.0,0.0,0.0,1.0,0.0,1.0,0.0
True,2021/6/15 22:00:04,,3925355175375536157,Equ1,2021/6/15 21:02:25,1.0,0.0,0.0,1242.0,0.0,0.0,0.0,0.0,462.26,425.11,447.21,469.58,473.79,461.79,4.52,9.31,11.46,0.0,7.79,4.52,128.94,157.35,166.61,167.07,157.87,123.08,1298.68,1266.33,1290.57,1301.48,1313.48,1298.21,11219.01,25.74,0.05,30443.47,19.33,2.27,2.02,9.56,1911.68,1929.04,1.0,1.0,-2.31,4.04,3.57,3.67,0.0,0.0,3.58,3.78,3.88,3.8,0.0,0.0,0.0,0.0,5.0,12.0,6.0,12.0,6.0,12.0,5.0,12.0,0.0,0.0,261.0,262.0,261.0,263.0,11.3,5.31,6.05,5.25,9.17,7.05,4.5,7.52,5.98,6.99,6.28,6.7,7.75,9.22,9.1,9.91,12.14,15.41,56.22,5.93,7.02,6.91,7.64,7.55,7.48,8.21,6.27,7.74,64.82,8.78,6.91,63.22,9.68,8.76,5.78,24.46,37.63,53.5,,,,0.0,0.0,0.0,0.0,0.0,0.0,1.0,0.0,1.0,0.0
True,2021/6/15 22:00:04,,3925355175375536158,Equ1,2021/6/15 21:02:30,1.0,0.0,0.0,1242.0,0.0,0.0,0.0,0.0,462.26,425.11,447.21,469.58,473.79,461.79,4.54,9.24,11.35,0.0,7.83,4.56,126.72,156.81,166.7,167.14,157.28,123.61,1299.79,1267.34,1291.55,1302.57,1314.61,1299.33,11193.37,29.2,0.04,30411.62,17.03,2.27,2.03,8.41,1926.07,1946.11,1.0,1.0,-2.32,4.04,3.57,3.67,0.0,0.0,3.24,3.33,4.53,3.55,0.0,0.0,0.0,0.0,5.0,12.0,6.0,12.0,6.0,12.0,5.0,12.0,0.0,0.0,261.0,262.0,261.0,264.0,11.31,5.27,6.02,5.23,9.15,7.01,4.49,7.44,5.94,6.92,6.19,6.57,7.69,9.1,8.96,9.67,11.37,13.43,21.62,5.93,7.01,6.9,7.63,7.56,7.47,8.18,6.25,7.73,64.81,8.76,6.9,63.23,9.65,8.73,5.79,24.45,37.65,53.45,,,,0.0,0.0,0.0,0.0,0.0,0.0,1.0,0.0,1.0,0.0
True,2021/6/15 22:00:04,,3925355175375536159,Equ1,2021/6/15 21:02:35,1.0,0.0,0.0,1242.0,0.0,0.0,0.0,0.0,462.26,425.11,447.21,469.58,473.79,461.79,4.6,9.24,11.36,0.0,7.86,4.6,127.99,156.7,166.48,167.0,157.47,123.02,1301.17,1268.67,1292.88,1303.89,1315.96,1300.7,11130.29,27.54,0.04,30379.76,16.68,2.1,2.02,8.24,1919.63,1972.73,1.0,1.0,-2.31,4.04,3.57,3.67,0.0,0.0,3.41,4.36,3.74,3.74,0.0,0.0,0.0,0.0,5.0,12.0,6.0,12.0,6.0,12.0,5.0,12.0,0.0,0.0,262.0,263.0,262.0,264.0,11.35,5.24,5.98,5.2,9.13,6.97,4.48,7.38,5.93,6.85,6.11,6.47,7.63,9.0,8.84,9.48,10.84,12.3,16.79,42.55,7.01,6.89,7.62,7.53,7.45,8.17,6.23,7.71,64.81,8.74,6.88,63.21,9.61,8.7,5.79,24.45,37.56,53.41,,,,0.0,0.0,0.0,0.0,0.0,0.0,1.0,0.0,1.0,0.0
True,2021/6/15 22:00:04,,3925355175375536160,Equ1,2021/6/15 21:02:40,1.0,0.0,0.0,1242.0,0.0,0.0,0.0,0.0,462.26,425.11,447.21,469.58,473.79,461.79,4.59,9.16,11.27,0.0,7.9,4.59,124.84,156.57,165.15,166.49,155.84,121.37,1302.75,1270.17,1294.38,1305.48,1317.59,1302.28,11092.34,30.41,0.04,30156.77,15.43,2.14,2.03,7.62,1905.82,1956.38,1.0,1.0,-2.31,4.04,3.58,3.67,0.0,0.0,4.2,3.22,4.53,3.26,0.0,0.0,0.0,0.0,5.0,12.0,6.0,12.0,6.0,12.0,5.0,12.0,0.0,0.0,262.0,263.0,262.0,265.0,11.36,5.21,5.94,5.17,9.1,6.93,4.47,7.31,5.9,6.79,6.03,6.37,7.59,8.9,8.74,9.32,10.43,11.52,14.62,42.83,7.0,6.89,7.61,7.52,7.44,8.15,6.22,7.71,64.8,8.72,6.86,63.21,9.59,8.68,5.79,24.44,37.65,53.36,,,,0.0,0.0,0.0,0.0,0.0,0.0,1.0,0.0,1.0,0.0
True,2021/6/15 22:00:04,,3925355175375536161,Equ1,2021/6/15 21:02:45,1.0,0.0,0.0,1242.0,0.0,0.0,0.0,0.0,462.26,425.11,447.21,469.58,473.79,461.79,4.65,9.29,11.32,0.0,7.94,4.65,126.01,156.02,163.34,165.89,154.59,119.56,1304.56,1272.05,1296.18,1307.23,1319.38,1304.08,10966.67,23.27,0.05,29986.88,18.37,1.95,2.03,9.07,1919.92,1954.86,1.0,1.0,-2.31,4.05,3.57,3.67,0.0,0.0,3.47,4.5,4.52,3.6,0.0,0.0,0.0,0.0,5.0,12.0,6.0,12.0,6.0,12.0,5.0,12.0,0.0,0.0,263.0,264.0,263.0,265.0,11.39,5.18,5.91,5.14,9.07,6.9,4.47,7.25,5.89,6.81,5.96,6.27,7.55,8.83,8.66,9.17,10.12,10.99,13.32,15.6,47.77,6.88,7.61,7.53,7.42,8.14,6.19,7.7,64.78,8.69,6.86,63.17,9.58,8.66,5.78,24.43,37.65,53.33,,,,0.0,0.0,0.0,0.0,0.0,0.0,1.0,0.0,1.0,0.0
True,2021/6/15 22:00:04,,3925355175375536162,Equ1,2021/6/15 21:02:50,1.0,0.0,0.0,1242.0,0.0,0.0,0.0,0.0,462.26,425.11,447.21,469.58,473.79,461.79,4.66,9.42,11.47,0.0,7.91,4.66,127.0,156.18,162.15,166.49,155.01,119.13,1306.35,1273.96,1298.11,1309.01,1321.13,1305.88,10966.67,22.54,0.05,29955.02,19.82,2.04,2.02,9.8,1907.05,1957.46,1.0,1.0,-2.3,4.04,3.58,3.68,0.0,0.0,3.46,3.91,4.57,3.25,0.0,0.0,0.0,0.0,5.0,12.0,6.0,12.0,6.0,12.0,5.0,12.0,0.0,0.0,263.0,264.0,263.0,266.0,11.4,5.15,5.87,5.13,9.06,6.88,4.46,7.19,5.86,6.78,5.9,6.17,7.52,8.75,8.59,9.05,9.86,10.58,12.42,11.64,48.93,6.88,7.6,7.52,7.41,8.14,6.18,7.69,64.77,8.67,6.86,63.17,9.57,8.65,5.78,24.44,37.62,53.29,,,,0.0,0.0,0.0,0.0,0.0,0.0,1.0,0.0,1.0,0.0
True,2021/6/15 22:00:04,,3925355175375536163,Equ1,2021/6/15 21:02:55,1.0,0.0,0.0,1242.0,0.0,0.0,0.0,0.0,462.26,425.11,447.21,469.58,473.79,461.79,4.57,9.25,11.43,0.0,7.93,4.57,127.33,157.34,167.16,167.29,158.13,123.34,1307.57,1275.09,1299.38,1310.31,1322.45,1307.1,11269.27,27.26,0.04,30411.62,18.76,2.34,2.02,9.27,1898.94,1951.82,1.0,1.0,-2.31,4.04,3.58,3.67,0.0,0.0,4.42,5.05,4.52,4.52,0.0,0.0,0.0,0.0,5.0,12.0,6.0,12.0,6.0,12.0,5.0,12.0,0.0,0.0,264.0,265.0,264.0,266.0,11.43,5.13,5.83,5.1,9.03,6.85,4.44,7.14,5.83,6.74,5.84,6.09,7.48,8.69,8.52,8.94,9.63,10.25,11.73,10.17,21.1,6.88,7.6,7.52,7.4,8.14,6.16,7.67,64.76,8.65,6.85,63.22,9.56,8.62,5.78,24.46,37.65,53.26,,,,0.0,0.0,0.0,0.0,0.0,0.0,1.0,0.0,1.0,0.0
True,2021/6/15 22:00:04,,3925355175375536164,Equ1,2021/6/15 21:03:00,1.0,0.0,0.0,1242.0,0.0,0.0,0.0,0.0,462.26,425.11,447.21,469.58,473.79,461.79,4.67,9.25,11.37,0.0,7.96,4.67,126.62,155.92,165.96,166.71,156.81,123.34,1308.76,1276.19,1300.41,1311.41,1323.58,1308.29,11155.42,26.93,0.04,30316.05,17.39,2.14,2.03,8.58,1898.29,1825.95,1.0,1.0,-2.31,4.04,3.57,3.67,0.0,0.0,4.41,3.28,4.57,4.05,0.0,0.0,0.0,0.0,5.0,12.0,6.0,12.0,6.0,12.0,5.0,12.0,0.0,0.0,264.0,265.0,264.0,267.0,11.44,5.09,5.8,5.08,9.01,6.83,4.44,7.08,5.79,6.66,5.76,6.0,7.45,8.62,8.45,8.85,9.44,9.97,11.23,9.42,15.16,52.31,7.59,7.52,7.38,8.12,6.15,7.66,64.74,8.62,6.83,63.21,9.51,8.59,5.79,24.44,37.6,53.22,,,,0.0,0.0,0.0,0.0,0.0,0.0,1.0,0.0,1.0,0.0
True,2021/6/15 22:00:04,,3925355175375536165,Equ1,2021/6/15 21:03:05,1.0,0.0,0.0,1242.0,0.0,0.0,0.0,0.0,462.26,425.11,447.21,469.58,473.79,461.79,4.73,9.28,11.41,0.0,7.99,4.73,127.53,156.84,166.81,167.33,157.07,124.19,1309.88,1277.28,1301.51,1312.47,1324.67,1309.41,11180.55,32.73,0.04,30485.95,14.61,2.18,2.02,7.22,1906.54,1991.54,1.0,1.0,-2.32,4.04,3.57,3.67,0.0,0.0,3.74,4.2,4.54,3.29,0.0,0.0,0.0,0.0,5.0,12.0,6.0,12.0,6.0,12.0,5.0,12.0,0.0,0.0,265.0,266.0,265.0,267.0,11.48,5.07,5.78,5.06,8.99,6.81,4.42,7.03,5.75,6.59,5.69,5.92,7.42,8.56,8.39,8.76,9.28,9.75,10.83,8.9,13.12,52.63,7.58,7.51,7.37,8.11,6.13,7.65,64.73,8.6,6.82,63.21,9.48,8.57,5.79,24.44,37.64,53.2,,,,0.0,0.0,0.0,0.0,0.0,0.0,1.0,0.0,1.0,0.0
True,2021/6/15 22:00:04,,3925355175375536166,Equ1,2021/6/15 21:03:10,1.0,0.0,0.0,1242.0,0.0,0.0,0.0,0.0,462.26,425.11,447.21,469.58,473.79,461.79,4.73,9.22,11.31,0.0,8.01,4.73,126.3,156.42,165.74,166.74,156.31,122.56,1311.04,1278.38,1302.57,1313.63,1325.85,1310.57,11092.34,33.17,0.04,30284.19,14.22,2.15,2.02,7.02,1913.7,1950.02,1.0,1.0,-2.32,4.05,3.57,3.67,0.0,0.0,2.96,4.62,4.75,4.41,0.0,0.0,0.0,0.0,5.0,12.0,6.0,12.0,6.0,12.0,5.0,12.0,0.0,0.0,265.0,266.0,265.0,268.0,11.49,5.05,5.75,5.04,8.99,6.79,4.42,6.99,5.72,6.54,5.65,5.98,7.38,8.52,8.34,8.7,9.16,9.59,10.57,8.59,12.15,25.6,47.51,7.49,7.36,8.1,6.12,7.64,64.72,8.58,6.81,63.23,9.48,8.61,5.78,24.42,37.65,53.18,,,,0.0,0.0,0.0,0.0,0.0,0.0,1.0,0.0,1.0,0.0
True,2021/6/15 22:00:04,,3925355175375536167,Equ1,2021/6/15 21:03:15,1.0,0.0,0.0,1242.0,0.0,0.0,0.0,0.0,462.26,425.11,447.21,469.58,473.79,461.79,4.86,9.41,11.39,0.0,8.06,4.86,128.92,156.32,165.36,166.17,156.47,121.5,1312.57,1279.97,1304.05,1315.03,1327.31,1312.1,11080.02,27.7,0.04,30209.86,14.78,1.87,2.03,7.29,1916.16,1952.91,1.0,1.0,-2.32,4.05,3.57,3.67,0.0,0.0,3.37,3.41,4.52,2.95,0.0,0.0,0.0,0.0,5.0,12.0,6.0,12.0,6.0,12.0,5.0,12.0,0.0,0.0,266.0,267.0,265.0,268.0,11.51,5.02,5.72,5.02,8.97,6.77,4.41,6.94,5.68,6.48,5.59,5.87,7.36,8.48,8.3,8.62,9.04,9.42,10.29,8.31,11.4,16.55,47.95,7.48,7.35,8.1,6.11,7.64,64.71,8.57,6.81,63.25,9.46,8.57,5.78,24.42,37.62,53.16,,,,0.0,0.0,0.0,0.0,0.0,0.0,1.0,0.0,1.0,0.0
True,2021/6/15 22:00:04,,3925355175375536168,Equ1,2021/6/15 21:03:20,1.0,0.0,0.0,1242.0,0.0,0.0,0.0,0.0,462.26,425.11,447.21,469.58,473.79,461.79,4.87,9.5,11.5,0.0,8.07,4.87,129.66,156.45,164.41,166.51,156.51,121.19,1314.2,1281.69,1305.79,1316.66,1328.94,1313.73,11155.42,23.38,0.05,30252.34,17.17,1.83,2.02,8.48,1914.14,1959.2,1.0,1.0,-2.32,4.05,3.58,3.68,0.0,0.0,4.2,3.22,4.55,3.4,0.0,0.0,0.0,0.0,5.0,12.0,6.0,12.0,6.0,12.0,5.0,12.0,0.0,0.0,266.0,267.0,266.0,269.0,11.53,5.01,5.69,5.0,8.96,6.75,4.39,6.89,5.65,6.42,5.53,5.77,7.36,8.44,8.26,8.56,8.92,9.26,10.03,8.06,10.85,13.98,30.54,7.5,7.34,8.1,6.11,7.64,64.7,8.56,6.81,63.28,9.44,8.54,5.79,24.42,37.6,53.14,,,,0.0,0.0,0.0,0.0,0.0,0.0,1.0,0.0,1.0,0.0
True,2021/6/15 22:00:04,,3925355175375536169,Equ1,2021/6/15 21:03:25,1.0,0.0,0.0,1242.0,0.0,0.0,0.0,0.0,462.26,425.11,447.21,469.58,473.79,461.79,4.79,9.3,11.39,0.0,8.06,4.79,126.75,157.44,166.85,168.08,158.0,125.54,1315.07,1282.43,1306.62,1317.6,1329.88,1314.6,11344.67,30.35,0.04,30549.66,16.16,2.24,2.02,7.99,1914.14,1923.18,1.0,1.0,-2.32,4.04,3.57,3.67,0.0,0.0,3.56,3.48,4.52,2.98,0.0,0.0,0.0,0.0,5.0,12.0,6.0,12.0,6.0,12.0,5.0,12.0,0.0,0.0,267.0,268.0,266.0,269.0,11.55,4.98,5.67,4.98,8.94,6.74,4.39,6.84,5.61,6.35,5.48,5.68,7.33,8.4,8.22,8.5,8.81,9.12,9.82,7.88,10.43,12.64,18.37,49.03,7.34,8.08,6.09,7.63,64.69,8.52,6.79,63.29,9.41,8.5,5.79,24.43,37.65,53.12,,,,0.0,0.0,0.0,0.0,0.0,0.0,1.0,0.0,1.0,0.0
True,2021/6/15 22:00:04,,3925355175375536170,Equ1,2021/6/15 21:03:30,1.0,0.0,0.0,1242.0,0.0,0.0,0.0,0.0,462.26,425.11,447.21,469.58,473.79,461.79,4.84,9.31,11.38,0.0,8.11,4.84,128.8,156.26,166.33,167.07,157.02,123.9,1315.8,1283.12,1307.29,1318.28,1330.6,1315.33,11218.5,32.2,0.04,30411.62,13.42,1.97,2.03,6.63,1907.77,1950.02,1.0,1.0,-2.32,4.04,3.57,3.67,0.0,0.0,3.46,3.16,5.01,3.71,0.0,0.0,0.0,0.0,5.0,12.0,6.0,12.0,6.0,12.0,5.0,12.0,0.0,0.0,267.0,268.0,267.0,270.0,11.57,4.95,5.64,4.97,8.92,6.72,4.38,6.79,5.57,6.29,5.42,5.64,7.3,8.36,8.18,8.45,8.72,9.01,9.64,7.72,10.08,11.76,15.05,48.34,7.32,8.08,6.08,7.62,64.68,8.51,6.77,63.28,9.38,8.48,5.78,24.41,37.65,53.1,,,,0.0,0.0,0.0,0.0,0.0,0.0,1.0,0.0,1.0,0.0
True,2021/6/15 22:00:04,,3925355175375536171,Equ1,2021/6/15 21:03:35,1.0,0.0,0.0,1242.0,0.0,0.0,0.0,0.0,462.26,425.11,447.21,469.58,473.79,461.79,4.88,9.36,11.43,0.0,8.11,4.88,126.78,156.93,166.77,167.48,157.54,124.38,1316.81,1284.14,1308.31,1319.25,1331.57,1316.34,11193.37,35.79,0.03,30443.47,12.16,1.99,2.02,6.01,1905.6,1964.84,1.0,1.0,-2.32,4.04,3.57,3.67,0.0,0.0,3.69,3.5,4.53,5.16,0.0,0.0,0.0,0.0,5.0,12.0,6.0,12.0,6.0,12.0,5.0,12.0,0.0,0.0,268.0,269.0,267.0,270.0,11.59,4.93,5.61,4.95,8.91,6.71,4.37,6.75,5.53,6.24,5.38,5.6,7.29,8.31,8.15,8.4,8.63,8.91,9.48,7.6,9.81,11.15,13.52,35.87,37.18,8.07,6.07,7.6,64.66,8.49,6.76,63.28,9.35,8.48,5.79,24.42,37.64,53.08,,,,0.0,0.0,0.0,0.0,0.0,0.0,1.0,0.0,1.0,0.0
True,2021/6/15 22:00:04,,3925355175375536172,Equ1,2021/6/15 21:03:40,1.0,0.0,0.0,1242.0,0.0,0.0,0.0,0.0,462.26,425.11,447.21,469.58,473.79,461.79,4.93,9.42,11.46,0.0,8.13,4.93,129.93,157.03,166.25,166.94,157.1,123.21,1318.05,1285.39,1309.54,1320.44,1332.79,1317.58,11168.24,36.42,0.03,30443.47,11.34,1.88,2.02,5.6,1892.07,1949.44,1.0,1.0,-2.32,4.05,3.57,3.67,0.0,0.0,3.5,3.13,4.96,3.4,0.0,0.0,0.0,0.0,5.0,12.0,6.0,12.0,6.0,12.0,5.0,12.0,0.0,0.0,268.0,269.0,268.0,271.0,11.62,4.91,5.6,4.93,8.91,6.7,4.36,6.71,5.5,6.2,5.34,5.56,7.27,8.34,8.12,8.36,8.56,8.81,9.32,7.48,9.57,10.69,12.56,15.93,46.67,8.07,6.06,7.61,64.65,8.47,6.75,63.29,9.33,8.47,5.78,24.41,37.63,53.07,,,,0.0,0.0,0.0,0.0,0.0,0.0,1.0,0.0,1.0,0.0
True,2021/6/15 22:00:04,,3925355175375536173,Equ1,2021/6/15 21:03:45,1.0,0.0,0.0,1242.0,0.0,0.0,0.0,0.0,462.26,425.11,447.21,469.58,473.79,461.79,4.93,9.45,11.5,0.0,8.14,4.93,125.52,156.32,166.09,166.46,156.52,123.03,1319.31,1286.69,1310.84,1321.7,1334.05,1318.84,11143.11,28.5,0.04,30241.72,12.44,1.62,2.03,6.14,1905.38,1946.61,1.0,1.0,-2.32,4.05,3.57,3.67,0.0,0.0,3.79,3.87,4.51,3.28,0.0,0.0,0.0,0.0,5.0,12.0,6.0,12.0,6.0,12.0,5.0,12.0,0.0,0.0,269.0,270.0,268.0,271.0,11.64,4.89,5.59,4.92,8.89,6.68,4.36,6.67,5.47,6.16,5.3,5.5,7.23,8.33,8.09,8.32,8.48,8.73,9.2,7.37,9.36,10.32,11.85,13.54,46.88,8.07,6.05,7.6,64.64,8.45,6.75,63.3,9.32,8.45,5.78,24.41,37.62,53.05,,,,0.0,0.0,0.0,0.0,0.0,0.0,1.0,0.0,1.0,0.0
True,2021/6/15 22:00:04,,3925355175375536174,Equ1,2021/6/15 21:03:50,1.0,0.0,0.0,1242.0,0.0,0.0,0.0,0.0,462.26,425.11,447.21,469.58,473.79,461.79,4.94,9.57,11.59,0.0,8.15,4.94,129.02,156.71,165.15,166.57,156.55,122.19,1320.81,1288.29,1312.41,1323.19,1335.55,1320.34,11231.32,24.53,0.05,30347.9,15.28,1.71,2.02,7.55,1905.82,1925.42,1.0,1.0,-2.32,4.05,3.57,3.67,0.0,0.0,3.45,3.63,4.64,3.42,0.0,0.0,0.0,0.0,5.0,12.0,6.0,12.0,6.0,12.0,5.0,12.0,0.0,0.0,269.0,270.0,269.0,272.0,11.66,4.87,5.58,4.91,8.87,6.67,4.34,6.63,5.45,6.12,5.25,5.46,7.2,8.34,7.97,8.28,8.41,8.63,9.07,7.28,9.18,10.03,11.35,12.36,17.7,54.16,6.04,7.59,64.62,8.44,6.74,63.3,9.29,8.44,5.78,24.43,37.6,53.04,,,,0.0,0.0,0.0,0.0,0.0,0.0,1.0,0.0,1.0,0.0
True,2021/6/15 22:00:04,,3925355175375536175,Equ1,2021/6/15 21:03:55,1.0,0.0,0.0,1242.0,0.0,0.0,0.0,0.0,462.26,425.11,447.21,469.58,473.79,461.79,4.89,9.43,11.5,0.0,8.13,4.89,129.17,157.47,167.38,168.14,157.8,124.78,1321.86,1289.24,1313.42,1324.29,1336.63,1321.39,11357.49,28.93,0.04,30581.52,15.69,2.07,2.03,7.75,1896.41,1984.66,1.0,1.0,-2.32,4.04,3.57,3.67,0.0,0.0,3.89,3.53,4.51,3.91,0.0,0.0,0.0,0.0,5.0,12.0,6.0,12.0,6.0,12.0,5.0,12.0,0.0,0.0,270.0,271.0,269.0,272.0,11.68,4.84,5.57,4.91,8.87,6.66,4.33,6.59,5.42,6.08,5.22,5.41,7.18,8.3,7.95,8.25,8.35,8.57,8.96,7.2,9.03,9.77,10.96,11.67,13.94,54.59,6.04,7.59,64.61,8.42,6.72,63.29,9.27,8.43,5.79,24.42,37.63,53.02,,,,0.0,0.0,0.0,0.0,0.0,0.0,1.0,0.0,1.0,0.0
True,2021/6/15 22:00:04,,3925355175375536176,Equ1,2021/6/15 21:04:00,1.0,0.0,0.0,1242.0,0.0,0.0,0.0,0.0,462.26,425.11,447.21,469.58,473.79,461.79,4.95,9.42,11.44,0.0,8.18,4.95,125.72,156.84,167.12,167.77,157.74,124.61,1322.53,1289.85,1313.97,1324.9,1337.29,1322.06,11218.5,32.2,0.04,30485.95,12.8,1.88,2.02,6.32,1892.8,1928.89,1.0,1.0,-2.32,4.04,3.56,3.67,0.0,0.0,3.78,3.04,4.65,3.64,0.0,0.0,0.0,0.0,5.0,12.0,6.0,12.0,6.0,12.0,5.0,12.0,0.0,0.0,270.0,271.0,270.0,273.0,11.7,4.83,5.56,4.91,8.86,6.64,4.32,6.56,5.4,6.05,5.19,5.36,7.16,8.27,8.01,8.21,8.29,8.5,8.87,7.13,8.9,9.57,10.64,11.19,12.42,18.09,6.04,7.59,64.6,8.41,6.72,63.29,9.25,8.41,5.79,24.41,37.64,53.01,,,,0.0,0.0,0.0,0.0,0.0,0.0,1.0,0.0,1.0,0.0
True,2021/6/15 22:00:04,,3925355175375536177,Equ1,2021/6/15 21:04:05,1.0,0.0,0.0,1242.0,0.0,0.0,0.0,0.0,462.26,425.11,447.21,469.58,473.79,461.79,5.03,9.48,11.51,0.0,8.2,5.03,126.11,156.83,166.57,167.27,157.06,124.18,1323.46,1290.76,1314.89,1325.75,1338.16,1322.99,11117.97,34.64,0.03,30422.23,11.4,1.8,2.02,5.63,1888.67,1940.9,1.0,1.0,-2.32,4.04,3.56,3.67,0.0,0.0,3.68,3.6,4.48,3.75,0.0,0.0,0.0,0.0,5.0,12.0,6.0,12.0,6.0,12.0,5.0,12.0,0.0,0.0,271.0,272.0,270.0,273.0,11.72,4.8,5.54,4.9,8.91,6.61,4.31,6.53,5.38,6.02,5.16,5.33,7.14,8.23,8.02,8.28,8.23,8.43,8.77,7.07,8.78,9.39,10.38,10.81,11.49,14.31,55.12,7.56,64.58,8.39,6.71,63.29,9.22,8.4,5.79,24.4,37.62,53.0,,,,0.0,0.0,0.0,0.0,0.0,0.0,1.0,0.0,1.0,0.0
True,2021/6/15 22:00:04,,3925355175375536178,Equ1,2021/6/15 21:04:10,1.0,0.0,0.0,1242.0,0.0,0.0,0.0,0.0,462.26,425.11,447.21,469.58,473.79,461.79,5.07,9.63,11.62,0.0,8.23,5.07,127.72,156.97,166.39,166.91,157.07,124.15,1324.48,1291.89,1315.98,1326.73,1339.18,1324.01,11143.11,34.89,0.03,30411.62,10.46,1.66,2.03,5.16,1885.49,1882.23,1.0,1.0,-2.32,4.05,3.56,3.67,0.0,0.0,3.55,3.57,4.51,3.46,0.0,0.0,0.0,0.0,5.0,12.0,6.0,12.0,6.0,12.0,5.0,12.0,0.0,0.0,271.0,272.0,271.0,274.0,11.74,4.78,5.52,4.89,8.91,6.61,4.3,6.49,5.36,5.98,5.13,5.29,7.12,8.2,8.02,8.22,8.19,8.37,8.69,7.01,8.67,9.22,10.16,10.49,10.91,12.87,53.48,7.56,64.56,8.37,6.7,63.29,9.21,8.39,5.79,24.41,37.59,52.99,,,,0.0,0.0,0.0,0.0,0.0,0.0,1.0,0.0,1.0,0.0
True,2021/6/15 22:00:04,,3925355175375536179,Equ1,2021/6/15 21:04:15,1.0,0.0,0.0,1242.0,0.0,0.0,0.0,0.0,462.26,425.11,447.21,469.58,473.79,461.79,5.08,9.86,11.77,0.0,8.2,5.08,127.04,161.26,165.58,166.83,156.89,123.51,1326.12,1293.76,1317.76,1328.36,1340.77,1325.65,11244.14,26.08,0.05,30539.04,14.38,1.71,2.02,7.1,1921.3,1947.41,1.0,1.0,-2.32,4.05,3.57,3.67,0.0,0.0,3.5,4.13,4.46,3.66,0.0,0.0,0.0,0.0,5.0,12.0,6.0,12.0,6.0,12.0,5.0,12.0,0.0,0.0,272.0,273.0,271.0,274.0,11.77,4.76,5.49,4.88,8.9,6.59,4.29,6.46,5.34,5.95,5.1,5.25,7.11,8.17,8.02,8.11,8.11,8.32,8.61,6.95,8.58,9.09,9.97,10.25,10.48,12.01,17.53,51.82,64.55,8.36,6.69,63.28,9.2,8.37,5.78,24.43,37.56,52.98,,,,0.0,0.0,0.0,0.0,0.0,0.0,1.0,0.0,1.0,0.0
True,2021/6/15 22:00:04,,3925355175375536180,Equ1,2021/6/15 21:04:20,1.0,0.0,0.0,1242.0,0.0,0.0,0.0,0.0,462.26,425.11,447.21,469.58,473.79,461.79,5.15,9.99,11.85,0.0,8.22,5.15,129.37,163.77,166.65,166.72,157.31,124.99,1327.64,1295.33,1319.29,1329.81,1342.25,1327.17,11332.36,23.62,0.05,30730.17,17.04,1.84,2.02,8.42,1902.85,1947.7,1.0,1.0,-2.32,4.05,3.57,3.67,0.0,0.0,4.07,4.05,4.65,3.45,0.0,0.0,0.0,0.0,5.0,12.0,6.0,12.0,6.0,12.0,5.0,12.0,0.0,0.0,272.0,273.0,272.0,275.0,11.79,4.75,5.49,4.87,8.89,6.57,4.29,6.45,5.33,5.94,5.08,5.23,7.1,8.15,8.0,8.08,8.1,8.28,8.55,6.9,8.51,8.99,9.83,10.11,10.21,11.52,12.78,52.33,64.55,8.35,6.69,63.28,9.19,8.37,5.78,24.44,37.52,52.97,,,,0.0,0.0,0.0,0.0,0.0,0.0,1.0,0.0,1.0,0.0
True,2021/6/15 22:00:04,,3925355175375536181,Equ1,2021/6/15 21:04:25,1.0,0.0,0.0,1242.0,0.0,0.0,0.0,0.0,462.26,425.11,447.21,469.58,473.79,461.79,4.9,9.64,11.7,0.0,8.12,4.9,127.78,162.69,172.22,173.99,160.37,127.95,1329.44,1297.04,1321.19,1331.86,1344.2,1328.97,11797.56,24.24,0.05,31314.2,19.68,2.18,2.02,9.72,1890.12,1952.19,1.0,1.0,-2.32,4.05,3.57,3.67,0.0,0.0,3.53,5.7,5.26,3.76,0.0,0.0,0.0,0.0,5.0,12.0,6.0,12.0,6.0,12.0,5.0,12.0,0.0,0.0,273.0,274.0,272.0,275.0,11.81,4.73,5.46,4.86,8.86,6.55,4.27,6.41,5.32,5.91,5.06,5.19,7.08,8.12,7.97,8.04,8.05,8.21,8.48,6.86,8.43,8.88,9.67,9.9,9.92,11.04,11.08,50.25,64.54,8.33,6.69,63.28,9.18,8.35,5.79,24.45,37.57,52.94,,,,0.0,0.0,0.0,0.0,0.0,0.0,1.0,0.0,1.0,0.0
True,2021/6/15 22:00:04,,3925355175375536182,Equ1,2021/6/15 21:04:30,1.0,0.0,0.0,1242.0,0.0,0.0,0.0,0.0,462.26,425.11,447.21,469.58,473.79,461.79,5.0,9.55,11.6,0.0,8.21,5.0,127.72,162.67,172.55,174.42,162.25,129.01,1330.99,1298.39,1322.54,1333.31,1345.73,1330.52,11935.54,22.83,0.06,31441.62,20.16,2.1,2.03,9.96,1913.99,1963.69,1.0,1.0,-2.32,4.04,3.56,3.67,0.0,0.0,3.33,2.76,4.19,4.22,0.0,0.0,0.0,0.0,5.0,12.0,6.0,12.0,6.0,12.0,5.0,12.0,0.0,0.0,273.0,274.0,273.0,276.0,11.83,4.72,5.45,4.84,8.85,6.54,4.27,6.39,5.3,5.89,5.03,5.16,7.07,8.09,7.96,8.0,8.01,8.17,8.42,6.81,8.37,8.78,9.54,9.75,9.7,10.71,10.19,47.15,65.95,8.32,6.68,63.28,9.16,8.33,5.78,24.42,37.57,52.92,,,,0.0,0.0,0.0,0.0,0.0,0.0,1.0,0.0,1.0,0.0
True,2021/6/15 22:00:04,,3925355175375536183,Equ1,2021/6/15 21:04:35,1.0,0.0,0.0,1242.0,0.0,0.0,0.0,0.0,462.26,425.11,447.21,469.58,473.79,461.79,5.07,9.61,11.63,0.0,8.25,5.07,126.19,162.67,172.02,174.26,162.5,129.4,1332.33,1299.72,1323.84,1334.58,1347.04,1331.86,11935.54,25.45,0.05,31346.05,18.97,2.21,2.03,9.37,1882.74,1954.21,1.0,1.0,-2.32,4.04,3.56,3.66,0.0,0.0,4.41,4.9,5.55,3.66,0.0,0.0,0.0,0.0,5.0,12.0,6.0,12.0,6.0,12.0,5.0,12.0,0.0,0.0,274.0,275.0,273.0,276.0,11.85,4.7,5.43,4.84,8.85,6.55,4.27,6.37,5.29,5.86,5.01,5.13,7.06,8.07,7.95,7.99,8.0,8.13,8.36,6.78,8.31,8.69,9.43,9.61,9.52,10.45,9.61,35.44,70.66,8.32,6.67,63.28,9.15,8.33,5.78,24.42,37.57,52.91,,,,0.0,0.0,0.0,0.0,0.0,0.0,1.0,0.0,1.0,0.0
True,2021/6/15 22:00:04,,3925355175375536184,Equ1,2021/6/15 21:04:40,1.0,0.0,0.0,1242.0,0.0,0.0,0.0,0.0,462.26,425.11,447.21,469.58,473.79,461.79,5.13,9.65,11.64,0.0,8.3,5.13,127.42,162.07,171.37,173.54,161.33,127.16,1334.16,1301.54,1325.62,1336.36,1348.87,1333.69,11872.46,25.69,0.05,31282.34,18.74,2.2,2.03,9.25,1905.89,1967.09,1.0,1.0,-2.32,4.04,3.56,3.67,0.0,0.0,3.39,2.78,4.15,3.51,0.0,0.0,0.0,0.0,5.0,12.0,6.0,12.0,6.0,12.0,5.0,12.0,0.0,0.0,274.0,275.0,274.0,277.0,11.87,4.69,5.43,4.83,8.84,6.57,4.26,6.34,5.28,5.84,4.99,5.1,7.05,8.04,7.93,7.96,8.02,8.08,8.3,6.73,8.25,8.61,9.33,9.51,9.37,10.25,9.17,16.85,73.12,60.05,6.67,63.28,9.14,8.32,5.79,24.4,37.54,52.89,,,,0.0,0.0,0.0,0.0,0.0,0.0,1.0,0.0,1.0,0.0
True,2021/6/15 22:00:04,,3925355175375536185,Equ1,2021/6/15 21:04:45,1.0,0.0,0.0,1242.0,0.0,0.0,0.0,0.0,462.26,425.11,447.21,469.58,473.79,461.79,5.15,9.84,11.76,0.0,8.29,5.15,126.81,163.22,168.58,173.21,160.07,125.54,1336.31,1303.85,1327.88,1338.48,1350.99,1335.84,11885.28,24.4,0.05,31048.73,20.36,2.27,2.02,10.06,1904.08,1967.81,1.0,1.0,-2.32,4.05,3.57,3.67,0.0,0.0,4.09,3.5,4.28,3.65,0.0,0.0,0.0,0.0,5.0,12.0,6.0,12.0,6.0,12.0,5.0,12.0,0.0,0.0,275.0,276.0,274.0,277.0,11.9,4.68,5.41,4.82,8.83,6.56,4.25,6.33,5.27,5.82,4.97,5.08,7.05,8.02,7.91,7.93,7.97,8.05,8.28,6.69,8.19,8.54,9.24,9.39,9.22,10.07,8.84,13.67,72.82,35.83,6.67,63.28,9.13,8.32,5.79,24.41,37.51,52.88,,,,0.0,0.0,0.0,0.0,0.0,0.0,1.0,0.0,1.0,0.0
True,2021/6/15 22:00:04,,3925355175375536186,Equ1,2021/6/15 21:04:50,1.0,0.0,0.0,1242.0,0.0,0.0,0.0,0.0,462.26,425.11,447.21,469.58,473.79,461.79,5.05,9.75,11.73,0.0,8.27,5.05,128.7,163.35,168.74,173.5,160.82,126.43,1338.34,1305.89,1329.97,1340.61,1353.09,1337.87,12011.44,24.01,0.05,31218.63,22.87,2.51,2.02,11.3,1919.42,2000.0,1.0,1.0,-2.32,4.05,3.57,3.67,0.0,0.0,3.67,3.19,4.16,3.55,0.0,0.0,0.0,0.0,5.0,12.0,6.0,12.0,6.0,12.0,5.0,12.0,0.0,0.0,275.0,276.0,275.0,278.0,11.92,4.67,5.39,4.81,8.81,6.57,4.24,6.31,5.27,5.81,4.94,5.05,7.04,8.0,7.89,7.91,7.93,8.01,8.22,6.67,8.15,8.45,9.15,9.3,9.1,9.91,8.57,12.3,72.78,22.44,49.33,63.26,9.1,8.3,5.79,24.42,37.55,52.86,,,,0.0,0.0,0.0,0.0,0.0,0.0,1.0,0.0,1.0,0.0
True,2021/6/15 22:00:04,,3925355175375536187,Equ1,2021/6/15 21:04:55,1.0,0.0,0.0,1242.0,0.0,0.0,0.0,0.0,462.26,425.11,447.21,469.58,473.79,461.79,4.99,9.46,11.54,0.0,8.28,4.99,128.1,162.62,172.21,174.23,162.17,129.69,1339.8,1307.12,1331.3,1342.13,1354.63,1339.33,12174.55,27.06,0.05,31441.62,22.34,2.76,2.02,11.04,1913.92,1948.93,1.0,1.0,-2.32,4.04,3.56,3.67,0.0,0.0,3.54,3.62,4.04,3.7,0.0,0.0,0.0,0.0,5.0,12.0,6.0,12.0,6.0,12.0,5.0,12.0,0.0,0.0,276.0,277.0,275.0,278.0,11.94,4.66,5.38,4.8,8.8,6.56,4.23,6.29,5.25,5.78,4.92,5.02,7.04,7.98,7.89,7.89,7.9,7.97,8.18,6.63,8.1,8.39,9.07,9.19,9.0,9.75,8.36,11.5,72.75,18.45,47.35,63.25,9.09,8.3,5.79,24.43,37.62,52.84,,,,0.0,0.0,0.0,0.0,0.0,0.0,1.0,0.0,1.0,0.0
True,2021/6/15 22:00:04,,3925355175375536188,Equ1,2021/6/15 21:05:00,1.0,0.0,0.0,1242.0,0.0,0.0,0.0,0.0,462.26,425.11,447.21,469.58,473.79,461.79,5.06,9.48,11.56,0.0,8.36,5.06,126.59,162.5,172.54,174.2,162.5,129.6,1341.2,1308.47,1332.64,1343.45,1356.03,1340.73,12161.74,26.3,0.05,31377.91,20.29,2.43,2.03,10.01,1918.98,1951.68,1.0,1.0,-2.32,4.04,3.56,3.67,0.0,0.0,3.59,3.69,4.24,3.81,0.0,0.0,0.0,0.0,5.0,12.0,6.0,12.0,6.0,12.0,5.0,12.0,0.0,0.0,276.0,277.0,276.0,279.0,11.96,4.65,5.37,4.78,8.79,6.56,4.23,6.27,5.24,5.77,4.9,4.99,7.03,7.96,7.87,7.86,7.86,7.94,8.12,6.59,8.06,8.33,8.99,9.12,8.89,9.61,8.17,10.94,72.73,16.39,33.04,63.81,9.09,8.29,5.78,24.41,37.63,52.82,,,,0.0,0.0,0.0,0.0,0.0,0.0,1.0,0.0,1.0,0.0
True,2021/6/15 22:00:04,,3925355175375536189,Equ1,2021/6/15 21:05:05,1.0,0.0,0.0,1242.0,0.0,0.0,0.0,0.0,462.26,425.11,447.21,469.58,473.79,461.79,5.1,9.49,11.54,0.0,8.38,5.1,126.76,162.05,171.9,173.77,161.85,128.46,1342.89,1310.13,1334.28,1345.11,1357.7,1342.42,12098.65,30.12,0.04,31346.05,18.71,2.57,2.03,9.24,1902.99,1991.03,1.0,1.0,-2.32,4.05,3.56,3.67,0.0,0.0,3.54,3.44,4.74,3.67,0.0,0.0,0.0,0.0,5.0,12.0,6.0,12.0,6.0,12.0,5.0,12.0,0.0,0.0,277.0,278.0,276.0,279.0,11.98,4.65,5.36,4.78,8.78,6.56,4.23,6.26,5.24,5.76,4.89,4.97,7.04,7.95,7.86,7.85,7.84,7.92,8.07,6.57,8.02,8.28,8.93,9.05,8.81,9.51,8.03,10.56,72.71,15.03,14.2,68.0,9.1,8.29,5.79,24.4,37.62,52.8,,,,0.0,0.0,0.0,0.0,0.0,0.0,1.0,0.0,1.0,0.0
True,2021/6/15 22:00:04,,3925355175375536190,Equ1,2021/6/15 21:05:10,1.0,0.0,0.0,1242.0,0.0,0.0,0.0,0.0,462.26,425.11,447.21,469.58,473.79,461.79,5.22,9.69,11.62,0.0,8.43,5.22,127.53,162.69,169.34,173.05,160.16,125.32,1345.11,1312.43,1336.45,1347.2,1359.84,1344.64,11897.09,28.19,0.05,31080.59,19.79,2.55,2.02,9.77,1884.62,1933.74,1.0,1.0,-2.32,4.05,3.56,3.67,0.0,0.0,3.77,4.6,4.19,3.56,0.0,0.0,0.0,0.0,5.0,12.0,6.0,12.0,6.0,12.0,5.0,12.0,0.0,0.0,277.0,278.0,277.0,280.0,12.0,4.66,5.37,4.79,8.79,6.56,4.23,6.25,5.25,5.75,4.88,4.96,7.04,7.95,7.87,7.85,7.81,7.89,8.03,6.54,7.99,8.22,8.87,9.0,8.74,9.41,7.9,10.25,72.71,14.14,11.92,71.51,9.11,8.32,5.79,24.37,37.58,52.78,,,,0.0,0.0,0.0,0.0,0.0,0.0,1.0,0.0,1.0,0.0
True,2021/6/15 22:00:04,,3925355175375536191,Equ1,2021/6/15 21:05:15,1.0,0.0,0.0,1242.0,0.0,0.0,0.0,0.0,462.26,425.11,447.21,469.58,473.79,461.79,5.2,9.79,11.76,0.0,8.39,5.2,128.12,162.82,168.19,173.02,160.36,125.55,1347.25,1314.7,1338.77,1349.38,1361.98,1346.78,12061.21,23.3,0.06,31080.59,23.08,2.46,2.02,11.4,1915.0,1944.3,1.0,1.0,-2.32,4.05,3.56,3.67,0.0,0.0,3.64,3.47,4.3,3.7,0.0,0.0,0.0,0.0,5.0,12.0,6.0,12.0,6.0,12.0,5.0,12.0,0.0,0.0,278.0,279.0,277.0,280.0,12.03,4.64,5.34,4.77,8.77,6.55,4.21,6.23,5.24,5.73,4.86,4.92,7.03,7.93,7.85,7.82,7.78,7.85,7.96,6.49,7.96,8.19,8.81,8.92,8.67,9.32,7.77,9.99,72.69,13.45,10.88,69.69,60.21,8.28,5.78,24.4,37.55,52.77,,,,0.0,0.0,0.0,0.0,0.0,0.0,1.0,0.0,1.0,0.0
True,2021/6/15 22:00:04,,3925355175375536192,Equ1,2021/6/15 21:05:20,1.0,0.0,0.0,1242.0,0.0,0.0,0.0,0.0,462.26,425.11,447.21,469.58,473.79,461.79,5.06,9.69,11.81,0.0,8.36,5.06,128.57,162.18,170.95,173.86,162.34,128.1,1349.03,1316.52,1340.73,1351.29,1363.86,1348.56,12237.64,24.23,0.05,31346.05,24.06,2.66,2.02,11.88,1911.53,1979.74,1.0,1.0,-2.32,4.04,3.56,3.66,0.0,0.0,3.82,3.25,4.63,4.11,0.0,0.0,0.0,0.0,5.0,12.0,6.0,12.0,6.0,12.0,5.0,12.0,0.0,0.0,278.0,279.0,278.0,281.0,12.05,4.62,5.32,4.76,8.76,6.55,4.21,6.21,5.24,5.72,4.84,4.89,7.03,7.92,7.84,7.81,7.75,7.84,7.91,6.45,7.92,8.13,8.74,8.87,8.6,9.24,7.66,9.76,72.67,12.93,10.28,69.4,59.74,8.28,5.78,24.43,37.59,52.75,,,,0.0,0.0,0.0,0.0,0.0,0.0,1.0,0.0,1.0,0.0
True,2021/6/15 22:00:04,,3925355175375536193,Equ1,2021/6/15 21:05:25,1.0,0.0,0.0,1242.0,0.0,0.0,0.0,0.0,462.26,425.11,447.21,469.58,473.79,461.79,5.0,9.47,11.6,0.0,8.37,5.0,127.78,163.06,173.61,174.52,162.5,129.33,1350.14,1317.46,1341.69,1352.46,1365.04,1349.67,12300.22,30.61,0.04,31484.09,20.46,2.86,2.02,10.11,1920.65,1974.54,1.0,1.0,-2.32,4.04,3.56,3.67,0.0,0.0,4.18,3.51,4.38,3.67,0.0,0.0,0.0,0.0,5.0,12.0,6.0,12.0,6.0,12.0,5.0,12.0,0.0,0.0,279.0,280.0,278.0,281.0,12.07,4.62,5.31,4.75,8.75,6.55,4.2,6.19,5.23,5.72,4.83,4.86,7.02,7.9,7.82,7.8,7.72,7.8,7.88,6.41,7.89,8.1,8.69,8.8,8.53,9.16,7.57,9.59,72.64,12.51,9.87,69.27,24.81,8.26,5.8,24.42,37.66,52.71,,,,0.0,0.0,0.0,0.0,0.0,0.0,1.0,0.0,1.0,0.0
True,2021/6/15 22:00:04,,3925355175375536194,Equ1,2021/6/15 21:05:30,1.0,0.0,0.0,1242.0,0.0,0.0,0.0,0.0,462.26,425.11,447.21,469.58,473.79,461.79,5.07,9.52,11.63,0.0,8.41,5.07,129.49,162.43,172.21,173.99,162.4,128.26,1351.87,1319.17,1343.38,1354.12,1366.74,1351.4,12287.4,28.78,0.05,31377.91,19.95,2.62,2.02,9.85,1942.56,1945.96,1.0,1.0,-2.32,4.04,3.56,3.67,0.0,0.0,3.67,3.34,4.55,3.86,0.0,0.0,0.0,0.0,5.0,12.0,6.0,12.0,6.0,12.0,5.0,12.0,0.0,0.0,279.0,280.0,279.0,282.0,12.09,4.59,5.3,4.73,8.74,6.54,4.2,6.18,5.23,5.72,4.8,4.88,7.0,7.89,7.8,7.78,7.69,7.78,7.83,6.38,7.85,8.06,8.76,8.74,8.47,9.07,7.49,9.44,72.63,12.11,9.54,69.18,19.2,52.25,5.78,24.42,37.66,52.69,,,,0.0,0.0,0.0,0.0,0.0,0.0,1.0,0.0,1.0,0.0
True,2021/6/15 22:00:04,,3925355175375536195,Equ1,2021/6/15 21:05:35,1.0,0.0,0.0,1242.0,0.0,0.0,0.0,0.0,462.26,425.11,447.21,469.58,473.79,461.79,5.1,9.49,11.61,0.0,8.47,5.1,128.21,162.67,171.77,173.22,162.14,127.95,1353.38,1320.63,1344.84,1355.6,1368.28,1352.91,12212.0,31.37,0.04,31377.91,19.0,2.72,2.03,9.38,1914.42,1955.08,1.0,1.0,-2.32,4.05,3.56,3.67,0.0,0.0,3.68,3.02,4.52,3.68,0.0,0.0,0.0,0.0,5.0,12.0,6.0,12.0,6.0,12.0,5.0,12.0,0.0,0.0,280.0,281.0,279.0,282.0,12.11,4.59,5.3,4.73,8.73,6.54,4.19,6.17,5.23,5.71,4.79,4.85,7.0,7.87,7.81,7.78,7.67,7.77,7.8,6.35,7.82,8.03,8.7,8.7,8.42,9.03,7.43,9.33,72.62,11.86,9.33,69.13,17.28,52.53,5.78,24.41,37.66,52.67,,,,0.0,0.0,0.0,0.0,0.0,0.0,1.0,0.0,1.0,0.0
True,2021/6/15 22:00:04,,3925355175375536196,Equ1,2021/6/15 21:05:40,1.0,0.0,0.0,1242.0,0.0,0.0,0.0,0.0,462.26,425.11,447.21,469.58,473.79,461.79,5.17,9.56,11.61,0.0,8.48,5.17,127.63,162.4,169.73,173.35,160.04,125.1,1355.62,1322.87,1347.02,1357.78,1370.47,1355.15,11959.67,29.52,0.04,31080.59,20.53,2.77,2.03,10.14,1881.8,1960.29,1.0,1.0,-2.32,4.05,3.57,3.67,0.0,0.0,3.63,3.96,4.5,3.59,0.0,0.0,0.0,0.0,5.0,12.0,6.0,12.0,6.0,12.0,5.0,12.0,0.0,0.0,280.0,281.0,280.0,283.0,12.13,46.83,5.29,4.72,8.72,6.53,4.19,6.15,5.22,5.69,4.77,4.8,6.89,7.86,7.8,7.76,7.65,7.74,7.75,6.32,7.79,7.98,8.59,8.67,8.37,8.96,7.36,9.21,72.61,11.58,9.12,69.09,15.86,30.56,5.78,24.38,37.57,52.64,,,,0.0,0.0,0.0,0.0,0.0,0.0,1.0,0.0,1.0,0.0
True,2021/6/15 22:00:04,,3925355175375536197,Equ1,2021/6/15 21:05:45,1.0,0.0,0.0,1242.0,0.0,0.0,0.0,0.0,462.26,425.11,447.21,469.58,473.79,461.79,5.22,9.72,11.71,0.0,8.49,5.22,127.01,162.8,167.82,173.25,159.9,124.49,1357.83,1325.19,1349.28,1359.94,1372.64,1357.36,12035.57,23.92,0.05,30985.02,23.86,2.61,2.02,11.78,1916.31,2000.0,1.0,1.0,-2.32,4.05,3.57,3.67,0.0,0.0,3.56,5.85,4.66,3.68,0.0,0.0,0.0,0.0,5.0,12.0,6.0,12.0,6.0,12.0,5.0,12.0,0.0,0.0,281.0,282.0,280.0,283.0,12.16,43.44,5.27,4.71,8.71,6.53,4.18,6.14,5.21,5.67,4.75,4.75,6.9,7.85,7.78,7.74,7.63,7.72,7.71,6.29,7.74,7.93,8.52,8.61,8.32,8.91,7.29,9.1,72.59,11.34,8.95,69.05,14.92,19.69,5.79,24.39,37.61,52.63,,,,0.0,0.0,0.0,0.0,0.0,0.0,1.0,0.0,1.0,0.0
True,2021/6/15 22:00:04,,3925355175375536198,Equ1,2021/6/15 21:05:50,1.0,0.0,0.0,1242.0,0.0,0.0,0.0,0.0,462.26,425.11,447.21,469.58,473.79,461.79,5.14,9.69,11.84,0.0,8.48,5.14,128.39,162.89,171.83,174.05,162.88,128.31,1359.57,1326.98,1351.23,1361.76,1374.45,1359.1,12300.22,25.82,0.05,31409.76,23.86,2.81,2.03,11.78,1906.68,1981.19,1.0,1.0,-2.32,4.05,3.56,3.67,0.0,0.0,3.6,3.95,4.5,3.79,0.0,0.0,0.0,0.0,5.0,12.0,6.0,12.0,6.0,12.0,5.0,12.0,0.0,0.0,281.0,282.0,281.0,284.0,12.18,33.61,33.37,4.7,8.7,6.52,4.17,6.12,5.2,5.65,4.72,4.69,6.94,7.95,7.76,7.73,7.6,7.7,7.67,6.26,7.71,7.89,8.48,8.57,8.19,8.86,7.22,8.99,72.56,11.12,8.8,69.02,14.2,16.7,5.79,24.42,37.62,52.61,,,,0.0,0.0,0.0,0.0,0.0,0.0,1.0,0.0,1.0,0.0
True,2021/6/15 22:00:04,,3925355175375536199,Equ1,2021/6/15 21:05:55,1.0,0.0,0.0,1242.0,0.0,0.0,0.0,0.0,462.26,425.11,447.21,469.58,473.79,461.79,5.11,9.5,11.67,0.0,8.51,5.11,127.11,163.82,173.1,175.17,163.28,130.05,1360.52,1327.76,1352.03,1362.73,1375.45,1360.05,12350.48,30.31,0.04,31547.8,21.09,2.92,2.03,10.42,1925.2,1964.27,1.0,1.0,-2.32,4.04,3.56,3.66,0.0,0.0,3.59,3.63,4.62,3.68,0.0,0.0,0.0,0.0,5.0,12.0,6.0,12.0,6.0,12.0,5.0,12.0,0.0,0.0,282.0,283.0,281.0,284.0,12.2,9.68,41.23,4.7,8.7,6.53,4.17,6.11,5.2,5.64,4.71,4.7,7.11,8.02,7.77,7.73,7.59,7.69,7.64,6.23,7.69,7.86,8.45,8.54,8.25,8.82,7.18,8.9,72.55,10.94,8.69,69.0,13.72,15.14,5.79,24.4,37.68,52.59,,,,0.0,0.0,0.0,0.0,0.0,0.0,1.0,0.0,1.0,0.0
True,2021/6/15 22:00:04,,3925355175375536200,Equ1,2021/6/15 21:06:00,1.0,0.0,0.0,1242.0,0.0,0.0,0.0,0.0,462.26,425.11,447.21,469.58,473.79,461.79,5.21,9.61,11.7,0.0,8.55,5.21,127.62,162.85,172.7,174.09,162.23,128.8,1361.62,1328.87,1353.06,1363.73,1376.49,1361.15,12287.4,32.76,0.04,31441.62,16.89,2.52,2.03,8.33,1885.99,1932.51,1.0,1.0,-2.32,4.04,3.55,3.66,0.0,0.0,3.6,2.82,4.5,3.68,0.0,0.0,0.0,0.0,5.0,12.0,6.0,12.0,6.0,12.0,5.0,12.0,0.0,0.0,282.0,283.0,282.0,285.0,12.22,8.02,41.66,4.69,8.7,6.53,4.17,6.1,5.2,5.62,4.69,4.67,7.1,7.99,7.77,7.72,7.57,7.67,7.62,6.21,7.66,7.83,8.43,8.49,8.26,8.77,7.12,8.82,72.55,10.78,8.6,68.99,13.33,14.1,5.79,24.4,37.66,52.58,,,,0.0,0.0,0.0,0.0,0.0,0.0,1.0,0.0,1.0,0.0
True,2021/6/15 22:00:04,,3925355175375536201,Equ1,2021/6/15 21:06:05,1.0,0.0,0.0,1242.0,0.0,0.0,0.0,0.0,462.26,425.11,447.21,469.58,473.79,461.79,5.24,9.62,11.72,0.0,8.57,5.24,125.45,162.21,171.82,173.76,161.69,128.54,1362.88,1330.11,1354.31,1364.96,1377.74,1362.41,12275.08,39.24,0.03,31314.2,13.99,2.51,2.02,6.91,1898.29,1952.62,1.0,1.0,-2.32,4.04,3.55,3.67,0.0,0.0,4.13,7.6,4.74,3.67,0.0,0.0,0.0,0.0,5.0,12.0,6.0,12.0,6.0,12.0,5.0,12.0,0.0,0.0,283.0,284.0,282.0,285.0,12.24,7.33,14.09,50.69,8.68,6.52,4.16,6.08,5.2,5.61,4.67,4.64,7.08,7.89,7.75,7.7,7.55,7.66,7.58,6.19,7.63,7.8,8.39,8.44,8.34,8.75,7.07,8.74,72.52,10.62,8.51,68.97,12.99,13.38,5.78,24.39,37.65,52.56,,,,0.0,0.0,0.0,0.0,0.0,0.0,1.0,0.0,1.0,0.0
True,2021/6/15 22:00:04,,3925355175375536202,Equ1,2021/6/15 21:06:10,1.0,0.0,0.0,1242.0,0.0,0.0,0.0,0.0,462.26,425.11,447.21,469.58,473.79,461.79,5.34,9.77,11.82,0.0,8.62,5.34,128.5,162.83,172.05,173.99,162.37,128.83,1364.56,1331.84,1355.99,1366.54,1379.37,1364.09,12186.87,35.32,0.04,31441.62,14.63,2.36,2.03,7.23,1914.71,1990.45,1.0,1.0,-2.32,4.05,3.56,3.67,0.0,0.0,3.69,3.79,4.5,3.68,0.0,0.0,0.0,0.0,5.0,12.0,6.0,12.0,6.0,12.0,5.0,12.0,0.0,0.0,283.0,284.0,283.0,286.0,12.26,6.92,10.98,22.81,8.68,6.52,4.16,6.07,5.19,5.6,4.66,4.62,7.07,7.86,7.75,7.7,7.53,7.64,7.55,6.17,7.61,7.77,8.36,8.41,8.29,8.67,7.04,8.67,72.51,10.48,8.42,68.96,12.69,12.84,5.79,24.38,37.61,52.55,,,,0.0,0.0,0.0,0.0,0.0,0.0,1.0,0.0,1.0,0.0
True,2021/6/15 22:00:04,,3925355175375536203,Equ1,2021/6/15 21:06:15,1.0,0.0,0.0,1242.0,0.0,0.0,0.0,0.0,462.26,425.11,447.21,469.58,473.79,461.79,5.32,9.89,11.97,0.0,8.6,5.32,128.24,163.08,171.18,173.68,161.99,128.18,1366.32,1333.75,1357.93,1368.32,1381.13,1365.85,12313.04,27.14,0.05,31346.05,17.74,2.2,2.03,8.76,1915.44,1949.58,1.0,1.0,-2.32,4.05,3.56,3.67,0.0,0.0,4.15,4.08,4.74,3.69,0.0,0.0,0.0,0.0,5.0,12.0,6.0,12.0,6.0,12.0,5.0,12.0,0.0,0.0,284.0,285.0,283.0,287.0,12.3,6.63,9.69,11.11,54.63,6.52,4.14,6.05,5.19,5.59,4.64,4.59,7.07,7.85,7.74,7.69,7.52,7.64,7.51,6.15,7.58,7.74,8.34,8.38,8.23,8.65,7.04,8.6,72.49,10.36,8.36,68.95,12.45,12.41,5.78,24.41,37.59,52.54,,,,0.0,0.0,0.0,0.0,0.0,0.0,0.0,0.0,1.0,0.0
True,2021/6/15 22:00:04,,3925355175375536204,Equ1,2021/6/15 21:06:20,1.0,0.0,0.0,1242.0,0.0,0.0,0.0,0.0,462.26,425.11,447.21,469.58,473.79,461.79,5.19,9.73,11.87,0.0,8.55,5.19,126.23,163.17,173.02,174.28,162.33,129.54,1367.56,1334.95,1359.19,1369.69,1382.45,1367.09,12375.62,30.26,0.04,31409.76,17.96,2.48,2.02,8.88,1927.66,1941.26,1.0,1.0,-2.32,4.05,3.56,3.66,0.0,0.0,3.7,3.05,4.5,3.76,0.0,0.0,0.0,0.0,5.0,12.0,6.0,12.0,6.0,12.0,5.0,12.0,0.0,0.0,284.0,285.0,284.0,287.0,12.31,6.44,9.0,9.31,56.01,6.52,4.15,6.05,5.19,5.58,4.64,4.57,7.05,7.85,7.73,7.69,7.51,7.63,7.49,6.12,7.56,7.71,8.3,8.34,8.19,8.63,7.05,8.54,72.47,10.25,8.29,68.94,12.23,12.06,5.79,24.41,37.63,52.53,,,,0.0,0.0,0.0,0.0,0.0,0.0,0.0,0.0,1.0,0.0
True,2021/6/15 22:00:04,,3925355175375536205,Equ1,2021/6/15 21:06:25,1.0,0.0,0.0,1242.0,0.0,0.0,0.0,0.0,462.26,425.11,447.21,469.58,473.79,461.79,5.23,9.61,11.75,0.0,8.6,5.23,127.05,163.45,172.74,175.51,163.14,129.79,1368.25,1335.49,1359.72,1370.34,1383.15,1367.78,12362.8,32.65,0.04,31558.42,15.97,2.38,2.03,7.88,1906.25,1954.72,1.0,1.0,-2.32,4.04,3.55,3.66,0.0,0.0,3.71,4.8,4.52,3.67,0.0,0.0,0.0,0.0,5.0,12.0,6.0,12.0,6.0,12.0,5.0,12.0,0.0,0.0,285.0,286.0,284.0,288.0,12.34,6.27,8.52,8.45,55.91,6.52,4.14,6.04,5.19,5.57,4.62,4.56,7.05,7.83,7.72,7.67,7.49,7.61,7.47,6.11,7.53,7.69,8.28,8.32,8.14,8.6,7.01,8.48,72.45,10.16,8.24,68.92,12.05,11.77,5.78,24.4,37.62,52.52,,,,0.0,0.0,0.0,0.0,0.0,0.0,0.0,0.0,1.0,0.0
True,2021/6/15 22:00:04,,3925355175375536206,Equ1,2021/6/15 21:06:30,1.0,0.0,0.0,1242.0,0.0,0.0,0.0,0.0,462.26,425.11,447.21,469.58,473.79,461.79,5.33,9.84,11.95,0.0,8.63,5.33,128.52,162.4,172.47,174.26,162.67,128.91,1369.23,1336.59,1360.8,1371.22,1384.06,1368.76,12287.4,37.01,0.04,31473.47,13.24,2.24,2.02,6.54,1920.21,1879.48,1.0,1.0,-2.32,4.04,3.55,3.66,0.0,0.0,3.69,2.88,4.49,3.72,0.0,0.0,0.0,0.0,5.0,12.0,6.0,12.0,6.0,12.0,5.0,12.0,0.0,0.0,285.0,286.0,284.0,288.0,12.34,6.13,8.15,7.89,18.18,49.3,4.14,6.02,5.18,5.56,4.61,4.54,7.04,7.82,7.71,7.65,7.47,7.59,7.44,6.09,7.51,7.67,8.25,8.29,8.09,8.56,6.93,8.44,72.44,10.06,8.19,68.92,11.89,11.51,5.79,24.39,37.61,52.51,,,,0.0,0.0,0.0,0.0,0.0,0.0,0.0,0.0,1.0,0.0
True,2021/6/15 22:00:04,,3925355175375536207,Equ1,2021/6/15 21:06:35,1.0,0.0,0.0,1242.0,0.0,0.0,0.0,0.0,462.26,425.11,447.21,469.58,473.79,461.79,5.33,9.89,11.95,0.0,8.64,5.33,127.91,162.44,171.59,173.74,161.75,128.2,1370.65,1338.06,1362.22,1372.64,1385.49,1370.18,12262.27,38.85,0.03,31346.05,12.74,2.26,2.02,6.29,1920.86,1938.01,1.0,1.0,-2.32,4.05,3.56,3.67,0.0,0.0,3.65,3.56,4.49,3.19,0.0,0.0,0.0,0.0,5.0,12.0,6.0,12.0,6.0,12.0,5.0,12.0,0.0,0.0,286.0,287.0,285.0,289.0,12.38,6.02,7.89,7.52,14.9,37.0,4.13,6.01,5.17,5.55,4.61,4.53,7.04,7.81,7.7,7.64,7.44,7.59,7.41,6.08,7.49,7.64,8.23,8.26,8.05,8.54,6.9,8.4,72.43,9.97,8.15,68.91,11.75,11.3,5.79,24.4,37.61,52.5,,,,0.0,0.0,0.0,0.0,0.0,0.0,0.0,0.0,1.0,0.0
True,2021/6/15 22:00:04,,3925355175375536208,Equ1,2021/6/15 21:06:40,1.0,0.0,0.0,1242.0,0.0,0.0,0.0,0.0,462.26,425.11,447.21,469.58,473.79,461.79,5.39,9.94,12.02,0.0,8.66,5.39,126.97,162.72,172.35,173.89,162.46,128.83,1372.32,1339.72,1363.91,1374.25,1387.12,1371.85,12262.27,32.6,0.04,31377.91,14.3,2.13,2.03,7.06,1924.12,1997.83,1.0,1.0,-2.32,4.05,3.56,3.67,0.0,0.0,3.69,3.36,4.49,3.83,0.0,0.0,0.0,0.0,5.0,12.0,6.0,12.0,6.0,12.0,5.0,12.0,0.0,0.0,286.0,287.0,285.0,289.0,12.38,5.93,7.67,7.25,13.43,13.89,4.13,6.0,5.17,5.54,4.59,4.51,7.04,7.8,7.7,7.64,7.44,7.58,7.39,6.06,7.47,7.63,8.2,8.24,8.02,8.5,6.88,8.36,72.42,9.89,8.11,68.91,11.61,11.12,5.78,24.39,37.59,52.49,,,,0.0,0.0,0.0,0.0,0.0,0.0,0.0,0.0,1.0,0.0
True,2021/6/15 22:00:04,,3925355175375536209,Equ1,2021/6/15 21:06:45,1.0,0.0,0.0,1242.0,0.0,0.0,0.0,0.0,462.26,425.11,447.21,469.58,473.79,461.79,5.35,9.95,12.05,0.0,8.65,5.35,128.54,163.15,172.41,174.09,162.4,129.4,1373.51,1340.96,1365.17,1375.48,1388.34,1373.04,12413.57,27.96,0.05,31441.62,17.02,2.17,2.02,8.41,1901.77,1899.38,1.0,1.0,-2.32,4.05,3.56,3.67,0.0,0.0,4.02,3.03,4.73,3.67,0.0,0.0,0.0,0.0,5.0,12.0,6.0,12.0,6.0,12.0,5.0,12.0,0.0,0.0,287.0,288.0,286.0,290.0,12.43,5.87,7.52,7.05,12.77,11.83,4.14,5.99,5.17,5.54,4.59,4.5,7.04,7.79,7.7,7.64,7.45,7.58,7.38,6.05,7.46,7.62,8.19,8.23,7.99,8.49,6.87,8.32,72.44,9.83,8.07,68.9,11.52,10.98,5.79,24.41,37.6,52.49,,,,0.0,0.0,0.0,0.0,0.0,0.0,0.0,0.0,1.0,0.0
True,2021/6/15 22:00:04,,3925355175375536210,Equ1,2021/6/15 21:06:50,1.0,0.0,0.0,1242.0,0.0,0.0,0.0,0.0,462.26,425.11,447.21,469.58,473.79,461.79,5.27,9.84,11.97,0.0,8.64,5.27,125.82,162.86,172.37,174.28,162.62,129.15,1374.72,1342.14,1366.37,1376.76,1389.61,1374.25,12425.88,30.38,0.04,31377.91,17.17,2.38,2.02,8.49,1900.68,1919.2,1.0,1.0,-2.32,4.04,3.56,3.66,0.0,0.0,3.72,3.92,4.51,3.85,0.0,0.0,0.0,0.0,5.0,12.0,6.0,12.0,6.0,12.0,5.0,12.0,0.0,0.0,287.0,288.0,286.0,290.0,12.43,5.8,7.37,6.87,12.19,10.73,4.13,5.98,5.17,5.53,4.58,4.5,7.05,7.78,7.69,7.64,7.46,7.58,7.36,6.05,7.44,7.59,8.17,8.21,7.96,8.46,6.85,8.27,72.45,9.76,8.04,68.91,11.41,10.84,5.79,24.41,37.64,52.47,,,,0.0,0.0,0.0,0.0,0.0,0.0,0.0,0.0,1.0,0.0
True,2021/6/15 22:00:04,,3925355175375536211,Equ1,2021/6/15 21:06:55,1.0,0.0,0.0,1242.0,0.0,0.0,0.0,0.0,462.26,425.11,447.21,469.58,473.79,461.79,5.35,9.71,11.83,0.0,8.73,5.35,126.74,162.79,172.6,174.68,162.69,129.3,1375.82,1343.04,1367.26,1377.8,1390.74,1375.35,12286.9,32.71,0.04,31484.09,16.01,2.39,2.03,7.9,1899.16,1950.95,1.0,1.0,-2.32,4.04,3.55,3.67,0.0,0.0,4.14,3.8,4.29,3.68,0.0,0.0,0.0,0.0,5.0,12.0,6.0,12.0,6.0,12.0,5.0,12.0,0.0,0.0,288.0,289.0,287.0,291.0,12.47,5.75,7.24,6.71,11.76,10.08,4.11,64.45,5.17,5.52,4.58,4.49,7.04,7.77,7.67,7.62,7.45,7.56,7.35,6.04,7.43,7.58,8.16,8.19,7.94,8.43,6.82,8.23,72.44,9.69,8.01,68.91,11.3,10.72,5.78,24.38,37.67,52.46,,,,0.0,0.0,0.0,0.0,0.0,0.0,0.0,0.0,1.0,0.0
True,2021/6/15 22:00:04,,3925355175375536212,Equ1,2021/6/15 21:07:00,1.0,0.0,0.0,1242.0,0.0,0.0,0.0,0.0,462.26,425.11,447.21,469.58,473.79,461.79,5.45,9.9,11.93,0.0,8.74,5.45,129.43,162.7,172.48,174.52,162.49,129.28,1377.12,1344.42,1368.56,1378.99,1391.94,1376.65,12324.85,34.78,0.04,31484.09,14.58,2.32,2.02,7.2,1920.5,1934.46,1.0,1.0,-2.32,4.04,3.56,3.67,0.0,0.0,3.7,4.05,4.55,3.76,0.0,0.0,0.0,0.0,5.0,12.0,6.0,12.0,6.0,12.0,5.0,12.0,0.0,0.0,288.0,289.0,287.0,291.0,12.47,5.68,7.1,6.57,11.41,9.62,4.11,62.36,5.17,5.51,4.57,4.48,7.03,7.75,7.65,7.6,7.44,7.55,7.36,6.02,7.4,7.55,8.13,8.17,7.9,8.4,6.8,8.19,72.42,9.63,7.97,68.89,11.2,10.58,5.79,24.37,37.62,52.45,,,,0.0,0.0,0.0,0.0,0.0,0.0,0.0,0.0,1.0,0.0
True,2021/6/15 22:00:04,,3925355175375536213,Equ1,2021/6/15 21:07:05,1.0,0.0,0.0,1242.0,0.0,0.0,0.0,0.0,462.26,425.11,447.21,469.58,473.79,461.79,5.44,9.86,11.93,0.0,8.75,5.44,127.13,162.56,171.27,173.24,161.36,127.6,1378.83,1346.1,1370.27,1380.71,1393.67,1378.36,12286.9,35.83,0.04,31239.87,14.96,2.45,2.03,7.38,1930.34,1956.67,1.0,1.0,-2.32,4.05,3.56,3.67,0.0,0.0,3.93,3.04,4.33,3.62,0.0,0.0,0.0,0.0,5.0,12.0,6.0,12.0,6.0,12.0,5.0,12.0,0.0,0.0,289.0,290.0,288.0,292.0,12.51,5.63,6.99,6.45,11.11,9.27,4.11,27.89,44.17,5.49,4.54,4.46,7.01,7.74,7.63,7.59,7.43,7.53,7.34,6.05,7.38,7.53,8.11,8.15,7.88,8.37,6.78,8.15,72.41,9.57,7.92,68.85,11.09,10.46,5.79,24.38,37.63,52.44,,,,0.0,0.0,0.0,0.0,0.0,0.0,0.0,0.0,1.0,0.0
True,2021/6/15 22:00:04,,3925355175375536214,Equ1,2021/6/15 21:07:10,1.0,0.0,0.0,1242.0,0.0,0.0,0.0,0.0,462.26,425.11,447.21,469.58,473.79,461.79,5.51,9.92,11.93,0.0,8.78,5.51,128.04,162.34,171.93,173.84,162.36,127.95,1380.72,1347.98,1372.09,1382.53,1395.52,1380.25,12211.5,26.83,0.05,31346.05,18.0,2.2,2.03,8.88,1900.39,1939.38,1.0,1.0,-2.32,4.05,3.56,3.67,0.0,0.0,3.7,4.05,4.36,3.85,0.0,0.0,0.0,0.0,5.0,12.0,6.0,12.0,6.0,12.0,5.0,12.0,0.0,0.0,289.0,290.0,288.0,292.0,12.51,5.58,6.89,6.35,10.89,9.01,4.11,17.73,43.55,5.47,4.54,4.44,7.01,7.73,7.63,7.59,7.42,7.53,7.33,6.02,7.37,7.52,8.09,8.13,7.85,8.34,6.77,8.12,72.4,9.51,7.88,68.85,11.01,10.36,5.79,24.36,37.61,52.44,,,,0.0,0.0,0.0,0.0,0.0,0.0,0.0,0.0,1.0,0.0
True,2021/6/15 22:00:04,,3925355175375536215,Equ1,2021/6/15 21:07:15,1.0,0.0,0.0,1242.0,0.0,0.0,0.0,0.0,462.26,425.11,447.21,469.58,473.79,461.79,5.45,10.02,12.09,0.0,8.77,5.45,128.33,162.6,171.33,173.5,161.92,128.08,1382.52,1349.94,1374.11,1384.39,1397.37,1382.05,12362.8,26.02,0.05,31271.72,20.13,2.39,2.03,9.94,1904.73,1944.66,1.0,1.0,-2.32,4.05,3.56,3.68,0.0,0.0,3.82,3.07,4.35,3.55,0.0,0.0,0.0,0.0,5.0,12.0,6.0,12.0,6.0,12.0,5.0,12.0,0.0,0.0,290.0,291.0,289.0,293.0,12.55,5.54,6.79,6.25,10.69,8.81,4.1,14.75,11.52,5.48,4.54,4.44,7.01,7.73,7.62,7.58,7.41,7.52,7.31,6.01,7.36,7.51,8.07,8.11,7.82,8.32,6.74,8.08,72.39,9.43,7.92,68.86,10.93,10.26,5.79,24.39,37.6,52.43,,,,0.0,0.0,0.0,0.0,0.0,0.0,0.0,0.0,1.0,0.0
True,2021/6/15 22:00:04,,3925355175375536216,Equ1,2021/6/15 21:07:20,1.0,0.0,0.0,1242.0,0.0,0.0,0.0,0.0,462.26,425.11,447.21,469.58,473.79,461.79,5.38,9.79,11.95,0.0,8.76,5.38,127.39,163.5,173.39,174.57,162.99,129.89,1384.02,1351.28,1375.54,1385.96,1398.93,1383.55,12425.88,28.97,0.05,31515.95,20.72,2.74,2.02,10.23,1922.38,1949.58,1.0,1.0,-2.32,4.04,3.56,3.67,0.0,0.0,3.7,3.88,4.48,3.59,0.0,0.0,0.0,0.0,5.0,12.0,6.0,12.0,6.0,12.0,5.0,12.0,0.0,0.0,290.0,291.0,289.0,293.0,12.55,5.5,6.72,6.17,10.52,8.63,4.1,13.12,9.28,47.32,4.53,4.42,7.0,7.71,7.62,7.56,7.4,7.51,7.3,6.01,7.41,7.5,8.06,8.1,7.8,8.3,6.72,8.04,72.38,9.38,7.89,68.77,10.95,10.17,5.78,24.39,37.66,52.42,,,,0.0,0.0,0.0,0.0,0.0,0.0,0.0,0.0,1.0,0.0
True,2021/6/15 22:00:04,,3925355175375536217,Equ1,2021/6/15 21:07:25,1.0,0.0,0.0,1242.0,0.0,0.0,0.0,0.0,462.26,425.11,447.21,469.58,473.79,461.79,5.49,9.74,11.82,0.0,8.83,5.49,126.98,162.36,172.45,174.15,161.96,128.76,1385.22,1352.32,1376.5,1387.06,1400.1,1384.76,12236.13,30.47,0.04,31346.05,18.18,2.53,2.03,8.97,1912.76,1950.38,1.0,1.0,-2.32,4.04,3.56,3.67,0.0,0.0,3.56,3.38,5.34,3.28,0.0,0.0,0.0,0.0,5.0,12.0,6.0,12.0,6.0,12.0,5.0,12.0,0.0,0.0,291.0,292.0,290.0,294.0,12.6,5.47,6.65,6.09,10.38,8.49,4.09,12.14,8.44,47.19,4.53,4.42,7.0,7.7,7.61,7.56,7.39,7.51,7.29,6.01,7.41,7.49,8.04,8.08,7.78,8.28,6.71,8.02,72.37,9.31,7.87,68.78,10.86,10.09,5.78,24.36,37.69,52.41,,,,0.0,0.0,0.0,0.0,0.0,0.0,0.0,0.0,1.0,0.0
True,2021/6/15 22:00:04,,3925355175375536218,Equ1,2021/6/15 21:07:30,1.0,0.0,0.0,1242.0,0.0,0.0,0.0,0.0,462.26,425.11,447.21,469.58,473.79,461.79,5.55,9.91,11.97,0.0,8.85,5.58,127.6,162.77,172.35,173.84,161.83,128.67,1386.67,1353.88,1378.04,1388.44,1401.51,1386.23,12248.95,34.77,0.04,31409.76,17.15,2.72,2.02,8.48,1916.88,1947.41,1.0,1.0,-2.32,4.04,3.56,3.67,0.0,0.0,3.69,2.81,4.62,2.85,0.0,0.0,0.0,0.0,5.0,12.0,6.0,12.0,6.0,12.0,5.0,12.0,0.0,0.0,291.0,292.0,290.0,294.0,12.6,5.43,6.59,6.02,10.24,8.37,4.1,11.43,7.94,17.73,50.97,4.41,7.0,7.69,7.6,7.55,7.39,7.49,7.27,6.01,7.38,7.47,8.03,8.07,7.75,8.26,6.68,7.99,72.36,9.25,7.84,68.81,10.76,10.01,5.79,24.35,37.65,52.4,,,,0.0,0.0,0.0,0.0,0.0,0.0,0.0,0.0,1.0,0.0
True,2021/6/15 22:00:04,,3925355175375536219,Equ1,2021/6/15 21:07:35,1.0,0.0,0.0,1242.0,0.0,0.0,0.0,0.0,462.26,425.11,447.21,469.58,473.79,461.79,5.55,9.88,11.88,0.0,8.87,5.55,126.19,163.56,171.28,173.68,160.66,127.08,1388.69,1355.87,1379.97,1390.46,1403.54,1388.21,12160.73,32.85,0.04,31250.48,17.99,2.7,2.03,8.88,1900.25,1963.98,1.0,1.0,-2.32,4.05,3.56,3.68,0.0,0.0,3.56,4.85,5.32,3.27,0.0,0.0,0.0,0.0,5.0,12.0,6.0,12.0,6.0,12.0,5.0,12.0,0.0,0.0,292.0,293.0,291.0,295.0,12.64,5.41,6.52,5.95,10.12,8.26,4.09,10.89,7.6,12.99,49.79,4.4,6.99,7.68,7.6,7.55,7.38,7.49,7.25,6.01,7.37,7.46,8.02,8.06,7.74,8.25,6.67,7.96,72.35,9.19,7.82,68.81,10.68,9.92,5.79,24.34,37.67,52.39,,,,0.0,0.0,0.0,0.0,0.0,0.0,0.0,0.0,1.0,0.0
True,2021/6/15 22:00:04,,3925355175375536220,Equ1,2021/6/15 21:07:40,1.0,0.0,0.0,1242.0,0.0,0.0,0.0,0.0,462.26,425.11,447.21,469.58,473.79,461.79,5.63,10.01,12.02,0.0,8.9,5.63,128.4,162.24,170.49,172.93,161.27,126.66,1390.66,1357.89,1382.0,1392.35,1405.46,1390.19,12198.68,26.25,0.05,31176.16,19.71,2.36,2.03,9.73,1900.97,1949.58,1.0,1.0,-2.32,4.05,3.56,3.68,0.0,0.0,3.71,2.73,4.34,3.08,0.0,0.0,0.0,0.0,5.0,12.0,6.0,12.0,6.0,12.0,5.0,12.0,0.0,0.0,292.0,293.0,291.0,295.0,12.64,5.36,6.46,5.9,10.01,8.17,4.09,10.47,7.35,11.26,18.59,45.52,6.97,7.67,7.58,7.53,7.37,7.48,7.24,6.01,7.36,7.45,8.15,8.03,7.71,8.22,6.64,7.94,72.34,9.14,7.8,68.82,10.62,9.97,5.79,24.34,37.56,52.38,,,,0.0,0.0,0.0,0.0,0.0,0.0,0.0,0.0,1.0,0.0
True,2021/6/15 22:00:04,,3925355175375536221,Equ1,2021/6/15 21:07:45,1.0,0.0,0.0,1242.0,0.0,0.0,0.0,0.0,462.26,425.11,447.21,469.58,473.79,461.79,5.54,10.04,12.11,0.0,8.87,5.54,129.98,162.62,170.99,173.63,161.7,127.78,1392.48,1359.83,1384.0,1394.26,1407.34,1392.01,12387.93,24.93,0.05,31409.76,22.35,2.54,2.03,11.04,1902.7,1946.61,1.0,1.0,-2.32,4.04,3.56,3.68,0.0,0.0,3.87,6.13,4.94,4.89,0.0,0.0,0.0,0.0,5.0,12.0,6.0,12.0,6.0,12.0,5.0,12.0,0.0,0.0,293.0,294.0,292.0,296.0,12.68,5.35,6.41,5.85,9.91,8.08,4.09,10.1,7.16,10.24,12.44,40.68,6.97,7.67,7.59,7.54,7.37,7.48,7.23,6.01,7.34,7.45,8.07,8.03,7.7,8.22,6.64,7.92,72.34,9.09,7.78,68.83,10.56,9.85,5.78,24.37,37.63,52.38,,,,0.0,0.0,0.0,0.0,0.0,0.0,0.0,0.0,1.0,0.0
True,2021/6/15 22:00:04,,3925355175375536222,Equ1,2021/6/15 21:07:50,1.0,0.0,0.0,1242.0,0.0,0.0,0.0,0.0,462.26,425.11,447.21,469.58,473.79,461.79,5.47,9.78,11.9,0.0,8.9,5.47,130.51,163.37,172.71,174.52,162.83,129.9,1393.86,1361.02,1385.24,1395.71,1408.82,1393.39,12438.2,30.14,0.04,31675.23,21.5,2.96,2.02,10.62,1895.69,1896.12,1.0,1.0,-2.32,4.04,3.56,3.67,0.0,0.0,3.71,3.9,4.67,3.35,0.0,0.0,0.0,0.0,5.0,12.0,6.0,12.0,6.0,12.0,5.0,12.0,0.0,0.0,294.0,294.0,292.0,296.0,12.69,5.32,6.35,5.8,9.83,8.01,4.07,9.81,7.02,9.61,10.46,16.07,7.0,7.66,7.59,7.53,7.36,7.47,7.21,6.0,7.33,7.43,7.93,8.03,7.69,8.21,6.62,7.9,72.33,9.04,7.76,68.83,10.49,9.74,5.79,24.36,37.7,52.37,,,,0.0,0.0,0.0,0.0,0.0,0.0,0.0,0.0,1.0,0.0
True,2021/6/15 22:00:04,,3925355175375536223,Equ1,2021/6/15 21:07:55,1.0,0.0,0.0,1242.0,0.0,0.0,0.0,0.0,462.26,425.11,447.21,469.58,473.79,461.79,5.64,9.85,11.88,0.0,8.97,5.64,130.01,162.77,172.67,174.64,162.51,129.21,1395.01,1362.07,1386.2,1396.69,1409.88,1394.54,12299.21,32.63,0.04,31579.66,17.66,2.63,2.03,8.72,1915.22,2000.0,1.0,1.0,-2.32,4.04,3.55,3.66,0.0,0.0,4.0,3.63,4.85,3.46,0.0,0.0,0.0,0.0,5.0,12.0,6.0,12.0,6.0,12.0,5.0,12.0,0.0,0.0,294.0,295.0,293.0,297.0,12.73,5.25,6.3,5.75,9.75,7.94,4.08,9.56,6.89,9.14,9.35,12.09,45.05,7.66,7.58,7.53,7.36,7.47,7.19,6.0,7.31,7.41,7.91,8.0,7.67,8.19,6.6,7.87,72.32,8.99,7.73,68.81,10.42,9.66,5.78,24.32,37.69,52.36,,,,0.0,0.0,0.0,0.0,0.0,0.0,0.0,0.0,1.0,0.0
True,2021/6/15 22:00:04,,3925355175375536224,Equ1,2021/6/15 21:08:00,1.0,0.0,0.0,1242.0,0.0,0.0,0.0,0.0,462.26,425.11,447.21,469.58,473.79,461.79,5.7,10.01,12.03,0.0,9.0,5.7,125.56,162.92,172.76,174.25,162.54,129.24,1395.95,1363.11,1387.23,1397.57,1410.78,1395.48,12274.08,37.09,0.04,31409.76,15.83,2.68,2.02,7.82,1891.56,1951.97,1.0,1.0,-2.32,4.04,3.55,3.67,0.0,0.0,3.7,3.83,3.71,3.68,0.0,0.0,0.0,0.0,5.0,12.0,6.0,12.0,6.0,12.0,5.0,12.0,0.0,0.0,294.0,295.0,293.0,297.0,12.73,5.25,6.27,5.72,9.69,7.89,4.07,9.38,6.81,8.85,8.82,10.78,44.62,7.66,7.58,7.52,7.35,7.46,7.18,6.0,7.3,7.4,7.91,7.99,7.65,8.18,6.6,7.86,72.31,8.96,7.72,68.81,10.37,9.62,5.79,24.32,37.65,52.35,,,,0.0,0.0,0.0,0.0,0.0,0.0,0.0,0.0,1.0,0.0
True,2021/6/15 22:00:04,,3925355175375536225,Equ1,2021/6/15 21:08:05,1.0,0.0,0.0,1242.0,0.0,0.0,0.0,0.0,462.26,425.11,447.21,469.58,473.79,461.79,5.69,10.01,12.04,0.0,8.99,5.69,126.97,163.09,170.91,173.5,160.49,127.04,1397.81,1364.98,1389.11,1399.44,1412.64,1397.34,12236.63,34.84,0.04,31176.16,16.73,2.66,2.03,8.26,1894.89,1957.1,1.0,1.0,-2.32,4.05,3.56,3.67,0.0,0.0,3.75,3.86,4.3,3.46,0.0,0.0,0.0,0.0,5.0,12.0,6.0,12.0,6.0,12.0,5.0,12.0,0.0,0.0,295.0,296.0,294.0,298.0,12.77,5.36,6.23,5.68,9.62,7.83,4.07,9.17,6.71,8.53,8.28,9.61,14.96,7.65,7.58,7.52,7.35,7.46,7.16,5.99,7.29,7.4,7.92,8.0,7.63,8.18,6.59,7.84,72.3,8.92,7.71,68.81,10.32,9.58,5.78,24.32,37.65,52.35,,,,0.0,0.0,0.0,0.0,0.0,0.0,0.0,0.0,1.0,0.0
True,2021/6/15 22:00:04,,3925355175375536226,Equ1,2021/6/15 21:08:10,1.0,0.0,0.0,1242.0,0.0,0.0,0.0,0.0,462.26,425.11,447.21,469.58,473.79,461.79,5.73,10.2,12.19,0.0,8.99,5.73,127.42,162.18,170.04,173.35,161.55,126.78,1399.86,1367.18,1391.27,1401.45,1414.65,1399.39,12223.81,27.51,0.05,31144.3,19.28,2.42,2.03,9.52,1920.07,2000.0,1.0,1.0,-2.32,4.05,3.56,3.68,0.0,0.0,3.7,3.84,3.86,6.2,0.0,0.0,0.0,0.0,5.0,12.0,6.0,12.0,6.0,12.0,5.0,12.0,0.0,0.0,295.0,296.0,294.0,298.0,12.77,5.32,6.49,5.64,9.55,7.77,4.07,9.0,6.63,8.29,7.88,8.88,11.95,43.43,7.57,7.52,7.34,7.45,7.15,5.98,7.27,7.38,7.91,7.97,7.67,8.16,6.57,7.82,72.3,8.88,7.69,68.81,10.26,9.51,5.79,24.34,37.61,52.34,,,,0.0,0.0,0.0,0.0,0.0,0.0,0.0,0.0,1.0,0.0
True,2021/6/15 22:00:04,,3925355175375536227,Equ1,2021/6/15 21:08:15,1.0,0.0,0.0,1242.0,0.0,0.0,0.0,0.0,462.26,425.11,447.21,469.58,473.79,461.79,5.62,10.16,12.27,0.0,8.93,5.62,126.32,162.79,171.92,173.84,162.25,128.75,1401.52,1368.91,1393.12,1403.22,1416.36,1401.05,12413.06,27.04,0.05,31346.05,20.9,2.58,2.02,10.32,1903.28,1943.21,1.0,1.0,-2.32,4.05,3.56,3.68,0.0,0.0,3.68,3.26,5.72,3.4,0.0,0.0,0.0,0.0,5.0,12.0,6.0,12.0,6.0,12.0,5.0,12.0,0.0,0.0,296.0,297.0,295.0,299.0,12.81,5.28,6.39,5.6,9.5,7.73,4.07,8.85,6.56,8.07,7.58,8.3,10.84,43.95,7.57,7.52,7.34,7.45,7.15,5.98,7.27,7.38,7.92,7.96,7.67,8.15,6.56,7.81,72.29,8.84,7.67,68.81,10.21,9.46,5.78,24.37,37.63,52.33,,,,0.0,0.0,0.0,0.0,0.0,0.0,0.0,0.0,1.0,0.0
True,2021/6/15 22:00:04,,3925355175375536228,Equ1,2021/6/15 21:08:20,1.0,0.0,0.0,1242.0,0.0,0.0,0.0,0.0,462.26,425.11,447.21,469.58,473.79,461.79,5.45,9.89,12.1,0.0,8.89,5.45,126.36,164.13,173.73,175.39,162.96,129.9,1402.31,1369.6,1393.91,1404.18,1417.29,1401.84,12588.99,33.64,0.04,31547.8,18.76,2.88,2.02,9.27,1925.64,1949.65,1.0,1.0,-2.32,4.04,3.56,3.67,0.0,0.0,3.71,4.02,3.97,5.11,0.0,0.0,0.0,0.0,5.0,12.0,6.0,12.0,6.0,12.0,5.0,12.0,0.0,0.0,296.0,297.0,295.0,299.0,12.81,5.25,6.28,5.57,9.44,7.69,4.06,8.72,6.5,7.9,7.32,7.91,10.32,22.77,54.77,7.51,7.33,7.44,7.13,5.98,7.26,7.37,7.91,7.93,7.71,8.05,6.55,7.78,72.28,8.8,7.66,68.81,10.16,9.41,5.78,24.39,37.73,52.32,,,,0.0,0.0,0.0,0.0,0.0,0.0,0.0,0.0,1.0,0.0
True,2021/6/15 22:00:04,,3925355175375536229,Equ1,2021/6/15 21:08:25,1.0,0.0,0.0,1242.0,0.0,0.0,0.0,0.0,462.26,425.11,447.21,469.58,473.79,461.79,5.58,9.84,11.97,0.0,8.99,5.58,127.95,163.31,173.13,174.19,162.8,128.92,1403.54,1370.65,1394.89,1405.28,1418.48,1403.07,12399.74,37.27,0.04,31473.47,16.43,2.8,2.02,8.12,1923.9,1930.27,1.0,1.0,-2.32,4.04,3.55,3.67,0.0,0.0,3.56,2.59,4.17,3.46,0.0,0.0,0.0,0.0,5.0,12.0,6.0,12.0,6.0,12.0,5.0,12.0,0.0,0.0,297.0,298.0,296.0,300.0,12.86,5.23,6.23,5.53,9.39,7.65,4.06,8.59,6.45,7.75,7.11,7.55,9.95,15.3,54.1,7.51,7.33,7.44,7.12,5.98,7.25,7.36,7.91,7.91,7.69,8.0,6.53,7.76,72.27,8.78,7.65,68.81,10.12,9.36,5.78,24.34,37.76,52.3,,,,0.0,0.0,0.0,0.0,0.0,0.0,0.0,0.0,1.0,0.0
True,2021/6/15 22:00:04,,3925355175375536230,Equ1,2021/6/15 21:08:30,1.0,0.0,0.0,1242.0,0.0,0.0,0.0,0.0,462.26,425.11,447.21,469.58,473.79,461.79,5.68,9.99,12.1,0.0,9.03,5.68,126.78,162.3,172.24,174.16,161.94,128.92,1404.91,1372.07,1396.28,1406.55,1419.79,1404.44,12324.34,41.56,0.03,31346.05,14.39,2.73,2.03,7.1,1893.16,1957.25,1.0,1.0,-2.32,4.04,3.56,3.67,0.0,0.0,3.7,3.89,4.59,3.26,0.0,0.0,0.0,0.0,5.0,12.0,6.0,12.0,6.0,12.0,5.0,12.0,0.0,0.0,297.0,298.0,296.0,300.0,12.86,5.21,6.18,5.52,9.34,7.61,4.06,8.47,6.39,7.6,6.92,7.29,9.69,13.42,16.26,7.51,7.33,7.44,7.11,5.97,7.24,7.36,7.89,7.9,7.67,8.07,6.53,7.75,72.26,8.74,7.64,68.8,10.08,9.32,5.79,24.34,37.72,52.29,,,,0.0,0.0,0.0,0.0,0.0,0.0,0.0,0.0,1.0,0.0
True,2021/6/15 22:00:04,,3925355175375536231,Equ1,2021/6/15 21:08:35,1.0,0.0,0.0,1242.0,0.0,0.0,0.0,0.0,462.26,425.11,447.21,469.58,473.79,461.79,5.68,10.03,12.11,0.0,9.04,5.67,126.94,162.23,170.41,173.16,160.55,126.82,1406.94,1374.14,1398.32,1408.58,1421.83,1406.46,12286.39,36.65,0.04,31144.3,15.59,2.61,2.03,7.69,1892.87,1965.49,1.0,1.0,-2.32,4.05,3.56,3.68,0.0,0.0,3.57,3.21,4.95,3.42,0.0,0.0,0.0,0.0,5.0,12.0,6.0,12.0,6.0,12.0,5.0,12.0,0.0,0.0,298.0,299.0,297.0,301.0,12.9,5.18,6.13,5.48,9.28,7.57,4.05,8.37,6.35,7.48,6.76,7.06,9.46,12.42,13.19,54.95,7.31,7.42,7.09,5.97,7.23,7.35,7.89,7.88,7.64,8.06,6.59,7.73,72.23,8.72,7.63,68.8,10.05,9.28,5.78,24.34,37.71,52.27,,,,0.0,0.0,0.0,0.0,0.0,0.0,0.0,0.0,1.0,0.0
True,2021/6/15 22:00:04,,3925355175375536232,Equ1,2021/6/15 21:08:40,1.0,0.0,0.0,1242.0,0.0,0.0,0.0,0.0,462.26,425.11,447.21,469.58,473.79,461.79,5.72,10.19,12.26,0.0,9.05,5.72,127.01,162.47,170.36,173.21,161.68,127.16,1408.81,1376.13,1400.3,1410.41,1423.67,1408.34,12349.48,26.46,0.05,31208.01,20.1,2.43,2.02,9.93,1909.43,1960.0,1.0,1.0,-2.32,4.05,3.56,3.68,0.0,0.0,3.7,4.06,4.67,3.7,0.0,0.0,0.0,0.0,5.0,12.0,6.0,12.0,6.0,12.0,5.0,12.0,0.0,0.0,298.0,299.0,297.0,301.0,12.9,5.16,6.08,5.45,9.22,7.54,4.06,8.28,6.31,7.37,6.63,6.86,9.27,11.78,12.01,54.51,7.31,7.42,7.08,5.96,7.22,7.35,7.88,7.87,7.62,8.07,6.56,7.73,72.22,8.69,7.62,68.8,10.01,9.24,5.78,24.35,37.61,52.27,,,,0.0,0.0,0.0,0.0,0.0,0.0,0.0,0.0,1.0,0.0
True,2021/6/15 22:00:04,,3925355175375536233,Equ1,2021/6/15 21:08:45,1.0,0.0,0.0,1242.0,0.0,0.0,0.0,0.0,462.26,425.11,447.21,469.58,473.79,461.79,5.5,10.04,12.29,0.0,8.96,5.5,126.58,163.02,173.32,174.0,162.6,129.99,1410.07,1377.47,1401.81,1411.89,1425.07,1409.6,12614.13,28.61,0.05,31473.47,20.11,2.63,2.02,9.93,1904.51,1975.26,1.0,1.0,-2.32,4.04,3.56,3.67,0.0,0.0,3.76,3.61,5.5,4.05,0.0,0.0,0.0,0.0,5.0,12.0,6.0,12.0,6.0,12.0,5.0,12.0,0.0,0.0,299.0,300.0,298.0,302.0,12.94,5.13,6.02,5.42,9.17,7.51,4.05,8.18,6.27,7.27,6.5,6.69,9.1,11.3,11.29,21.11,51.36,7.42,7.07,5.95,7.22,7.34,7.87,7.86,7.62,8.08,6.52,7.72,72.22,8.65,7.61,68.8,9.98,9.2,5.78,24.4,37.72,52.25,,,,0.0,0.0,0.0,0.0,0.0,0.0,0.0,0.0,1.0,0.0
True,2021/6/15 22:00:04,,3925355175375536234,Equ1,2021/6/15 21:08:50,1.0,0.0,0.0,1242.0,0.0,0.0,0.0,0.0,462.26,425.11,447.21,469.58,473.79,461.79,5.43,9.78,12.02,0.0,8.96,5.43,125.51,162.96,173.48,174.59,162.73,129.33,1410.71,1377.92,1402.26,1412.61,1425.78,1410.24,12525.91,36.76,0.04,31452.24,16.58,2.78,2.03,8.19,1913.85,1963.32,1.0,1.0,-2.32,4.04,3.55,3.67,0.0,0.0,3.7,4.05,4.67,3.72,0.0,0.0,0.0,0.0,5.0,12.0,6.0,12.0,6.0,12.0,5.0,12.0,0.0,0.0,299.0,300.0,298.0,302.0,12.94,5.12,5.98,5.39,9.13,7.44,4.05,8.1,6.24,7.19,6.39,6.55,8.98,10.95,10.84,15.05,52.08,7.42,7.07,5.95,7.2,7.34,7.87,7.85,7.6,8.08,6.49,7.7,72.22,8.62,7.6,68.79,9.94,9.17,5.79,24.39,37.82,52.22,,,,0.0,0.0,0.0,0.0,0.0,0.0,0.0,0.0,1.0,0.0
True,2021/6/15 22:00:04,,3925355175375536235,Equ1,2021/6/15 21:08:55,1.0,0.0,0.0,1242.0,0.0,0.0,0.0,0.0,462.26,425.11,447.21,469.58,473.79,461.79,5.62,9.78,11.96,0.0,9.08,5.62,126.43,161.92,171.92,173.57,162.34,128.72,1411.96,1378.98,1403.26,1413.66,1426.96,1411.49,12412.06,40.65,0.03,31314.2,14.23,2.64,2.03,7.02,1893.08,1962.82,1.0,1.0,-2.32,4.04,3.55,3.67,0.0,0.0,4.04,5.2,4.42,3.67,0.0,0.0,0.0,0.0,5.0,12.0,6.0,12.0,6.0,12.0,5.0,12.0,0.0,0.0,300.0,301.0,299.0,303.0,12.99,5.1,5.95,5.36,9.08,7.4,4.04,8.03,6.22,7.11,6.3,6.41,8.87,10.67,10.5,13.21,27.94,7.41,7.05,5.95,7.2,7.34,7.86,7.85,7.59,8.07,6.48,7.7,72.19,8.59,7.59,68.79,9.91,9.13,5.79,24.33,37.84,52.19,,,,0.0,0.0,0.0,0.0,0.0,0.0,0.0,0.0,1.0,0.0
True,2021/6/15 22:00:04,,3925355175375536236,Equ1,2021/6/15 21:09:00,1.0,0.0,0.0,1242.0,0.0,0.0,0.0,0.0,462.26,425.11,447.21,469.58,473.79,461.79,5.75,9.99,12.09,0.0,9.14,5.75,127.59,162.85,172.06,174.07,162.28,128.27,1413.83,1380.92,1405.13,1415.4,1428.75,1413.36,12323.84,41.04,0.03,31377.91,14.33,2.68,2.02,7.08,1908.78,1962.53,1.0,1.0,-2.32,4.05,3.56,3.68,0.0,0.0,3.7,3.93,4.67,3.68,0.0,0.0,0.0,0.0,5.0,12.0,6.0,12.0,6.0,12.0,5.0,12.0,0.0,0.0,301.0,301.0,299.0,303.0,13.0,5.08,5.91,5.34,9.05,7.41,4.05,7.96,6.19,7.04,6.21,6.29,8.78,10.46,10.25,12.3,15.45,58.39,7.04,5.95,7.2,7.33,7.85,7.84,7.58,8.06,6.47,7.7,72.16,8.56,7.59,68.79,9.88,9.09,5.79,24.33,37.79,52.17,,,,0.0,0.0,0.0,0.0,0.0,0.0,0.0,0.0,1.0,0.0
True,2021/6/15 22:00:04,,3925355175375536237,Equ1,2021/6/15 21:09:05,1.0,0.0,0.0,1242.0,0.0,0.0,0.0,0.0,462.26,425.11,447.21,469.58,473.79,461.79,5.75,10.1,12.14,0.0,9.14,5.75,124.9,162.43,169.99,173.32,160.39,125.97,1415.94,1383.14,1407.28,1417.51,1430.86,1415.47,12210.49,31.64,0.04,31016.88,18.33,2.65,2.02,9.06,1903.36,1939.81,1.0,1.0,-2.32,4.05,3.56,3.68,0.0,0.0,4.03,4.2,4.0,4.22,0.0,0.0,0.0,0.0,5.0,12.0,6.0,12.0,6.0,12.0,5.0,12.0,0.0,0.0,301.0,302.0,300.0,304.0,13.03,5.06,5.89,5.31,9.0,7.4,4.06,7.9,6.16,6.97,6.13,6.19,8.69,10.28,10.06,11.69,13.18,57.08,7.03,5.95,7.19,7.33,7.85,7.84,7.56,8.04,6.46,7.69,72.14,8.54,7.58,68.78,9.86,9.07,5.79,24.33,37.78,52.16,,,,0.0,0.0,0.0,0.0,0.0,0.0,0.0,0.0,1.0,0.0
True,2021/6/15 22:00:04,,3925355175375536238,Equ1,2021/6/15 21:09:10,1.0,0.0,0.0,1242.0,0.0,0.0,0.0,0.0,462.26,425.11,447.21,469.58,473.79,461.79,5.76,10.2,12.27,0.0,9.12,5.76,128.44,162.67,170.14,173.42,161.47,126.76,1417.47,1384.76,1408.93,1419.03,1432.36,1417.0,12336.66,24.29,0.05,31250.48,21.93,2.43,2.02,10.84,1907.26,1995.37,1.0,1.0,-2.32,4.04,3.58,3.69,0.0,0.0,3.72,3.83,4.77,3.46,0.0,0.0,0.0,0.0,5.0,12.0,6.0,12.0,6.0,12.0,5.0,12.0,0.0,0.0,301.0,302.0,300.0,304.0,13.03,5.05,5.85,5.29,8.96,7.38,4.05,7.89,6.13,6.92,6.07,6.11,8.62,10.15,9.91,11.33,12.25,55.24,54.58,5.94,7.18,7.32,7.85,7.82,7.55,8.04,6.45,7.69,72.12,8.52,7.57,68.77,9.83,9.04,5.79,24.34,37.74,52.15,,,,0.0,0.0,0.0,0.0,0.0,0.0,0.0,0.0,1.0,0.0
True,2021/6/15 22:00:04,,3925355175375536239,Equ1,2021/6/15 21:09:15,1.0,0.0,0.0,1242.0,0.0,0.0,0.0,0.0,462.26,425.11,447.21,469.58,473.79,461.79,5.54,10.12,12.41,0.0,9.02,5.54,126.32,163.06,173.28,174.32,163.19,129.62,1418.54,1385.97,1410.36,1420.32,1433.55,1418.07,12588.99,26.16,0.05,31441.62,21.41,2.56,2.03,10.57,1914.5,1968.03,1.0,1.0,-2.32,4.03,3.57,3.69,0.0,0.0,3.94,3.79,4.5,4.48,0.0,0.0,0.0,0.0,5.0,12.0,6.0,12.0,6.0,12.0,5.0,12.0,0.0,0.0,302.0,303.0,300.0,305.0,13.06,5.03,5.82,5.27,8.92,7.36,4.06,7.86,6.12,6.86,6.0,6.02,8.54,10.0,9.75,10.97,11.53,20.69,57.22,5.94,7.18,7.32,7.84,7.82,7.54,8.04,6.44,7.67,72.11,8.51,7.56,68.77,9.8,9.01,5.8,24.41,37.77,52.13,,,,0.0,0.0,0.0,0.0,0.0,0.0,0.0,0.0,1.0,0.0
True,2021/6/15 22:00:04,,3925355175375536240,Equ1,2021/6/15 21:09:20,1.0,0.0,0.0,1242.0,0.0,0.0,0.0,0.0,462.26,425.11,447.21,469.58,473.79,461.79,5.43,9.74,12.07,0.0,9.05,5.43,127.79,163.18,172.89,174.83,162.99,129.5,1419.39,1386.55,1410.97,1421.28,1434.54,1418.92,12563.36,39.58,0.03,31484.09,16.62,3.01,2.02,8.22,1918.98,1935.62,1.0,1.0,-2.32,4.04,3.56,3.68,0.0,0.0,3.7,3.76,4.76,3.66,0.0,0.0,0.0,0.0,5.0,12.0,6.0,12.0,6.0,12.0,5.0,12.0,0.0,0.0,302.0,303.0,301.0,305.0,13.07,5.03,5.79,5.24,8.89,7.32,4.05,7.81,6.1,6.81,5.93,5.94,8.47,9.87,9.61,10.69,11.08,15.94,23.55,5.94,7.18,7.33,7.84,7.82,7.53,8.04,6.44,7.66,72.11,8.48,7.55,68.77,9.79,8.99,5.78,24.4,37.91,52.08,,,,0.0,0.0,0.0,0.0,0.0,0.0,0.0,0.0,1.0,0.0
True,2021/6/15 22:00:04,,3925355175375536241,Equ1,2021/6/15 21:09:25,1.0,0.0,0.0,1242.0,0.0,0.0,0.0,0.0,462.26,425.11,447.21,469.58,473.79,461.79,5.73,9.82,11.98,0.0,9.21,5.73,127.78,162.4,171.89,173.86,161.62,128.11,1421.0,1387.94,1412.2,1422.59,1436.01,1420.53,12436.69,37.91,0.04,31346.05,15.07,2.61,2.03,7.44,1895.04,1970.85,1.0,1.0,-2.32,4.05,3.55,3.67,0.0,0.0,3.62,3.76,4.48,3.51,0.0,0.0,0.0,0.0,5.0,12.0,6.0,12.0,6.0,12.0,5.0,12.0,0.0,0.0,303.0,304.0,301.0,306.0,13.11,5.01,5.78,5.23,8.87,7.29,4.05,7.77,6.11,6.75,5.88,5.87,8.41,9.75,9.49,10.45,10.72,14.09,17.26,43.12,7.18,7.31,7.83,7.81,7.51,8.03,6.43,7.65,72.11,8.46,7.55,68.75,9.75,8.96,5.78,24.31,37.93,52.03,,,,0.0,0.0,0.0,0.0,0.0,0.0,0.0,0.0,1.0,0.0
True,2021/6/15 22:00:04,,3925355175375536242,Equ1,2021/6/15 21:09:30,1.0,0.0,0.0,1242.0,0.0,0.0,0.0,0.0,462.26,425.11,447.21,469.58,473.79,461.79,5.86,10.05,12.07,0.0,9.26,5.85,128.04,162.41,171.27,173.55,161.72,127.34,1422.88,1389.92,1414.05,1424.34,1437.81,1422.41,12361.29,37.8,0.04,31282.34,15.79,2.73,2.02,7.8,1905.31,1953.41,1.0,1.0,-2.32,4.06,3.55,3.68,0.0,0.0,3.69,3.89,4.52,3.75,0.0,0.0,0.0,0.0,5.0,12.0,6.0,12.0,6.0,12.0,5.0,12.0,0.0,0.0,303.0,304.0,302.0,306.0,13.12,5.01,5.76,5.21,8.85,7.27,4.05,7.71,6.08,6.71,5.83,5.8,8.36,9.66,9.39,10.25,10.41,13.03,14.94,43.3,7.18,7.31,7.83,7.81,7.49,8.01,6.42,7.64,72.11,8.44,7.53,68.75,9.73,8.94,5.78,24.29,37.79,52.01,,,,0.0,0.0,0.0,0.0,0.0,0.0,0.0,0.0,1.0,0.0
True,2021/6/15 22:00:04,,3925355175375536243,Equ1,2021/6/15 21:09:35,1.0,0.0,0.0,1242.0,0.0,0.0,0.0,0.0,462.26,425.11,447.21,469.58,473.79,461.79,5.87,10.15,12.19,0.0,9.26,5.87,127.04,161.63,169.07,173.09,160.19,125.14,1425.15,1392.28,1416.43,1426.61,1440.07,1424.68,12184.86,31.5,0.04,31016.88,18.76,2.7,2.02,9.27,1892.51,1943.07,1.0,1.0,-2.32,4.07,3.56,3.68,0.0,0.0,3.6,3.78,4.48,3.75,0.0,0.0,0.0,0.0,5.0,12.0,6.0,12.0,6.0,12.0,5.0,12.0,0.0,0.0,304.0,305.0,302.0,307.0,13.15,4.99,5.73,5.19,8.82,7.24,4.05,7.67,6.08,6.74,5.78,5.74,8.3,9.57,9.29,10.08,10.13,12.27,13.53,16.15,48.46,7.32,7.83,7.81,7.48,8.0,6.41,7.63,72.11,8.41,7.53,68.7,9.72,8.92,5.79,24.3,37.84,51.99,,,,0.0,0.0,0.0,0.0,0.0,0.0,0.0,0.0,1.0,0.0
True,2021/6/15 22:00:04,,3925355175375536244,Equ1,2021/6/15 21:09:40,1.0,0.0,0.0,1242.0,0.0,0.0,0.0,0.0,462.26,425.11,447.21,469.58,473.79,461.79,5.91,10.37,12.44,0.0,9.23,5.91,129.14,162.01,168.94,173.21,161.15,126.06,1427.12,1394.43,1418.6,1428.53,1441.97,1426.65,12399.24,22.71,0.06,31144.3,23.39,2.42,2.03,11.54,1912.91,2000.0,1.0,1.0,-2.32,4.07,3.56,3.68,0.0,0.0,3.7,3.8,4.41,3.69,0.0,0.0,0.0,0.0,5.0,12.0,6.0,12.0,6.0,12.0,5.0,12.0,0.0,0.0,304.0,305.0,303.0,307.0,13.16,4.98,5.71,5.18,8.79,7.22,4.05,7.62,6.06,6.73,5.72,5.68,8.25,9.48,9.21,9.92,9.91,11.76,12.66,11.92,49.09,7.32,7.82,7.81,7.46,8.0,6.41,7.62,72.12,8.4,7.54,68.7,9.7,8.89,5.78,24.33,37.77,51.98,,,,0.0,0.0,0.0,0.0,0.0,0.0,0.0,0.0,1.0,0.0
True,2021/6/15 22:00:04,,3925355175375536245,Equ1,2021/6/15 21:09:45,1.0,0.0,0.0,1242.0,0.0,0.0,0.0,0.0,462.26,425.11,447.21,469.58,473.79,461.79,5.65,10.24,12.51,0.0,9.13,5.65,131.47,162.77,172.09,173.5,162.2,129.24,1428.57,1396.02,1420.39,1430.24,1443.59,1428.1,12626.44,26.51,0.05,31462.86,23.45,2.84,2.02,11.58,1910.81,1942.49,1.0,1.0,-2.32,4.06,3.55,3.67,0.0,0.0,3.94,3.79,4.48,3.68,0.0,0.0,0.0,0.0,5.0,12.0,6.0,12.0,6.0,12.0,5.0,12.0,0.0,0.0,305.0,306.0,303.0,308.0,13.19,4.97,5.68,5.16,8.77,7.2,4.03,7.58,6.05,6.71,5.68,5.63,8.19,9.4,9.13,9.79,9.71,11.37,12.03,10.43,24.51,7.33,7.82,7.8,7.45,8.0,6.39,7.6,72.11,8.37,7.53,68.74,9.69,8.88,5.78,24.4,37.81,51.95,,,,0.0,0.0,0.0,0.0,0.0,0.0,0.0,0.0,1.0,0.0
True,2021/6/15 22:00:04,,3925355175375536246,Equ1,2021/6/15 21:09:50,1.0,0.0,0.0,1242.0,0.0,0.0,0.0,0.0,462.26,425.11,447.21,469.58,473.79,461.79,5.6,9.72,12.02,0.0,9.23,5.6,126.24,162.86,173.6,174.87,162.34,129.11,1429.76,1396.73,1421.13,1431.48,1444.92,1429.29,12525.41,33.41,0.04,31484.09,19.32,2.95,2.03,9.54,1918.98,1985.1,1.0,1.0,-2.32,4.04,3.56,3.67,0.0,0.0,3.69,4.01,4.42,3.7,0.0,0.0,0.0,0.0,5.0,12.0,6.0,12.0,6.0,12.0,5.0,12.0,0.0,0.0,305.0,306.0,304.0,308.0,13.2,4.96,5.67,5.14,8.74,7.18,4.03,7.53,6.04,6.66,5.64,5.58,8.14,9.31,9.06,9.67,9.55,11.05,11.54,9.66,16.26,52.37,7.81,7.79,7.44,8.0,6.38,7.59,72.1,8.35,7.53,68.74,9.64,8.85,5.79,24.35,38.01,51.87,,,,0.0,0.0,0.0,0.0,0.0,0.0,0.0,0.0,1.0,0.0
True,2021/6/15 22:00:04,,3925355175375536247,Equ1,2021/6/15 21:09:55,1.0,0.0,0.0,1242.0,0.0,0.0,0.0,0.0,462.26,425.11,447.21,469.58,473.79,461.79,5.97,10.02,12.08,0.0,9.39,5.97,127.07,162.2,171.48,173.7,161.82,127.89,1431.53,1398.43,1422.59,1432.88,1446.48,1431.06,12474.64,33.79,0.04,31282.34,18.3,2.82,2.02,9.04,1916.67,1941.62,1.0,1.0,-2.32,4.04,3.54,3.66,0.0,0.0,3.7,2.65,4.48,3.62,0.0,0.0,0.0,0.0,5.0,12.0,6.0,12.0,6.0,12.0,5.0,12.0,0.0,0.0,306.0,307.0,304.0,309.0,13.23,4.95,5.65,5.12,8.73,7.16,4.04,7.49,6.02,6.6,5.6,5.53,8.1,9.25,8.99,9.57,9.42,10.78,11.11,9.13,13.88,52.82,7.81,7.79,7.42,7.97,6.38,7.58,72.09,8.33,7.52,68.75,9.62,8.84,5.79,24.26,37.95,51.84,,,,0.0,0.0,0.0,0.0,0.0,0.0,0.0,0.0,1.0,0.0
True,2021/6/15 22:00:04,,3925355175375536248,Equ1,2021/6/15 21:10:00,1.0,0.0,0.0,1242.0,0.0,0.0,0.0,0.0,462.26,425.11,447.21,469.58,473.79,461.79,6.0,10.18,12.24,0.0,9.39,6.0,126.85,161.52,169.65,172.74,160.6,126.3,1433.63,1400.66,1424.83,1434.96,1448.56,1433.16,12436.69,33.0,0.04,31112.44,18.38,2.77,2.03,9.07,1873.55,1965.06,1.0,1.0,-2.32,4.05,3.54,3.66,0.0,0.0,3.68,3.84,4.47,3.68,0.0,0.0,0.0,0.0,5.0,12.0,6.0,12.0,6.0,12.0,5.0,12.0,0.0,0.0,307.0,307.0,305.0,309.0,13.26,4.94,5.64,5.11,8.72,7.15,4.04,7.45,6.0,6.56,5.57,5.58,8.05,9.18,8.93,9.46,9.3,10.57,10.78,8.74,12.63,23.89,47.96,7.78,7.41,7.97,6.37,7.58,72.09,8.32,7.53,68.76,9.61,8.87,5.77,24.27,37.91,51.81,,,,0.0,0.0,0.0,0.0,0.0,0.0,0.0,0.0,1.0,0.0
True,2021/6/15 22:00:04,,3925355175375536249,Equ1,2021/6/15 21:10:05,1.0,0.0,0.0,1242.0,0.0,0.0,0.0,0.0,462.26,425.11,447.21,469.58,473.79,461.79,6.03,10.27,12.27,0.0,9.39,6.03,126.84,162.33,168.14,173.21,159.81,124.74,1435.92,1403.01,1427.11,1437.21,1450.81,1435.45,12247.94,28.59,0.05,30985.02,21.94,2.86,2.02,10.83,1899.96,1958.12,1.0,1.0,-2.32,4.05,3.54,3.66,0.0,0.0,3.71,2.56,4.47,3.99,0.0,0.0,0.0,0.0,5.0,12.0,6.0,12.0,6.0,12.0,5.0,12.0,0.0,0.0,307.0,308.0,305.0,310.0,13.28,4.92,5.62,5.1,8.7,7.14,4.04,7.42,5.98,6.52,5.52,5.51,8.02,9.13,8.88,9.37,9.19,10.38,10.5,8.48,11.89,16.74,47.97,7.78,7.4,7.96,6.37,7.57,72.1,8.3,7.53,68.77,9.57,8.84,5.79,24.25,37.89,51.79,,,,0.0,0.0,0.0,0.0,0.0,0.0,0.0,0.0,1.0,0.0
True,2021/6/15 22:00:04,,3925355175375536250,Equ1,2021/6/15 21:10:10,1.0,0.0,0.0,1242.0,0.0,0.0,0.0,0.0,462.26,425.11,447.21,469.58,473.79,461.79,5.96,10.37,12.51,0.0,9.37,5.96,127.04,162.8,170.73,173.96,162.96,128.43,1437.54,1404.8,1429.03,1438.89,1452.47,1437.07,12588.49,25.16,0.05,31346.05,23.77,2.73,2.02,11.74,1909.8,1926.36,1.0,1.0,-2.32,4.05,3.54,3.66,0.0,0.0,3.68,3.79,4.49,3.68,0.0,0.0,0.0,0.0,5.0,12.0,6.0,12.0,6.0,12.0,5.0,12.0,0.0,0.0,308.0,308.0,306.0,310.0,13.3,4.92,5.6,5.09,8.68,7.13,4.04,7.38,5.96,6.48,5.49,5.42,7.99,9.06,8.83,9.29,9.09,10.21,10.25,8.28,11.35,14.45,29.5,7.8,7.39,7.97,6.37,7.56,72.11,8.29,7.53,68.78,9.54,8.81,5.79,24.31,37.86,51.77,,,,0.0,0.0,0.0,0.0,0.0,0.0,0.0,0.0,1.0,0.0
True,2021/6/15 22:00:04,,3925355175375536251,Equ1,2021/6/15 21:10:15,1.0,0.0,0.0,1242.0,0.0,0.0,0.0,0.0,462.26,425.11,447.21,469.58,473.79,461.79,5.73,10.15,12.41,0.0,9.28,5.73,127.04,163.18,173.19,174.0,162.57,130.06,1438.78,1406.05,1430.42,1440.37,1453.86,1438.31,12701.84,29.71,0.05,31473.47,21.64,2.94,2.02,10.7,1906.03,1963.61,1.0,1.0,-2.32,4.05,3.54,3.66,0.0,0.0,3.67,2.73,4.47,3.72,0.0,0.0,0.0,0.0,5.0,12.0,6.0,12.0,6.0,12.0,5.0,12.0,0.0,0.0,308.0,309.0,306.0,311.0,13.32,4.91,5.59,5.07,8.66,7.12,4.03,7.34,5.94,6.43,5.44,5.36,7.94,9.01,8.78,9.21,8.99,10.06,10.06,8.12,10.96,13.23,18.55,48.32,7.38,7.97,6.35,7.55,72.11,8.27,7.52,68.78,9.49,8.77,5.79,24.37,37.96,51.73,,,,0.0,0.0,0.0,0.0,0.0,0.0,0.0,0.0,1.0,0.0
True,2021/6/15 22:00:04,,3925355175375536252,Equ1,2021/6/15 21:10:25,1.0,0.0,0.0,1242.0,0.0,0.0,0.0,0.0,462.26,425.11,447.21,469.58,473.79,461.79,5.97,9.99,12.12,0.0,9.46,5.97,127.6,162.25,172.41,174.07,162.41,128.21,1441.21,1408.08,1432.31,1442.56,1456.23,1440.74,12550.04,38.41,0.04,31346.05,16.32,2.86,2.03,8.06,1894.53,1936.05,1.0,1.0,-2.32,4.04,3.54,3.66,0.0,0.0,3.95,3.75,4.6,3.7,0.0,0.0,0.0,0.0,5.0,12.0,6.0,12.0,6.0,12.0,5.0,12.0,0.0,0.0,309.0,310.0,307.0,312.0,13.36,4.9,5.57,5.06,8.63,7.1,4.03,7.29,5.9,6.35,5.37,5.3,7.87,8.89,8.7,9.09,8.86,9.84,9.75,7.9,10.42,11.94,14.5,48.04,7.36,7.95,6.34,7.53,72.1,8.25,7.51,68.77,9.44,8.74,5.79,24.27,38.05,51.59,,,,0.0,0.0,0.0,0.0,0.0,0.0,0.0,0.0,1.0,0.0
True,2021/6/15 22:00:04,,3925355175375536253,Equ1,2021/6/15 21:10:30,1.0,0.0,0.0,1242.0,0.0,0.0,0.0,0.0,462.26,425.11,447.21,469.58,473.79,461.79,6.02,10.09,12.21,0.0,9.5,6.02,126.19,162.02,171.72,173.22,161.37,127.84,1442.9,1409.82,1434.05,1444.2,1457.91,1442.43,12550.04,38.36,0.04,31208.01,16.15,2.83,2.03,7.97,1930.12,1942.93,1.0,1.0,-2.32,4.04,3.54,3.66,0.0,0.0,3.68,4.15,4.67,3.68,0.0,0.0,0.0,0.0,5.0,12.0,6.0,12.0,6.0,12.0,5.0,12.0,0.0,0.0,309.0,310.0,308.0,312.0,13.38,4.9,5.54,5.06,8.62,7.09,4.04,7.26,5.88,6.32,5.34,5.27,7.84,8.93,8.66,9.03,8.8,9.74,9.59,7.78,10.19,11.48,13.49,16.74,46.48,7.95,6.34,7.52,72.1,8.23,7.51,68.77,9.42,8.74,5.79,24.27,38.02,51.56,,,,0.0,0.0,0.0,0.0,0.0,0.0,0.0,0.0,1.0,0.0
True,2021/6/15 22:00:04,,3925355175375536254,Equ1,2021/6/15 21:10:35,1.0,0.0,0.0,1242.0,0.0,0.0,0.0,0.0,462.26,425.11,447.21,469.58,473.79,461.79,6.08,10.15,12.23,0.0,9.51,6.08,126.92,162.67,171.18,173.7,161.53,127.1,1444.91,1411.83,1436.02,1446.15,1459.88,1444.44,12449.51,32.51,0.04,31282.34,18.14,2.69,2.03,8.95,1930.48,1945.1,1.0,1.0,-2.32,4.04,3.54,3.66,0.0,0.0,4.0,3.74,4.32,3.97,0.0,0.0,0.0,0.0,5.0,12.0,6.0,12.0,6.0,12.0,5.0,12.0,0.0,0.0,310.0,311.0,308.0,313.0,13.41,4.88,5.53,5.05,8.61,7.08,4.04,7.23,5.84,6.28,5.31,5.24,7.78,8.9,8.63,8.98,8.73,9.65,9.45,7.69,9.99,11.11,12.74,14.0,46.58,7.94,6.34,7.52,72.1,8.22,7.51,68.78,9.4,8.72,5.78,24.26,38.01,51.52,,,,0.0,0.0,0.0,0.0,0.0,0.0,0.0,0.0,1.0,0.0
True,2021/6/15 22:00:04,,3925355175375536255,Equ1,2021/6/15 21:10:40,1.0,0.0,0.0,1242.0,0.0,0.0,0.0,0.0,462.26,425.11,447.21,469.58,473.79,461.79,6.04,10.34,12.48,0.0,9.46,6.04,128.39,162.85,171.12,173.71,162.95,128.59,1446.61,1413.76,1438.0,1447.89,1461.56,1446.14,12689.02,26.16,0.05,31409.76,21.54,2.57,2.02,10.64,1900.9,2000.0,1.0,1.0,-2.32,4.04,3.54,3.66,0.0,0.0,3.68,3.97,4.59,3.68,0.0,0.0,0.0,0.0,5.0,12.0,6.0,12.0,6.0,12.0,5.0,12.0,0.0,0.0,310.0,311.0,309.0,314.0,13.43,4.87,5.53,5.04,8.58,7.07,4.03,7.2,5.82,6.26,5.28,5.19,7.74,8.88,8.5,8.91,8.67,9.55,9.32,7.62,9.81,10.8,12.24,12.88,18.26,54.21,6.33,7.51,72.09,8.21,7.5,68.78,9.36,8.69,5.79,24.3,37.97,51.49,,,,0.0,0.0,0.0,0.0,0.0,0.0,0.0,0.0,1.0,0.0
True,2021/6/15 22:00:04,,3925355175375536256,Equ1,2021/6/15 21:10:45,1.0,0.0,0.0,1242.0,0.0,0.0,0.0,0.0,462.26,425.11,447.21,469.58,473.79,461.79,5.75,10.03,12.38,0.0,9.37,5.75,129.82,163.18,172.7,174.46,162.79,129.35,1447.7,1414.83,1439.28,1449.27,1462.85,1447.23,12814.68,30.73,0.05,31537.18,20.5,2.88,2.02,10.13,1923.39,1970.99,1.0,1.0,-2.32,4.03,3.53,3.65,0.0,0.0,3.7,3.75,4.32,3.77,0.0,0.0,0.0,0.0,5.0,12.0,6.0,12.0,6.0,12.0,5.0,12.0,0.0,0.0,311.0,312.0,309.0,314.0,13.45,4.87,5.53,5.04,8.57,7.07,4.04,7.16,5.81,6.23,5.25,5.16,7.7,8.84,8.47,8.87,8.62,9.47,9.22,7.55,9.66,10.56,11.83,12.16,13.97,54.91,6.33,7.49,72.08,8.19,7.49,68.77,9.33,8.67,5.79,24.36,38.07,51.42,,,,0.0,0.0,0.0,0.0,0.0,0.0,0.0,0.0,1.0,0.0
True,2021/6/15 22:00:04,,3925355175375536257,Equ1,2021/6/15 21:10:50,1.0,0.0,0.0,1242.0,0.0,0.0,0.0,0.0,462.26,425.11,447.21,469.58,473.79,461.79,5.86,9.79,12.04,0.0,9.51,5.86,126.09,162.76,172.67,175.04,162.96,128.91,1448.82,1415.6,1439.95,1450.28,1464.0,1448.35,12701.34,38.32,0.04,31452.24,16.25,2.84,2.03,8.02,1902.34,1973.52,1.0,1.0,-2.32,4.04,3.53,3.65,0.0,0.0,3.67,3.94,5.43,3.68,0.0,0.0,0.0,0.0,5.0,12.0,6.0,12.0,6.0,12.0,5.0,12.0,0.0,0.0,312.0,312.0,310.0,315.0,13.48,4.86,5.53,5.06,8.56,7.06,4.03,7.14,5.79,6.2,5.23,5.13,7.67,8.8,8.51,8.81,8.57,9.4,9.13,7.49,9.54,10.37,11.51,11.72,12.45,18.66,6.32,7.49,72.07,8.19,7.49,68.77,9.31,8.66,5.78,24.3,38.2,51.33,,,,0.0,0.0,0.0,0.0,0.0,0.0,0.0,0.0,1.0,0.0
True,2021/6/15 22:00:04,,3925355175375536258,Equ1,2021/6/15 21:10:55,1.0,0.0,0.0,1242.0,0.0,0.0,0.0,0.0,462.26,425.11,447.21,469.58,473.79,461.79,6.07,10.03,12.18,0.0,9.57,6.07,127.72,162.51,172.22,174.02,162.53,128.78,1450.43,1417.25,1441.49,1451.68,1465.46,1449.96,12625.44,37.74,0.04,31441.62,16.01,2.76,2.03,7.91,1914.42,1952.55,1.0,1.0,-2.32,4.05,3.53,3.66,0.0,0.0,3.84,3.72,4.15,3.73,0.0,0.0,0.0,0.0,5.0,12.0,6.0,12.0,6.0,12.0,5.0,12.0,0.0,0.0,312.0,313.0,310.0,315.0,13.49,4.84,5.52,5.05,8.62,7.04,4.03,7.11,5.78,6.17,5.2,5.09,7.64,8.75,8.5,8.87,8.52,9.33,9.03,7.44,9.43,10.2,11.26,11.42,11.58,14.99,55.51,7.47,72.05,8.17,7.49,68.76,9.28,8.65,5.78,24.26,38.14,51.26,,,,0.0,0.0,0.0,0.0,0.0,0.0,0.0,0.0,1.0,0.0
True,2021/6/15 22:00:04,,3925355175375536259,Equ1,2021/6/15 21:11:00,1.0,0.0,0.0,1242.0,0.0,0.0,0.0,0.0,462.26,425.11,447.21,469.58,473.79,461.79,6.1,10.17,12.28,0.0,9.58,6.1,125.98,162.12,170.56,172.93,160.84,126.82,1452.34,1419.26,1443.46,1453.56,1467.34,1451.87,12499.27,36.59,0.04,31144.3,16.54,2.76,2.02,8.17,1926.36,1938.58,1.0,1.0,-2.32,4.06,3.54,3.66,0.0,0.0,3.68,3.75,5.26,3.67,0.0,0.0,0.0,0.0,5.0,12.0,6.0,12.0,6.0,12.0,5.0,12.0,0.0,0.0,313.0,313.0,311.0,316.0,13.53,4.83,5.51,5.04,8.61,7.03,4.03,7.08,5.76,6.15,5.17,5.06,7.62,8.71,8.46,8.78,8.48,9.27,8.93,7.38,9.33,10.03,11.05,11.11,10.96,13.53,53.17,7.45,72.03,8.15,7.48,68.76,9.25,8.63,5.78,24.26,38.11,51.21,,,,0.0,0.0,0.0,0.0,0.0,0.0,0.0,0.0,1.0,0.0
True,2021/6/15 22:00:04,,3925355175375536260,Equ1,2021/6/15 21:11:05,1.0,0.0,0.0,1242.0,0.0,0.0,0.0,0.0,462.26,425.11,447.21,469.58,473.79,461.79,6.19,10.43,12.48,0.0,9.61,6.19,127.85,162.83,169.92,173.91,161.72,126.61,1454.36,1421.45,1445.6,1455.49,1469.31,1453.89,12486.95,28.68,0.05,31218.63,19.72,2.58,2.03,9.73,1914.57,1961.44,1.0,1.0,-2.32,4.06,3.54,3.67,0.0,0.0,3.82,3.79,4.16,3.76,0.0,0.0,0.0,0.0,5.0,12.0,6.0,12.0,6.0,12.0,5.0,12.0,0.0,0.0,313.0,314.0,311.0,316.0,13.54,4.82,5.49,5.05,8.59,7.03,4.03,7.06,5.75,6.12,5.16,5.03,7.59,8.68,8.43,8.67,8.41,9.21,8.85,7.33,9.23,9.9,10.86,10.82,10.52,12.64,16.39,50.9,72.03,8.14,7.48,68.75,9.23,8.61,5.79,24.27,38.02,51.17,,,,0.0,0.0,0.0,0.0,0.0,0.0,0.0,0.0,1.0,0.0
True,2021/6/15 22:00:04,,3925355175375536261,Equ1,2021/6/15 21:11:10,1.0,0.0,0.0,1242.0,0.0,0.0,0.0,0.0,462.26,425.11,447.21,469.58,473.79,461.79,6.02,10.48,12.69,0.0,9.49,6.02,126.39,163.08,171.33,173.52,162.49,129.5,1455.88,1423.19,1447.5,1457.18,1470.88,1455.41,12689.02,26.74,0.05,31346.05,22.23,2.71,2.03,10.98,1914.79,1936.27,1.0,1.0,-2.32,4.05,3.55,3.67,0.0,0.0,3.69,3.82,4.41,3.01,0.0,0.0,0.0,0.0,5.0,12.0,6.0,12.0,6.0,12.0,5.0,12.0,0.0,0.0,314.0,314.0,312.0,317.0,13.57,4.81,5.47,5.03,8.56,7.0,4.02,7.04,5.73,6.1,5.13,4.99,7.57,8.63,8.39,8.63,8.39,9.16,8.77,7.29,9.15,9.79,10.69,10.48,10.16,12.02,12.36,46.68,67.24,8.13,7.47,68.74,9.2,8.59,5.78,24.34,38.01,51.15,,,,0.0,0.0,0.0,0.0,0.0,0.0,0.0,0.0,1.0,0.0
True,2021/6/15 22:00:04,,3925355175375536262,Equ1,2021/6/15 21:11:15,1.0,0.0,0.0,1242.0,0.0,0.0,0.0,0.0,462.26,425.11,447.21,469.58,473.79,461.79,5.79,10.14,12.5,0.0,9.46,5.79,126.1,162.83,173.31,174.2,162.47,129.4,1456.96,1424.16,1448.62,1458.49,1472.16,1456.49,12764.42,34.36,0.04,31377.91,19.85,3.12,2.02,9.81,1886.79,1978.3,1.0,1.0,-2.32,4.05,3.54,3.66,0.0,0.0,3.84,3.35,4.23,3.71,0.0,0.0,0.0,0.0,5.0,12.0,6.0,12.0,6.0,12.0,5.0,12.0,0.0,0.0,314.0,315.0,312.0,317.0,13.58,4.8,5.46,5.03,8.56,7.0,4.03,7.01,5.73,6.08,5.11,4.97,7.55,8.59,8.36,8.59,8.35,9.11,8.72,7.25,9.07,9.69,10.56,10.23,9.87,11.56,11.06,42.26,69.95,8.12,7.47,68.74,9.18,8.58,5.78,24.38,38.14,51.07,,,,0.0,0.0,0.0,0.0,0.0,0.0,0.0,0.0,1.0,0.0
True,2021/6/15 22:00:04,,3925355175375536263,Equ1,2021/6/15 21:11:20,1.0,0.0,0.0,1242.0,0.0,0.0,0.0,0.0,462.26,425.11,447.21,469.58,473.79,461.79,6.0,10.01,12.23,0.0,9.61,6.0,128.4,162.63,172.31,174.26,162.75,128.59,1458.43,1425.29,1449.6,1459.74,1473.57,1457.96,12638.25,35.59,0.04,31377.91,17.51,2.84,2.03,8.64,1899.96,1932.51,1.0,1.0,-2.32,4.04,3.54,3.66,0.0,0.0,3.68,3.77,4.44,4.05,0.0,0.0,0.0,0.0,5.0,12.0,6.0,12.0,6.0,12.0,5.0,12.0,0.0,0.0,315.0,315.0,313.0,318.0,13.61,4.8,5.46,5.03,8.55,7.01,4.04,7.0,5.72,6.06,5.1,4.95,7.53,8.56,8.33,8.56,8.38,9.06,8.67,7.23,9.02,9.6,10.43,10.03,9.66,11.22,10.31,18.84,74.08,8.12,7.47,68.74,9.17,8.58,5.78,24.29,38.19,50.98,,,,0.0,0.0,0.0,0.0,0.0,0.0,0.0,0.0,1.0,0.0
True,2021/6/15 22:00:04,,3925355175375536264,Equ1,2021/6/15 21:11:25,1.0,0.0,0.0,1242.0,0.0,0.0,0.0,0.0,462.26,425.11,447.21,469.58,473.79,461.79,6.16,10.24,12.36,0.0,9.68,6.16,126.2,162.72,171.85,173.7,161.83,127.94,1460.14,1427.07,1451.29,1461.3,1475.19,1459.67,12537.22,38.49,0.04,31314.2,16.83,2.96,2.02,8.32,1909.36,1979.96,1.0,1.0,-2.32,4.04,3.53,3.66,0.0,0.0,3.8,3.23,5.41,3.78,0.0,0.0,0.0,0.0,5.0,12.0,6.0,12.0,6.0,12.0,5.0,12.0,0.0,0.0,315.0,316.0,313.0,318.0,13.62,4.79,5.45,5.02,8.53,7.01,4.03,6.98,5.71,6.05,5.08,4.93,7.52,8.52,8.29,8.51,8.33,9.0,8.62,7.2,8.96,9.52,10.32,9.89,9.48,10.93,9.75,13.88,71.92,59.62,7.46,68.74,9.16,8.57,5.78,24.27,38.13,50.94,,,,0.0,0.0,0.0,0.0,0.0,0.0,0.0,0.0,1.0,0.0
True,2021/6/15 22:00:04,,3925355175375536265,Equ1,2021/6/15 21:11:30,1.0,0.0,0.0,1242.0,0.0,0.0,0.0,0.0,462.26,425.11,447.21,469.58,473.79,461.79,6.19,10.35,12.43,0.0,9.67,6.19,127.17,163.02,169.88,172.97,160.52,125.8,1462.23,1429.24,1453.42,1463.35,1477.24,1461.76,12436.18,34.9,0.04,31144.3,18.82,3.0,2.03,9.29,1894.68,1943.94,1.0,1.0,-2.32,4.04,3.53,3.66,0.0,0.0,3.2,3.93,4.15,3.31,0.0,0.0,0.0,0.0,5.0,12.0,6.0,12.0,6.0,12.0,5.0,12.0,0.0,0.0,316.0,316.0,314.0,319.0,13.66,4.78,5.44,5.02,8.51,7.01,4.04,6.96,5.69,6.02,5.06,4.91,7.51,8.49,8.26,8.47,8.29,8.96,8.56,7.18,8.91,9.45,10.23,9.77,9.33,10.72,9.37,12.32,72.0,61.43,7.46,68.74,9.13,8.56,5.79,24.26,38.12,50.91,,,,0.0,0.0,0.0,0.0,0.0,0.0,0.0,0.0,1.0,0.0
True,2021/6/15 22:00:04,,3925355175375536266,Equ1,2021/6/15 21:11:35,1.0,0.0,0.0,1242.0,0.0,0.0,0.0,0.0,462.26,425.11,447.21,469.58,473.79,461.79,6.27,10.41,12.45,0.0,9.71,6.27,128.24,163.01,169.95,173.93,161.0,125.49,1463.93,1430.92,1455.06,1464.98,1478.9,1463.45,12385.92,29.27,0.05,31218.63,21.24,2.84,2.03,10.48,1890.84,1966.36,1.0,1.0,-2.32,4.04,3.54,3.66,0.0,0.0,3.73,3.75,4.66,3.88,0.0,0.0,0.0,0.0,5.0,12.0,6.0,12.0,6.0,12.0,5.0,12.0,0.0,0.0,316.0,317.0,314.0,319.0,13.67,4.77,5.43,5.01,8.5,7.01,4.04,6.94,5.69,6.02,5.06,4.9,7.49,8.47,8.23,8.44,8.26,8.92,8.52,7.15,8.87,9.4,10.16,9.66,9.22,10.56,9.11,11.47,71.99,26.15,7.47,68.75,9.13,8.55,5.78,24.26,38.08,50.88,,,,0.0,0.0,0.0,0.0,0.0,0.0,0.0,0.0,1.0,0.0
True,2021/6/15 22:00:04,,3925355175375536267,Equ1,2021/6/15 21:11:40,1.0,0.0,0.0,1242.0,0.0,0.0,0.0,0.0,462.26,425.11,447.21,469.58,473.79,461.79,6.19,10.62,12.75,0.0,9.66,6.19,128.73,162.04,170.08,173.39,162.72,128.14,1465.73,1433.02,1457.24,1466.86,1480.73,1465.27,12587.99,27.22,0.05,31303.58,23.38,2.91,2.02,11.55,1906.03,1955.01,1.0,1.0,-2.32,4.04,3.54,3.66,0.0,0.0,3.67,4.03,5.16,2.81,0.0,0.0,0.0,0.0,5.0,12.0,6.0,12.0,6.0,12.0,5.0,12.0,0.0,0.0,317.0,317.0,315.0,320.0,13.7,4.76,5.41,4.99,8.48,7.01,4.05,6.93,5.68,6.0,5.03,4.87,7.47,8.44,8.21,8.41,8.22,8.88,8.46,7.14,8.82,9.32,10.08,9.54,9.1,10.38,8.86,10.83,72.0,19.94,46.97,68.71,9.09,8.53,5.79,24.32,38.02,50.86,,,,0.0,0.0,0.0,0.0,0.0,0.0,0.0,0.0,1.0,0.0
True,2021/6/15 22:00:04,,3925355175375536268,Equ1,2021/6/15 21:11:45,1.0,0.0,0.0,1242.0,0.0,0.0,0.0,0.0,462.26,425.11,447.21,469.58,473.79,461.79,5.98,10.31,12.62,0.0,9.61,5.98,125.95,162.8,173.29,174.35,162.69,129.66,1466.98,1434.16,1458.57,1468.32,1482.14,1466.51,12701.34,33.79,0.04,31441.62,22.05,3.4,2.02,10.89,1914.06,1950.74,1.0,1.0,-2.32,4.04,3.54,3.66,0.0,0.0,3.79,3.76,4.66,3.8,0.0,0.0,0.0,0.0,5.0,12.0,6.0,12.0,6.0,12.0,5.0,12.0,0.0,0.0,317.0,318.0,315.0,320.0,13.71,4.76,5.41,4.99,8.46,7.01,4.03,6.92,5.67,5.98,5.02,4.86,7.46,8.4,8.18,8.38,8.19,8.84,8.43,7.11,8.77,9.28,10.01,9.43,8.99,10.24,8.66,10.38,71.99,17.35,47.08,68.72,9.07,8.52,5.79,24.35,38.12,50.81,,,,0.0,0.0,0.0,0.0,0.0,0.0,0.0,0.0,1.0,0.0
True,2021/6/15 22:00:04,,3925355175375536269,Equ1,2021/6/15 21:11:50,1.0,0.0,0.0,1242.0,0.0,0.0,0.0,0.0,462.26,425.11,447.21,469.58,473.79,461.79,6.17,10.22,12.39,0.0,9.73,6.17,125.94,162.25,172.74,174.58,162.5,128.82,1468.11,1435.01,1459.28,1469.26,1483.21,1467.64,12651.07,36.57,0.04,31388.53,17.34,2.89,2.03,8.55,1893.88,1971.14,1.0,1.0,-2.32,4.05,3.54,3.66,0.0,0.0,3.67,4.05,4.13,4.65,0.0,0.0,0.0,0.0,5.0,12.0,6.0,12.0,6.0,12.0,5.0,12.0,0.0,0.0,318.0,318.0,316.0,321.0,13.74,4.76,5.39,4.99,8.45,7.0,4.05,6.9,5.66,5.97,5.02,4.84,7.45,8.36,8.18,8.36,8.16,8.8,8.38,7.1,8.74,9.23,9.94,9.33,8.88,10.09,8.49,10.06,72.0,15.73,17.6,67.93,9.09,8.52,5.79,24.28,38.15,50.77,,,,0.0,0.0,0.0,0.0,0.0,0.0,0.0,0.0,1.0,0.0
True,2021/6/15 22:00:04,,3925355175375536270,Equ1,2021/6/15 21:11:55,1.0,0.0,0.0,1242.0,0.0,0.0,0.0,0.0,462.26,425.11,447.21,469.58,473.79,461.79,6.3,10.48,12.57,0.0,9.76,6.3,128.46,162.34,173.02,173.89,161.95,128.88,1469.52,1436.55,1460.74,1470.54,1484.51,1469.05,12613.12,37.81,0.04,31409.76,15.98,2.76,2.02,7.89,1875.29,1925.64,1.0,1.0,-2.32,4.05,3.54,3.66,0.0,0.0,3.9,3.76,4.53,3.87,0.0,0.0,0.0,0.0,5.0,12.0,6.0,12.0,6.0,12.0,5.0,12.0,0.0,0.0,318.0,319.0,316.0,321.0,13.75,4.76,5.39,4.99,8.44,7.0,4.05,6.89,5.65,5.95,5.01,4.83,7.44,8.34,8.16,8.34,8.13,8.77,8.33,7.09,8.71,9.19,9.89,9.26,8.8,9.97,8.34,9.79,72.01,14.7,13.37,70.87,9.08,8.52,5.79,24.27,38.08,50.75,,,,0.0,0.0,0.0,0.0,0.0,0.0,0.0,0.0,1.0,0.0
True,2021/6/15 22:00:04,,3925355175375536271,Equ1,2021/6/15 21:12:00,1.0,0.0,0.0,1242.0,0.0,0.0,0.0,0.0,462.26,425.11,447.21,469.58,473.79,461.79,6.3,10.47,12.57,0.0,9.76,6.29,127.52,163.17,170.93,173.51,161.4,127.58,1471.34,1438.36,1462.56,1472.36,1486.34,1470.87,12550.04,37.28,0.04,31314.2,16.34,2.78,2.02,8.07,1891.28,1955.44,1.0,1.0,-2.32,4.05,3.54,3.66,0.0,0.0,3.68,4.06,3.77,3.27,0.0,0.0,0.0,0.0,5.0,12.0,6.0,12.0,6.0,12.0,5.0,12.0,0.0,0.0,319.0,319.0,317.0,322.0,13.79,4.75,5.38,4.98,8.43,7.0,4.05,6.87,5.65,5.94,4.99,4.82,7.43,8.32,8.14,8.31,8.11,8.74,8.28,7.05,8.69,9.17,9.83,9.2,8.72,9.86,8.21,9.57,72.01,13.96,11.88,71.29,62.17,8.51,5.78,24.27,38.09,50.73,,,,0.0,0.0,0.0,0.0,0.0,0.0,0.0,0.0,1.0,0.0
True,2021/6/15 22:00:04,,3925355175375536272,Equ1,2021/6/15 21:12:05,1.0,0.0,0.0,1242.0,0.0,0.0,0.0,0.0,462.26,425.11,447.21,469.58,473.79,461.79,6.36,10.58,12.65,0.0,9.8,6.36,129.72,162.77,171.99,174.03,162.89,128.89,1472.98,1440.05,1464.22,1473.94,1487.95,1472.51,12676.2,29.2,0.05,31505.33,17.6,2.35,2.03,8.69,1893.45,1861.4,1.0,1.0,-2.32,4.05,3.54,3.66,0.0,0.0,3.86,3.76,4.56,3.6,0.0,0.0,0.0,0.0,5.0,12.0,6.0,12.0,6.0,12.0,5.0,12.0,0.0,0.0,319.0,320.0,317.0,322.0,13.8,4.74,5.36,4.97,8.41,6.99,4.05,6.85,5.64,5.93,4.97,4.8,7.42,8.29,8.11,8.29,8.08,8.7,8.23,7.03,8.65,9.13,9.78,9.12,8.65,9.77,8.1,9.38,72.0,13.39,11.13,70.91,59.96,8.49,5.78,24.28,38.06,50.71,,,,0.0,0.0,0.0,0.0,0.0,0.0,0.0,0.0,1.0,0.0
True,2021/6/15 22:00:04,,3925355175375536273,Equ1,2021/6/15 21:12:10,1.0,0.0,0.0,1242.0,0.0,0.0,0.0,0.0,462.26,425.11,447.21,469.58,473.79,461.79,6.19,10.61,12.83,0.0,9.7,6.19,126.29,162.83,172.86,174.39,162.72,129.51,1474.02,1441.29,1465.6,1475.14,1489.05,1473.55,12777.24,30.7,0.05,31409.76,18.3,2.57,2.02,9.04,1908.85,1937.93,1.0,1.0,-2.32,4.04,3.54,3.66,0.0,0.0,3.68,3.79,3.61,3.26,0.0,0.0,0.0,0.0,5.0,12.0,6.0,12.0,6.0,12.0,5.0,12.0,0.0,0.0,320.0,320.0,318.0,323.0,13.83,4.72,5.35,4.96,8.39,6.98,4.04,6.83,5.63,5.93,4.97,4.81,7.39,8.26,8.08,8.26,8.06,8.67,8.18,7.0,8.62,9.09,9.86,9.04,8.58,9.69,7.99,9.22,72.0,12.93,10.58,70.77,33.12,52.28,5.79,24.34,38.06,50.7,,,,0.0,0.0,0.0,0.0,0.0,0.0,0.0,0.0,1.0,0.0
True,2021/6/15 22:00:04,,3925355175375536274,Equ1,2021/6/15 21:12:15,1.0,0.0,0.0,1242.0,0.0,0.0,0.0,0.0,462.26,425.11,447.21,469.58,473.79,461.79,6.08,10.36,12.64,0.0,9.68,6.08,127.1,163.53,173.05,174.84,162.93,129.69,1475.1,1442.23,1466.6,1476.33,1490.23,1474.63,12777.24,34.87,0.04,31547.8,17.57,2.8,2.02,8.68,1915.94,1962.24,1.0,1.0,-2.32,4.04,3.53,3.65,0.0,0.0,3.78,3.74,4.47,6.49,0.0,0.0,0.0,0.0,5.0,12.0,6.0,12.0,6.0,12.0,5.0,12.0,0.0,0.0,320.0,321.0,318.0,323.0,13.84,4.72,5.34,4.95,8.39,6.97,4.04,6.81,5.62,5.91,4.96,4.81,7.38,8.23,8.07,8.24,8.03,8.65,8.15,6.97,8.59,9.05,9.77,8.98,8.5,9.61,7.9,9.08,72.0,12.55,10.24,70.68,20.89,52.66,5.79,24.34,38.09,50.66,,,,0.0,0.0,0.0,0.0,0.0,0.0,0.0,0.0,1.0,0.0
True,2021/6/15 22:00:04,,3925355175375536275,Equ1,2021/6/15 21:12:20,1.0,0.0,0.0,1242.0,0.0,0.0,0.0,0.0,462.26,425.11,447.21,469.58,473.79,461.79,6.29,10.4,12.53,0.0,9.82,6.29,127.36,162.33,173.06,174.29,162.12,128.89,1476.4,1443.36,1467.58,1477.43,1491.46,1475.93,12587.99,39.08,0.03,31377.91,14.22,2.54,2.02,7.02,1903.86,1948.79,1.0,1.0,-2.32,4.04,3.53,3.65,0.0,0.0,3.06,3.91,4.09,3.47,0.0,0.0,0.0,0.0,5.0,12.0,6.0,12.0,6.0,12.0,5.0,12.0,0.0,0.0,321.0,321.0,319.0,324.0,13.87,4.72,5.34,4.95,8.37,6.97,4.05,6.8,5.61,5.9,4.95,4.79,7.38,8.21,8.06,8.22,8.02,8.62,8.11,6.95,8.56,9.02,9.66,8.94,8.45,9.52,7.82,8.97,71.98,12.23,9.97,70.62,17.75,29.03,5.78,24.27,38.1,50.63,,,,0.0,0.0,0.0,0.0,0.0,0.0,0.0,0.0,1.0,0.0
True,2021/6/15 22:00:04,,3925355175375536276,Equ1,2021/6/15 21:12:25,1.0,0.0,0.0,1242.0,0.0,0.0,0.0,0.0,462.26,425.11,447.21,469.58,473.79,461.79,6.46,10.64,12.7,0.0,9.85,6.46,129.75,162.66,172.53,173.99,162.23,129.28,1477.8,1444.83,1468.99,1478.66,1492.72,1477.32,12613.12,38.4,0.04,31505.33,14.16,2.48,2.03,6.99,1905.17,1939.31,1.0,1.0,-2.32,4.04,3.54,3.66,0.0,0.0,3.67,3.76,4.48,3.46,0.0,0.0,0.0,0.0,5.0,12.0,6.0,12.0,6.0,12.0,5.0,12.0,0.0,0.0,321.0,322.0,319.0,324.0,13.88,47.91,5.32,4.94,8.35,6.96,4.04,6.78,5.61,5.89,4.93,4.75,7.25,8.18,8.04,8.21,8.0,8.59,8.07,6.93,8.52,8.96,9.59,8.87,8.39,9.44,7.74,8.87,71.98,11.95,9.7,70.58,16.1,19.95,5.78,24.27,38.05,50.62,,,,0.0,0.0,0.0,0.0,0.0,0.0,0.0,0.0,1.0,0.0
True,2021/6/15 22:00:04,,3925355175375536277,Equ1,2021/6/15 21:12:30,1.0,0.0,0.0,1242.0,0.0,0.0,0.0,0.0,462.26,425.11,447.21,469.58,473.79,461.79,6.43,10.65,12.73,0.0,9.87,6.43,127.97,162.79,171.93,173.55,162.5,128.36,1479.39,1446.47,1470.65,1480.29,1494.36,1478.92,12575.67,34.64,0.04,31409.76,15.79,2.49,2.03,7.79,1891.35,1953.2,1.0,1.0,-2.32,4.04,3.54,3.66,0.0,0.0,4.1,3.77,4.71,3.36,0.0,0.0,0.0,0.0,5.0,12.0,6.0,12.0,6.0,12.0,5.0,12.0,0.0,0.0,322.0,322.0,320.0,325.0,13.91,43.28,5.31,4.92,8.34,6.96,4.05,6.76,5.59,5.86,4.91,4.69,7.25,8.15,8.02,8.19,7.98,8.58,8.03,6.91,8.48,8.92,9.55,8.82,8.33,9.38,7.67,8.77,71.97,11.7,9.5,70.54,14.99,17.16,5.78,24.27,38.06,50.61,,,,0.0,0.0,0.0,0.0,0.0,0.0,0.0,0.0,1.0,0.0
True,2021/6/15 22:00:04,,3925355175375536278,Equ1,2021/6/15 21:12:35,1.0,0.0,0.0,1242.0,0.0,0.0,0.0,0.0,462.26,425.11,447.21,469.58,473.79,461.79,6.47,10.79,12.86,0.0,9.88,6.47,127.71,163.15,172.09,173.9,162.21,129.09,1481.05,1448.22,1472.38,1481.9,1495.98,1480.58,12587.99,28.1,0.05,31409.76,17.93,2.3,2.03,8.85,1909.8,1951.03,1.0,1.0,-2.32,4.05,3.54,3.66,0.0,0.0,4.02,3.75,4.5,3.58,0.0,0.0,0.0,0.0,5.0,12.0,6.0,12.0,6.0,12.0,5.0,12.0,0.0,0.0,322.0,323.0,320.0,325.0,13.93,41.5,5.39,4.91,8.32,6.94,4.04,6.74,5.58,5.84,4.9,4.67,7.25,8.12,7.99,8.17,7.96,8.55,7.99,6.89,8.45,8.88,9.5,8.77,8.29,9.31,7.6,8.68,71.96,11.5,9.33,70.52,14.26,15.61,5.79,24.28,38.02,50.6,,,,0.0,0.0,0.0,0.0,0.0,0.0,0.0,0.0,1.0,0.0
True,2021/6/15 22:00:04,,3925355175375536279,Equ1,2021/6/15 21:12:40,1.0,0.0,0.0,1242.0,0.0,0.0,0.0,0.0,462.26,425.11,447.21,469.58,473.79,461.79,6.31,10.75,12.92,0.0,9.79,6.31,127.95,163.17,172.66,174.25,162.66,129.43,1482.19,1449.47,1473.75,1483.2,1497.2,1481.72,12777.24,28.72,0.05,31473.47,18.0,2.36,2.03,8.89,1916.16,1948.64,1.0,1.0,-2.32,4.05,3.54,3.66,0.0,0.0,4.02,3.86,3.52,4.63,0.0,0.0,0.0,0.0,5.0,12.0,6.0,12.0,6.0,12.0,5.0,12.0,0.0,0.0,323.0,323.0,321.0,326.0,13.96,9.8,41.46,4.91,8.32,6.94,4.05,6.72,5.57,5.83,4.88,4.7,7.42,8.3,7.99,8.16,7.95,8.53,7.96,6.88,8.43,8.85,9.47,8.72,8.25,9.26,7.55,8.61,71.96,11.33,9.19,70.5,13.72,14.57,5.78,24.33,38.04,50.59,,,,0.0,0.0,0.0,0.0,0.0,0.0,0.0,0.0,1.0,0.0
True,2021/6/15 22:00:04,,3925355175375536280,Equ1,2021/6/15 21:12:50,1.0,0.0,0.0,1242.0,0.0,0.0,0.0,0.0,462.26,425.11,447.21,469.58,473.79,461.79,6.52,10.52,12.59,0.0,9.98,6.52,127.71,162.91,173.1,174.46,162.57,129.01,1484.56,1451.41,1475.58,1485.36,1499.55,1484.09,12537.22,36.8,0.04,31473.47,15.31,2.57,2.03,7.56,1901.19,1952.19,1.0,1.0,-2.32,4.05,3.54,3.66,0.0,0.0,3.68,3.66,4.46,4.63,0.0,0.0,0.0,0.0,5.0,12.0,6.0,12.0,6.0,12.0,5.0,12.0,0.0,0.0,324.0,324.0,321.0,327.0,13.99,7.58,16.05,51.59,8.29,6.93,4.05,6.7,5.56,5.81,4.86,4.69,7.34,8.14,7.96,8.13,7.92,8.5,7.91,6.86,8.39,8.8,9.42,8.63,8.33,9.18,7.45,8.48,71.95,11.06,9.03,70.48,13.02,13.43,5.79,24.23,38.1,50.57,,,,0.0,0.0,0.0,0.0,0.0,0.0,0.0,0.0,1.0,0.0
True,2021/6/15 22:00:04,,3925355175375536281,Equ1,2021/6/15 21:12:55,1.0,0.0,0.0,1242.0,0.0,0.0,0.0,0.0,462.26,425.11,447.21,469.58,473.79,461.79,6.65,10.81,12.78,0.0,10.0,6.65,128.33,162.98,172.14,173.9,161.99,128.79,1486.05,1453.07,1477.13,1486.72,1500.94,1485.58,12512.09,36.91,0.04,31409.76,15.4,2.59,2.03,7.6,1922.53,1962.89,1.0,1.0,-2.32,4.05,3.53,3.66,0.0,0.0,3.74,3.74,4.51,4.07,0.0,0.0,0.0,0.0,5.0,12.0,6.0,12.0,6.0,12.0,5.0,12.0,0.0,0.0,324.0,325.0,322.0,327.0,14.01,7.0,11.35,33.36,8.29,6.93,4.05,6.69,5.55,5.8,4.85,4.68,7.3,8.09,7.95,8.12,7.91,8.47,7.88,6.84,8.36,8.77,9.38,8.58,8.26,9.11,7.41,8.43,71.94,10.91,8.93,70.46,12.68,12.97,5.78,24.23,38.03,50.56,,,,0.0,0.0,0.0,0.0,0.0,0.0,0.0,0.0,1.0,0.0
True,2021/6/15 22:00:04,,3925355175375536282,Equ1,2021/6/15 21:13:00,1.0,0.0,0.0,1242.0,0.0,0.0,0.0,0.0,462.26,425.11,447.21,469.58,473.79,461.79,6.6,10.76,12.76,0.0,10.02,6.6,128.1,163.27,171.37,173.71,160.94,127.4,1487.99,1455.01,1479.11,1488.72,1502.95,1487.52,12550.04,32.53,0.04,31314.2,17.9,2.66,2.03,8.84,1924.55,1962.02,1.0,1.0,-2.32,4.04,3.53,3.66,0.0,0.0,3.72,3.72,4.45,3.5,0.0,0.0,0.0,0.0,5.0,12.0,6.0,12.0,6.0,12.0,5.0,12.0,0.0,0.0,325.0,325.0,322.0,328.0,14.03,6.67,10.05,11.75,47.23,6.93,4.05,6.67,5.54,5.78,4.83,4.66,7.29,8.06,7.94,8.11,7.9,8.46,7.85,6.83,8.35,8.75,9.35,8.54,8.21,9.06,7.37,8.36,71.94,10.79,8.82,70.46,12.4,12.59,5.79,24.23,38.04,50.55,,,,0.0,0.0,0.0,0.0,0.0,0.0,0.0,0.0,1.0,0.0
True,2021/6/15 22:00:04,,3925355175375536283,Equ1,2021/6/15 21:13:05,1.0,0.0,0.0,1242.0,0.0,0.0,0.0,0.0,462.26,425.11,447.21,469.58,473.79,461.79,6.66,10.92,12.91,0.0,10.03,6.66,128.5,162.82,171.34,173.64,162.23,127.76,1489.91,1457.02,1481.12,1490.57,1504.82,1489.44,12524.9,27.17,0.05,31377.91,20.15,2.5,2.03,9.95,1919.13,1961.23,1.0,1.0,-2.32,4.04,3.54,3.66,0.0,0.0,3.72,3.71,4.39,3.53,0.0,0.0,0.0,0.0,5.0,12.0,6.0,12.0,6.0,12.0,5.0,12.0,0.0,0.0,325.0,326.0,323.0,328.0,14.06,6.42,9.17,9.51,56.03,6.92,4.05,6.66,5.53,5.76,4.82,4.65,7.26,8.04,7.91,8.1,7.88,8.44,7.82,6.82,8.33,8.73,9.32,8.49,8.14,9.02,7.41,8.32,71.93,10.68,8.73,70.45,12.16,12.25,5.79,24.23,38.01,50.55,,,,0.0,0.0,0.0,0.0,0.0,0.0,0.0,0.0,1.0,0.0
True,2021/6/15 22:00:04,,3925355175375536284,Equ1,2021/6/15 21:13:10,1.0,0.0,0.0,1242.0,0.0,0.0,0.0,0.0,462.26,425.11,447.21,469.58,473.79,461.79,6.54,10.89,12.99,0.0,9.96,6.54,130.25,162.54,172.87,173.84,162.24,129.38,1491.37,1458.56,1482.76,1492.14,1506.31,1490.9,12726.47,28.82,0.05,31505.33,20.94,2.76,2.03,10.34,1899.96,1972.73,1.0,1.0,-2.32,4.04,3.53,3.65,0.0,0.0,3.15,3.8,4.46,4.16,0.0,0.0,0.0,0.0,5.0,12.0,6.0,12.0,6.0,12.0,5.0,12.0,0.0,0.0,326.0,326.0,323.0,329.0,14.08,6.23,8.63,8.6,55.38,6.92,4.05,6.64,5.52,5.75,4.81,4.63,7.23,8.0,7.89,8.08,7.87,8.43,7.79,6.81,8.32,8.71,9.31,8.44,8.08,8.99,7.36,8.26,71.92,10.57,8.63,70.44,11.96,11.97,5.78,24.27,38.01,50.54,,,,0.0,0.0,0.0,0.0,0.0,0.0,0.0,0.0,1.0,0.0
True,2021/6/15 22:00:04,,3925355175375536285,Equ1,2021/6/15 21:13:15,1.0,0.0,0.0,1242.0,0.0,0.0,0.0,0.0,462.26,425.11,447.21,469.58,473.79,461.79,6.49,10.64,12.78,0.0,10.0,6.49,127.95,162.8,172.58,174.36,162.56,129.28,1492.63,1459.63,1483.87,1493.46,1507.67,1492.16,12625.94,32.41,0.04,31473.47,19.62,2.9,2.03,9.69,1893.66,1932.51,1.0,1.0,-2.32,4.05,3.53,3.65,0.0,0.0,3.7,3.71,4.42,3.83,0.0,0.0,0.0,0.0,5.0,12.0,6.0,12.0,6.0,12.0,5.0,12.0,0.0,0.0,326.0,327.0,324.0,329.0,14.1,6.09,8.26,8.05,18.18,49.32,4.05,6.63,5.52,5.74,4.79,4.62,7.22,7.97,7.88,8.05,7.85,8.41,7.77,6.79,8.3,8.69,9.28,8.41,8.03,8.95,7.27,8.23,71.92,10.49,8.56,70.44,11.78,11.74,5.78,24.26,38.09,50.53,,,,0.0,0.0,0.0,0.0,0.0,0.0,0.0,0.0,1.0,0.0
True,2021/6/15 22:00:04,,3925355175375536286,Equ1,2021/6/15 21:13:20,1.0,0.0,0.0,1242.0,0.0,0.0,0.0,0.0,462.26,425.11,447.21,469.58,473.79,461.79,6.67,10.79,12.8,0.0,10.09,6.67,126.06,163.18,172.96,174.12,162.66,129.4,1493.89,1460.85,1484.96,1494.53,1508.84,1493.42,12512.09,38.78,0.03,31377.91,16.53,2.93,2.02,8.17,1909.14,1887.08,1.0,1.0,-2.32,4.04,3.54,3.66,0.0,0.0,4.83,3.66,4.46,3.55,0.0,0.0,0.0,0.0,5.0,12.0,6.0,12.0,6.0,12.0,5.0,12.0,0.0,0.0,327.0,327.0,324.0,330.0,14.12,5.97,7.95,7.64,14.66,45.22,4.05,6.63,5.5,5.73,4.79,4.61,7.2,7.94,7.86,8.04,7.81,8.4,7.75,6.79,8.28,8.67,9.27,8.38,7.98,8.89,7.23,8.18,71.92,10.41,8.5,70.43,11.63,11.53,5.79,24.22,38.06,50.52,,,,0.0,0.0,0.0,0.0,0.0,0.0,0.0,0.0,1.0,0.0
True,2021/6/15 22:00:04,,3925355175375536287,Equ1,2021/6/15 21:13:25,1.0,0.0,0.0,1242.0,0.0,0.0,0.0,0.0,462.26,425.11,447.21,469.58,473.79,461.79,6.74,10.93,12.92,0.0,10.08,6.74,128.86,162.83,172.53,174.1,162.07,128.89,1495.35,1462.39,1486.49,1495.93,1510.22,1494.88,12537.72,38.57,0.04,31441.62,15.81,2.79,2.02,7.81,1934.46,1929.18,1.0,1.0,-2.32,4.05,3.54,3.67,0.0,0.0,3.97,3.74,4.41,3.7,0.0,0.0,0.0,0.0,5.0,12.0,6.0,12.0,6.0,12.0,5.0,12.0,0.0,0.0,327.0,328.0,325.0,330.0,14.14,5.87,7.71,7.36,13.25,14.05,4.06,6.61,5.49,5.71,4.77,4.6,7.18,7.91,7.84,8.03,7.82,8.39,7.73,6.78,8.28,8.66,9.25,8.33,7.93,8.85,7.2,8.16,71.91,10.32,8.43,70.42,11.48,11.35,5.79,24.22,38.0,50.52,,,,0.0,0.0,0.0,0.0,0.0,0.0,0.0,0.0,1.0,0.0
True,2021/6/15 22:00:04,,3925355175375536288,Equ1,2021/6/15 21:13:30,1.0,0.0,0.0,1242.0,0.0,0.0,0.0,0.0,462.26,425.11,447.21,469.58,473.79,461.79,6.76,10.97,12.92,0.0,10.11,6.76,128.91,161.94,170.33,172.89,160.04,125.81,1497.44,1464.51,1488.56,1498.01,1512.33,1496.97,12411.56,32.98,0.04,31101.83,17.74,2.67,2.03,8.75,1900.54,1935.4,1.0,1.0,-2.32,4.05,3.54,3.67,0.0,0.0,3.37,3.93,4.46,3.92,0.0,0.0,0.0,0.0,5.0,12.0,6.0,12.0,6.0,12.0,5.0,12.0,0.0,0.0,328.0,328.0,325.0,331.0,14.16,5.78,7.53,7.15,12.42,11.72,4.07,6.61,5.49,5.7,4.77,4.59,7.18,7.89,7.84,8.03,7.83,8.39,7.71,6.78,8.26,8.65,9.23,8.3,7.9,8.82,7.19,8.11,71.93,10.25,8.35,70.42,11.34,11.2,5.78,24.21,38.01,50.52,,,,0.0,0.0,0.0,0.0,0.0,0.0,0.0,0.0,1.0,0.0
True,2021/6/15 22:00:04,,3925355175375536289,Equ1,2021/6/15 21:13:35,1.0,0.0,0.0,1242.0,0.0,0.0,0.0,0.0,462.26,425.11,447.21,469.58,473.79,461.79,6.77,11.1,13.11,0.0,10.1,6.77,127.31,162.79,171.41,173.57,162.95,128.2,1499.2,1466.39,1490.49,1499.76,1514.06,1498.73,12550.54,27.66,0.05,31346.05,19.89,2.51,2.03,9.82,1909.8,1963.69,1.0,1.0,-2.32,4.05,3.54,3.67,0.0,0.0,5.82,3.74,4.51,3.7,0.0,0.0,0.0,0.0,5.0,12.0,6.0,12.0,6.0,12.0,5.0,12.0,0.0,0.0,328.0,329.0,326.0,331.0,14.18,5.71,7.37,6.96,11.86,10.64,4.07,6.6,5.49,5.69,4.76,4.59,7.18,7.86,7.83,8.0,7.84,8.37,7.69,6.77,8.25,8.64,9.22,8.28,7.86,8.78,7.16,8.08,71.94,10.18,8.29,70.43,11.23,11.05,5.78,24.25,37.98,50.51,,,,0.0,0.0,0.0,0.0,0.0,0.0,0.0,0.0,1.0,0.0
True,2021/6/15 22:00:04,,3925355175375536290,Equ1,2021/6/15 21:13:40,1.0,0.0,0.0,1242.0,0.0,0.0,0.0,0.0,462.26,425.11,447.21,469.58,473.79,461.79,6.5,10.88,13.07,0.0,10.03,6.5,128.91,163.11,173.55,174.03,162.59,129.83,1500.52,1467.75,1492.04,1501.34,1515.58,1500.05,12752.1,28.85,0.05,31569.04,20.69,2.73,2.02,10.22,1892.51,1978.44,1.0,1.0,-2.32,4.04,3.54,3.66,0.0,0.0,3.33,3.85,4.46,4.22,0.0,0.0,0.0,0.0,5.0,12.0,6.0,12.0,6.0,12.0,5.0,12.0,0.0,0.0,329.0,329.0,326.0,332.0,14.21,5.64,7.22,6.8,11.43,10.03,4.06,63.69,5.48,5.68,4.74,4.57,7.16,7.83,7.81,7.98,7.82,8.35,7.67,6.77,8.25,8.63,9.21,8.24,7.82,8.76,7.14,8.03,71.92,10.12,8.22,70.42,11.11,10.9,5.78,24.3,38.04,50.5,,,,0.0,0.0,0.0,0.0,0.0,0.0,0.0,0.0,1.0,0.0
True,2021/6/15 22:00:04,,3925355175375536291,Equ1,2021/6/15 21:13:45,1.0,0.0,0.0,1242.0,0.0,0.0,0.0,0.0,462.26,425.11,447.21,469.58,473.79,461.79,6.62,10.59,12.65,0.0,10.15,6.62,127.5,162.75,173.05,174.57,162.56,129.76,1501.9,1468.71,1492.87,1502.59,1516.96,1501.43,12625.94,35.35,0.04,31515.95,17.72,2.86,2.02,8.75,1907.99,2000.0,1.0,1.0,-2.32,4.05,3.53,3.65,0.0,0.0,4.65,3.74,4.47,3.74,0.0,0.0,0.0,0.0,5.0,12.0,6.0,12.0,6.0,12.0,5.0,12.0,0.0,0.0,329.0,330.0,327.0,332.0,14.23,5.57,7.11,6.67,11.12,9.62,4.06,62.62,5.47,5.67,4.73,4.56,7.14,7.8,7.79,7.95,7.81,8.34,7.69,6.76,8.23,8.62,9.2,8.21,7.79,8.72,7.11,7.99,71.92,10.08,8.17,70.41,11.01,10.78,5.79,24.22,38.16,50.48,,,,0.0,0.0,0.0,0.0,0.0,0.0,0.0,0.0,1.0,0.0
True,2021/6/15 22:00:04,,3925355175375536292,Equ1,2021/6/15 21:13:50,1.0,0.0,0.0,1242.0,0.0,0.0,0.0,0.0,462.26,425.11,447.21,469.58,473.79,461.79,6.99,10.91,12.83,0.0,10.27,6.99,127.91,162.34,172.55,174.32,162.49,129.33,1503.36,1470.13,1494.16,1503.69,1518.17,1502.89,12562.85,34.67,0.04,31377.91,16.46,2.6,2.03,8.12,1902.99,1951.39,1.0,1.0,-2.32,4.04,3.53,3.66,0.0,0.0,3.86,4.13,4.45,3.78,0.0,0.0,0.0,0.0,5.0,12.0,6.0,12.0,6.0,12.0,5.0,12.0,0.0,0.0,330.0,330.0,327.0,333.0,14.25,5.51,6.99,6.56,10.85,9.31,4.06,26.91,43.87,5.64,4.7,4.54,7.11,7.78,7.77,7.94,7.8,8.33,7.68,6.77,8.21,8.59,9.17,8.17,7.75,8.66,7.08,7.95,71.92,10.02,8.1,70.38,10.91,10.65,5.79,24.14,37.97,50.48,,,,0.0,0.0,0.0,0.0,0.0,0.0,0.0,0.0,1.0,0.0
True,2021/6/15 22:00:04,,3925355175375536293,Equ1,2021/6/15 21:13:55,1.0,0.0,0.0,1242.0,0.0,0.0,0.0,0.0,462.26,425.11,447.21,469.58,473.79,461.79,6.98,11.11,12.93,0.0,10.25,6.98,129.38,162.24,169.56,173.45,161.33,128.2,1505.04,1472.01,1495.93,1505.38,1519.84,1504.57,12524.9,33.21,0.04,31239.87,17.06,2.59,2.03,8.42,1910.37,1938.15,1.0,1.0,-2.32,4.04,3.54,3.67,0.0,0.0,4.46,3.74,4.42,3.68,0.0,0.0,0.0,0.0,5.0,12.0,6.0,12.0,6.0,12.0,5.0,12.0,0.0,0.0,330.0,331.0,328.0,333.0,14.27,5.46,6.89,6.46,10.61,9.05,4.06,17.55,30.08,5.62,4.69,4.52,7.1,7.75,7.75,7.93,7.79,8.32,7.65,6.75,8.2,8.58,9.16,8.15,7.72,8.62,7.06,7.93,71.91,9.95,8.04,70.38,10.83,10.54,5.78,24.15,38.01,50.47,,,,0.0,0.0,0.0,0.0,0.0,0.0,0.0,0.0,1.0,0.0
True,2021/6/15 22:00:04,,3925355175375536294,Equ1,2021/6/15 21:14:00,1.0,0.0,0.0,1242.0,0.0,0.0,0.0,0.0,462.26,425.11,447.21,469.58,473.79,461.79,6.99,11.12,13.0,0.0,10.25,6.99,126.94,161.85,170.33,172.95,161.01,127.1,1506.61,1473.59,1497.57,1506.94,1521.4,1506.14,12436.69,30.25,0.04,31176.16,18.26,2.52,2.03,9.01,1904.8,1921.15,1.0,1.0,-2.32,4.05,3.54,3.67,0.0,0.0,4.77,3.88,4.38,4.02,0.0,0.0,0.0,0.0,5.0,12.0,6.0,12.0,6.0,12.0,5.0,12.0,0.0,0.0,331.0,331.0,328.0,334.0,14.29,5.42,6.81,6.38,10.47,8.88,4.06,15.23,11.71,5.64,4.69,4.51,7.09,7.74,7.74,7.92,7.78,8.31,7.64,6.75,8.2,8.59,9.15,8.12,7.69,8.6,7.04,7.91,71.91,9.9,8.04,70.39,10.76,10.46,5.79,24.15,38.01,50.47,,,,0.0,0.0,0.0,0.0,0.0,0.0,0.0,0.0,1.0,0.0
True,2021/6/15 22:00:04,,3925355175375536295,Equ1,2021/6/15 21:14:05,1.0,0.0,0.0,1242.0,0.0,0.0,0.0,0.0,462.26,425.11,447.21,469.58,473.79,461.79,6.98,11.28,13.21,0.0,10.25,6.98,131.39,162.91,172.27,174.09,162.4,129.54,1508.14,1475.29,1499.32,1508.48,1522.94,1507.67,12663.89,27.73,0.05,31537.19,19.91,2.52,2.03,9.83,1929.4,1951.68,1.0,1.0,-2.32,4.04,3.54,3.67,0.0,0.0,3.9,3.74,4.34,3.7,0.0,0.0,0.0,0.0,5.0,12.0,6.0,12.0,6.0,12.0,5.0,12.0,0.0,0.0,331.0,331.0,329.0,334.0,14.3,5.37,6.72,6.3,10.31,8.71,4.06,13.62,9.39,46.9,4.68,4.5,7.08,7.72,7.73,7.9,7.77,8.3,7.62,6.74,8.26,8.56,9.13,8.09,7.67,8.58,7.02,7.87,71.9,9.84,7.98,70.32,10.77,10.35,5.78,24.19,37.97,50.47,,,,0.0,0.0,0.0,0.0,0.0,0.0,0.0,0.0,1.0,0.0
True,2021/6/15 22:00:04,,3925355175375536296,Equ1,2021/6/15 21:14:10,1.0,0.0,0.0,1242.0,0.0,0.0,0.0,0.0,462.26,425.11,447.21,469.58,473.79,461.79,6.72,10.98,13.06,0.0,10.15,6.72,128.63,163.08,173.03,174.33,162.49,129.6,1509.07,1476.18,1500.36,1509.67,1524.04,1508.6,12752.1,31.49,0.04,31505.33,18.23,2.62,2.03,9.0,1912.4,1955.58,1.0,1.0,-2.32,4.04,3.54,3.66,0.0,0.0,3.42,3.69,4.38,3.7,0.0,0.0,0.0,0.0,5.0,12.0,6.0,12.0,6.0,12.0,5.0,12.0,0.0,0.0,332.0,332.0,329.0,335.0,14.34,5.33,6.65,6.23,10.17,8.56,4.06,12.6,8.58,47.15,4.66,4.48,7.07,7.69,7.73,7.89,7.77,8.29,7.6,6.75,8.26,8.56,9.13,8.07,7.64,8.55,7.0,7.84,71.9,9.79,7.92,70.32,10.67,10.27,5.78,24.24,38.07,50.46,,,,0.0,0.0,0.0,0.0,0.0,0.0,0.0,0.0,1.0,0.0
True,2021/6/15 22:00:04,,3925355175375536297,Equ1,2021/6/15 21:14:15,1.0,0.0,0.0,1242.0,0.0,0.0,0.0,0.0,462.26,425.11,447.21,469.58,473.79,461.79,6.78,10.72,12.78,0.0,10.26,6.78,126.26,162.64,173.25,174.87,162.5,129.11,1510.15,1476.94,1501.1,1510.69,1525.16,1509.68,12638.25,38.67,0.04,31452.24,15.63,2.76,2.03,7.72,1908.06,1965.57,1.0,1.0,-2.32,4.04,3.53,3.65,0.0,0.0,2.98,3.74,4.41,3.71,0.0,0.0,0.0,0.0,5.0,12.0,6.0,12.0,6.0,12.0,5.0,12.0,0.0,0.0,332.0,332.0,330.0,335.0,14.35,5.29,6.59,6.16,10.06,8.44,4.07,11.88,8.04,18.73,50.83,4.48,7.05,7.67,7.71,7.88,7.75,8.28,7.59,6.74,8.24,8.56,9.11,8.05,7.61,8.52,6.98,7.81,71.9,9.75,7.86,70.35,10.58,10.19,5.78,24.18,38.17,50.44,,,,0.0,0.0,0.0,0.0,0.0,0.0,0.0,0.0,1.0,0.0
True,2021/6/15 22:00:04,,3925355175375536298,Equ1,2021/6/15 21:14:20,1.0,0.0,0.0,1242.0,0.0,0.0,0.0,0.0,462.26,425.11,447.21,469.58,473.79,461.79,7.1,11.07,12.93,0.0,10.37,7.1,126.2,162.2,172.27,174.13,162.17,129.4,1511.59,1478.41,1502.38,1511.81,1526.39,1511.12,12537.22,40.07,0.03,31314.2,13.9,2.54,2.03,6.86,1920.86,1953.49,1.0,1.0,-2.32,4.04,3.54,3.67,0.0,0.0,3.41,3.71,4.28,3.95,0.0,0.0,0.0,0.0,5.0,12.0,6.0,12.0,6.0,12.0,5.0,12.0,0.0,0.0,333.0,333.0,330.0,336.0,14.38,5.25,6.53,6.1,9.95,8.34,4.06,11.28,7.7,13.16,49.58,4.47,7.04,7.66,7.7,7.87,7.74,8.27,7.58,6.74,8.23,8.55,9.1,8.02,7.58,8.47,6.96,7.8,71.89,9.7,7.82,70.35,10.52,10.1,5.79,24.12,38.07,50.43,,,,0.0,0.0,0.0,0.0,0.0,0.0,0.0,0.0,1.0,0.0
True,2021/6/15 22:00:04,,3925355175375536299,Equ1,2021/6/15 21:14:25,1.0,0.0,0.0,1242.0,0.0,0.0,0.0,0.0,462.26,425.11,447.21,469.58,473.79,461.79,7.09,11.2,13.07,0.0,10.37,7.09,128.91,162.3,170.37,173.44,161.4,127.34,1513.47,1480.43,1504.4,1513.7,1528.28,1513.0,12524.9,38.66,0.04,31208.01,15.24,2.69,2.03,7.53,1909.07,1974.32,1.0,1.0,-2.32,4.04,3.54,3.66,0.0,0.0,3.02,3.74,5.43,3.71,0.0,0.0,0.0,0.0,5.0,12.0,6.0,12.0,6.0,12.0,5.0,12.0,0.0,0.0,333.0,333.0,331.0,337.0,14.4,5.21,6.47,6.04,9.84,8.24,4.06,10.85,7.44,11.22,20.52,45.41,7.01,7.64,7.68,7.86,7.74,8.26,7.56,6.74,8.22,8.55,9.25,8.0,7.56,8.44,6.94,7.77,71.89,9.65,7.77,70.36,10.47,10.16,5.79,24.13,38.03,50.43,,,,0.0,0.0,0.0,0.0,0.0,0.0,0.0,0.0,1.0,0.0
True,2021/6/15 22:00:04,,3925355175375536300,Equ1,2021/6/15 21:14:30,1.0,0.0,0.0,1242.0,0.0,0.0,0.0,0.0,462.26,425.11,447.21,469.58,473.79,461.79,7.1,11.21,13.06,0.0,10.38,7.1,127.88,162.54,170.6,173.18,160.94,126.39,1515.53,1482.49,1506.44,1515.75,1530.34,1515.06,12436.69,29.81,0.05,31208.01,19.38,2.64,2.03,9.57,1905.17,1969.83,1.0,1.0,-2.32,4.05,3.54,3.67,0.0,0.0,3.48,3.7,4.31,3.71,0.0,0.0,0.0,0.0,5.0,12.0,6.0,12.0,6.0,12.0,5.0,12.0,0.0,0.0,334.0,334.0,331.0,337.0,14.42,5.19,6.41,6.0,9.76,8.15,4.07,10.5,7.26,10.23,12.73,45.58,7.01,7.63,7.68,7.86,7.73,8.26,7.55,6.74,8.22,8.54,9.18,7.98,7.54,8.42,6.93,7.75,71.89,9.61,7.71,70.36,10.41,10.02,5.79,24.13,38.04,50.42,,,,0.0,0.0,0.0,0.0,0.0,0.0,0.0,0.0,1.0,0.0
True,2021/6/15 22:00:04,,3925355175375536301,Equ1,2021/6/15 21:14:35,1.0,0.0,0.0,1242.0,0.0,0.0,0.0,0.0,462.26,425.11,447.21,469.58,473.79,461.79,7.03,11.21,13.16,0.0,10.35,7.03,127.78,163.15,172.73,173.94,162.79,129.99,1516.96,1484.0,1508.04,1517.25,1531.81,1516.49,12689.02,27.36,0.05,31505.33,20.75,2.59,2.02,10.25,1918.55,1962.24,1.0,1.0,-2.32,4.04,3.55,3.68,0.0,0.0,3.21,3.75,4.74,3.7,0.0,0.0,0.0,0.0,5.0,12.0,6.0,12.0,6.0,12.0,5.0,12.0,0.0,0.0,334.0,334.0,332.0,338.0,14.44,5.17,6.35,5.94,9.68,8.08,4.07,10.19,7.11,9.58,10.49,16.39,7.03,7.6,7.67,7.85,7.73,8.25,7.53,6.74,8.21,8.53,9.03,7.99,7.52,8.4,6.91,7.73,71.89,9.57,7.64,70.36,10.33,9.91,5.78,24.17,38.05,50.41,,,,0.0,0.0,0.0,0.0,0.0,0.0,0.0,0.0,1.0,0.0
True,2021/6/15 22:00:04,,3925355175375536302,Equ1,2021/6/15 21:14:40,1.0,0.0,0.0,1242.0,0.0,0.0,0.0,0.0,462.26,425.11,447.21,469.58,473.79,461.79,6.85,10.93,12.99,0.0,10.29,6.85,128.34,163.18,173.6,174.91,163.18,129.57,1517.88,1484.81,1508.97,1518.35,1532.85,1517.41,12676.2,31.12,0.04,31547.8,18.46,2.62,2.02,9.12,1916.38,1946.4,1.0,1.0,-2.32,4.04,3.54,3.67,0.0,0.0,3.44,3.72,4.92,3.78,0.0,0.0,0.0,0.0,5.0,12.0,6.0,12.0,6.0,12.0,5.0,12.0,0.0,0.0,335.0,335.0,332.0,338.0,14.47,5.09,6.31,5.9,9.6,8.01,4.07,9.95,6.98,9.08,9.42,12.3,44.7,7.59,7.66,7.84,7.71,8.24,7.52,6.72,8.2,8.51,9.01,7.94,7.5,8.37,6.89,7.7,71.89,9.53,7.59,70.35,10.26,9.82,5.79,24.19,38.14,50.4,,,,0.0,0.0,0.0,0.0,0.0,0.0,0.0,0.0,1.0,0.0
True,2021/6/15 22:00:04,,3925355175375536303,Equ1,2021/6/15 21:14:45,1.0,0.0,0.0,1242.0,0.0,0.0,0.0,0.0,462.26,425.11,447.21,469.58,473.79,461.79,6.94,10.89,12.89,0.0,10.36,6.94,126.74,163.02,173.22,175.36,162.69,129.43,1518.47,1485.27,1509.37,1518.85,1533.42,1518.01,12524.9,40.58,0.03,31484.09,14.24,2.64,2.03,7.03,1908.28,1938.44,1.0,1.0,-2.32,4.04,3.54,3.67,0.0,0.0,3.35,3.74,5.09,2.7,0.0,0.0,0.0,0.0,5.0,12.0,6.0,12.0,6.0,12.0,5.0,12.0,0.0,0.0,335.0,336.0,333.0,339.0,14.5,5.08,6.27,5.86,9.53,7.95,4.07,9.72,6.88,8.72,8.7,10.48,44.24,7.57,7.64,7.84,7.71,8.23,7.5,6.72,8.18,8.5,9.02,7.93,7.48,8.34,6.87,7.68,71.88,9.49,7.54,70.35,10.21,9.76,5.78,24.16,38.17,50.39,,,,0.0,0.0,0.0,0.0,0.0,0.0,0.0,0.0,1.0,0.0
True,2021/6/15 22:00:04,,3925355175375536304,Equ1,2021/6/15 21:14:50,1.0,0.0,0.0,1242.0,0.0,0.0,0.0,0.0,462.26,425.11,447.21,469.58,473.79,461.79,7.11,11.09,13.01,0.0,10.43,7.11,128.02,162.43,172.42,174.03,162.23,129.05,1519.78,1486.61,1510.63,1519.99,1534.63,1519.31,12550.04,46.09,0.03,31346.05,11.93,2.51,2.03,5.89,1906.25,1939.16,1.0,1.0,-2.32,4.04,3.54,3.67,0.0,0.0,4.67,4.05,4.71,3.8,0.0,0.0,0.0,0.0,5.0,12.0,6.0,12.0,6.0,12.0,5.0,12.0,0.0,0.0,336.0,336.0,333.0,339.0,14.51,5.17,6.53,5.82,9.48,7.89,4.07,9.53,6.78,8.44,8.22,9.49,14.49,43.84,7.64,7.83,7.71,8.22,7.49,6.72,8.18,8.49,9.03,7.91,7.52,8.32,6.86,7.66,71.88,9.46,7.51,70.35,10.17,9.7,5.79,24.14,38.11,50.38,,,,0.0,0.0,0.0,0.0,0.0,0.0,0.0,0.0,1.0,0.0
True,2021/6/15 22:00:04,,3925355175375536305,Equ1,2021/6/15 21:14:55,1.0,0.0,0.0,1242.0,0.0,0.0,0.0,0.0,462.26,425.11,447.21,469.58,473.79,461.79,7.13,11.26,13.09,0.0,10.44,7.13,128.08,162.38,170.08,173.44,160.79,127.14,1521.64,1488.61,1512.55,1521.83,1536.47,1521.17,12461.82,38.84,0.03,31208.01,14.8,2.63,2.02,7.31,1928.39,1980.4,1.0,1.0,-2.32,4.05,3.54,3.67,0.0,0.0,3.29,3.73,4.84,3.07,0.0,0.0,0.0,0.0,5.0,12.0,6.0,12.0,6.0,12.0,5.0,12.0,0.0,0.0,336.0,337.0,334.0,340.0,14.54,5.14,6.45,5.78,9.42,7.85,4.08,9.38,6.71,8.21,7.86,8.81,11.83,44.47,7.63,7.83,7.71,8.22,7.48,6.72,8.17,8.48,9.03,7.89,7.52,8.29,6.85,7.65,71.88,9.43,7.47,70.35,10.12,9.65,5.79,24.14,38.08,50.37,,,,0.0,0.0,0.0,0.0,0.0,0.0,0.0,0.0,1.0,0.0
True,2021/6/15 22:00:04,,3925355175375536306,Equ1,2021/6/15 21:15:00,1.0,0.0,0.0,1242.0,0.0,0.0,0.0,0.0,462.26,425.11,447.21,469.58,473.79,461.79,7.2,11.36,13.22,0.0,10.47,7.2,129.21,162.83,171.41,173.81,162.05,127.24,1523.61,1490.62,1514.58,1523.73,1538.41,1523.14,12411.56,30.21,0.04,31346.05,17.7,2.44,2.03,8.74,1900.39,1948.21,1.0,1.0,-2.32,4.05,3.54,3.67,0.0,0.0,3.84,4.18,4.19,3.72,0.0,0.0,0.0,0.0,5.0,12.0,6.0,12.0,6.0,12.0,5.0,12.0,0.0,0.0,337.0,337.0,334.0,340.0,14.55,5.09,6.33,5.75,9.36,7.8,4.08,9.21,6.64,8.01,7.55,8.3,10.7,20.54,7.63,7.82,7.7,8.21,7.47,6.71,8.17,8.48,9.03,7.85,7.54,8.26,6.84,7.63,71.88,9.39,7.41,70.36,10.07,9.59,5.79,24.13,38.03,50.37,,,,0.0,0.0,0.0,0.0,0.0,0.0,0.0,0.0,1.0,0.0
True,2021/6/15 22:00:04,,3925355175375536307,Equ1,2021/6/15 21:15:05,1.0,0.0,0.0,1242.0,0.0,0.0,0.0,0.0,462.26,425.11,447.21,469.58,473.79,461.79,7.1,11.38,13.33,0.0,10.41,7.1,128.02,163.01,172.8,173.87,162.62,130.03,1524.88,1492.01,1516.06,1525.1,1539.73,1524.41,12689.02,26.6,0.05,31505.33,19.99,2.43,2.03,9.87,1923.25,1997.11,1.0,1.0,-2.32,4.05,3.53,3.66,0.0,0.0,3.68,3.39,4.31,4.13,0.0,0.0,0.0,0.0,5.0,12.0,6.0,12.0,6.0,12.0,5.0,12.0,0.0,0.0,338.0,338.0,335.0,341.0,14.59,5.05,6.27,5.7,9.31,7.75,4.07,9.07,6.57,7.81,7.29,7.88,10.07,14.6,53.65,7.81,7.7,8.2,7.45,6.71,8.15,8.47,9.03,7.81,7.52,8.12,6.82,7.61,71.86,9.35,7.37,70.35,10.01,9.52,5.79,24.17,38.03,50.36,,,,0.0,0.0,0.0,0.0,0.0,0.0,0.0,0.0,1.0,0.0
True,2021/6/15 22:00:04,,3925355175375536308,Equ1,2021/6/15 21:15:15,1.0,0.0,0.0,1242.0,0.0,0.0,0.0,0.0,462.26,425.11,447.21,469.58,473.79,461.79,7.04,11.12,13.08,0.0,10.45,7.04,125.85,163.19,173.83,175.49,162.95,129.85,1526.39,1493.33,1517.38,1526.67,1541.34,1525.92,12625.94,40.49,0.03,31515.95,14.58,2.69,2.03,7.2,1922.24,1950.95,1.0,1.0,-2.32,4.05,3.53,3.66,0.0,0.0,4.14,4.91,4.76,4.38,0.0,0.0,0.0,0.0,5.0,12.0,6.0,12.0,6.0,12.0,5.0,12.0,0.0,0.0,339.0,339.0,336.0,342.0,14.64,4.99,6.18,5.65,9.22,7.68,4.07,8.87,6.48,7.56,6.96,7.35,9.5,12.16,18.57,7.82,7.69,8.19,7.44,6.7,8.14,8.45,9.02,7.76,7.47,8.15,6.81,7.59,71.86,9.3,7.29,70.35,9.94,9.44,5.79,24.17,38.13,50.35,,,,0.0,0.0,0.0,0.0,0.0,0.0,0.0,0.0,1.0,0.0
True,2021/6/15 22:00:04,,3925355175375536309,Equ1,2021/6/15 21:15:20,1.0,0.0,0.0,1242.0,0.0,0.0,0.0,0.0,462.26,425.11,447.21,469.58,473.79,461.79,7.17,11.27,13.17,0.0,10.51,7.18,127.53,162.27,172.28,173.76,161.7,128.69,1527.68,1494.62,1518.63,1527.83,1542.55,1527.22,12499.77,42.93,0.03,31377.91,12.75,2.5,2.03,6.29,1917.68,1914.71,1.0,1.0,-2.32,4.04,3.53,3.66,0.0,0.0,5.32,3.71,4.45,3.69,0.0,0.0,0.0,0.0,5.0,12.0,6.0,12.0,6.0,12.0,5.0,12.0,0.0,0.0,339.0,339.0,337.0,343.0,14.66,4.97,6.13,5.62,9.17,7.64,4.07,8.76,6.43,7.44,6.8,7.11,9.27,11.55,13.58,55.69,7.68,8.18,7.42,6.7,8.14,8.45,9.02,7.73,7.45,8.12,6.88,7.56,71.85,9.28,7.26,70.34,9.9,9.39,5.79,24.15,38.08,50.34,,,,0.0,0.0,0.0,0.0,0.0,0.0,0.0,0.0,1.0,0.0
True,2021/6/15 22:00:04,,3925355175375536310,Equ1,2021/6/15 21:15:25,1.0,0.0,0.0,1242.0,0.0,0.0,0.0,0.0,462.26,425.11,447.21,469.58,473.79,461.79,7.22,11.32,13.21,0.0,10.52,7.22,127.3,162.25,170.86,173.19,160.63,126.87,1529.71,1496.66,1520.65,1529.8,1544.54,1529.24,12449.51,39.4,0.03,31176.16,14.6,2.63,2.02,7.21,1885.42,1931.35,1.0,1.0,-2.32,4.04,3.53,3.66,0.0,0.0,3.56,4.05,4.77,3.74,0.0,0.0,0.0,0.0,5.0,12.0,6.0,12.0,6.0,12.0,5.0,12.0,0.0,0.0,340.0,340.0,337.0,343.0,14.68,4.94,6.08,5.59,9.12,7.6,4.07,8.66,6.38,7.33,6.66,6.91,9.08,11.1,12.16,54.31,7.68,8.18,7.41,6.7,8.13,8.44,9.01,7.7,7.44,8.1,6.83,7.55,71.84,9.25,7.23,70.34,9.87,9.34,5.78,24.14,38.06,50.33,,,,0.0,0.0,0.0,0.0,0.0,0.0,0.0,0.0,1.0,0.0
True,2021/6/15 22:00:04,,3925355175375536311,Equ1,2021/6/15 21:15:30,1.0,0.0,0.0,1242.0,0.0,0.0,0.0,0.0,462.26,425.11,447.21,469.58,473.79,461.79,7.26,11.46,13.29,0.0,10.52,7.26,126.37,162.27,170.89,173.47,161.44,127.2,1531.66,1498.7,1522.64,1531.72,1546.45,1531.19,12386.42,27.83,0.05,31144.3,18.48,2.35,2.03,9.12,1905.24,1973.67,1.0,1.0,-2.32,4.04,3.53,3.66,0.0,0.0,3.67,5.85,4.23,5.0,0.0,0.0,0.0,0.0,5.0,12.0,6.0,12.0,6.0,12.0,5.0,12.0,0.0,0.0,340.0,341.0,338.0,344.0,14.71,4.91,6.04,5.56,9.08,7.58,4.09,8.58,6.34,7.23,6.54,6.74,8.92,10.72,11.38,26.65,7.69,8.18,7.4,6.7,8.12,8.44,9.0,7.69,7.42,8.08,6.8,7.55,71.84,9.22,7.19,70.34,9.83,9.31,5.8,24.15,38.03,50.33,,,,0.0,0.0,0.0,0.0,0.0,0.0,0.0,0.0,1.0,0.0
True,2021/6/15 22:00:04,,3925355175375536312,Equ1,2021/6/15 21:15:35,1.0,0.0,0.0,1242.0,0.0,0.0,0.0,0.0,462.26,425.11,447.21,469.58,473.79,461.79,7.22,11.55,13.44,0.0,10.5,7.22,131.02,162.54,171.9,173.25,162.27,128.83,1533.23,1500.41,1524.41,1533.33,1548.05,1532.76,12625.94,26.23,0.05,31462.86,20.91,2.51,2.02,10.34,1912.33,1951.82,1.0,1.0,-2.32,4.03,3.54,3.67,0.0,0.0,3.77,3.3,4.26,3.96,0.0,0.0,0.0,0.0,5.0,12.0,6.0,12.0,6.0,12.0,5.0,12.0,0.0,0.0,341.0,341.0,338.0,344.0,14.72,4.89,6.0,5.53,9.02,7.55,4.08,8.49,6.29,7.14,6.44,6.6,8.77,10.43,10.86,15.8,49.46,8.17,7.39,6.7,8.12,8.44,9.0,7.67,7.4,8.05,6.75,7.52,71.83,9.19,7.16,70.34,9.8,9.26,5.79,24.17,38.02,50.33,,,,0.0,0.0,0.0,0.0,0.0,0.0,0.0,0.0,1.0,0.0
True,2021/6/15 22:00:04,,3925355175375536313,Equ1,2021/6/15 21:15:40,1.0,0.0,0.0,1242.0,0.0,0.0,0.0,0.0,462.26,425.11,447.21,469.58,473.79,461.79,7.01,11.18,13.23,0.0,10.46,7.01,125.33,163.11,172.31,174.51,162.54,129.46,1534.34,1501.37,1525.52,1534.65,1549.32,1533.87,12663.89,32.24,0.04,31346.05,19.38,2.85,2.02,9.57,1920.43,1976.35,1.0,1.0,-2.32,4.03,3.54,3.67,0.0,0.0,3.34,4.31,4.56,3.68,0.0,0.0,0.0,0.0,5.0,12.0,6.0,12.0,6.0,12.0,5.0,12.0,0.0,0.0,342.0,342.0,339.0,345.0,14.77,4.88,5.95,5.5,8.98,7.48,4.09,8.41,6.26,7.05,6.33,6.46,8.64,10.17,10.46,13.67,51.96,8.17,7.38,6.69,8.11,8.44,9.0,7.66,7.39,8.04,6.75,7.51,71.84,9.17,7.12,70.34,9.76,9.21,5.79,24.2,38.13,50.31,,,,0.0,0.0,0.0,0.0,0.0,0.0,0.0,0.0,1.0,0.0
True,2021/6/15 22:00:04,,3925355175375536314,Equ1,2021/6/15 21:15:45,1.0,0.0,0.0,1242.0,0.0,0.0,0.0,0.0,462.26,425.11,447.21,469.58,473.79,461.79,7.18,11.14,13.06,0.0,10.58,7.18,124.75,162.4,172.73,173.97,162.49,129.08,1535.56,1502.37,1526.39,1535.7,1550.49,1535.09,12512.59,35.1,0.04,31314.2,16.79,2.69,2.03,8.29,1908.85,2000.0,1.0,1.0,-2.32,4.03,3.54,3.67,0.0,0.0,3.67,3.74,4.43,3.45,0.0,0.0,0.0,0.0,5.0,12.0,6.0,12.0,6.0,12.0,5.0,12.0,0.0,0.0,342.0,343.0,340.0,346.0,14.8,4.86,5.93,5.47,8.94,7.44,4.09,8.34,6.23,6.98,6.24,6.34,8.55,9.98,10.19,12.56,52.15,8.19,7.38,6.68,8.11,8.43,9.0,7.66,7.38,8.0,6.74,7.49,71.84,9.15,7.09,70.34,9.74,9.19,5.79,24.14,38.15,50.3,,,,0.0,0.0,0.0,0.0,0.0,0.0,0.0,0.0,1.0,0.0
True,2021/6/15 22:00:04,,3925355175375536315,Equ1,2021/6/15 21:15:50,1.0,0.0,0.0,1242.0,0.0,0.0,0.0,0.0,462.26,425.11,447.21,469.58,473.79,461.79,7.33,11.44,13.31,0.0,10.64,7.33,128.24,162.41,171.35,173.47,161.4,127.95,1537.26,1504.22,1528.2,1537.25,1552.1,1536.79,12411.56,35.95,0.04,31239.87,16.5,2.71,2.02,8.15,1895.83,1982.49,1.0,1.0,-2.32,4.04,3.53,3.67,0.0,0.0,4.32,3.78,4.68,3.2,0.0,0.0,0.0,0.0,5.0,12.0,6.0,12.0,6.0,12.0,5.0,12.0,0.0,0.0,343.0,343.0,340.0,346.0,14.81,4.84,5.89,5.45,8.9,7.42,4.09,8.28,6.19,6.92,6.16,6.23,8.46,9.83,9.98,11.93,21.0,57.58,7.36,6.69,8.1,8.43,8.99,7.63,7.36,7.97,6.73,7.49,71.81,9.12,7.07,70.33,9.7,9.15,5.79,24.13,38.05,50.3,,,,0.0,0.0,0.0,0.0,0.0,0.0,0.0,0.0,1.0,0.0
True,2021/6/15 22:00:04,,3925355175375536316,Equ1,2021/6/15 21:15:55,1.0,0.0,0.0,1242.0,0.0,0.0,0.0,0.0,462.26,425.11,447.21,469.58,473.79,461.79,7.31,11.44,13.32,0.0,10.61,7.31,124.93,162.92,171.04,173.22,161.07,127.18,1539.23,1506.21,1530.19,1539.25,1554.06,1538.76,12437.19,36.18,0.04,31144.3,17.24,2.85,2.03,8.51,1920.65,1942.78,1.0,1.0,-2.32,4.06,3.53,3.66,0.0,0.0,3.67,3.85,4.19,4.65,0.0,0.0,0.0,0.0,5.0,12.0,6.0,12.0,6.0,12.0,5.0,12.0,0.0,0.0,344.0,344.0,341.0,347.0,14.85,4.82,5.86,5.43,8.86,7.43,4.09,8.21,6.17,6.85,6.09,6.13,8.38,9.69,9.79,11.48,14.89,54.97,7.36,6.68,8.1,8.42,8.99,7.63,7.35,7.95,6.72,7.49,71.79,9.1,7.04,70.33,9.68,9.11,5.79,24.13,38.06,50.3,,,,0.0,0.0,0.0,0.0,0.0,0.0,0.0,0.0,1.0,0.0
True,2021/6/15 22:00:04,,3925355175375536317,Equ1,2021/6/15 21:16:00,1.0,0.0,0.0,1242.0,0.0,0.0,0.0,0.0,462.26,425.11,447.21,469.58,473.79,461.79,7.32,11.5,13.42,0.0,10.65,7.32,130.31,162.31,171.95,173.73,162.4,128.67,1540.92,1507.95,1531.96,1540.92,1555.77,1540.45,12563.36,27.99,0.05,31441.62,19.79,2.53,2.03,9.76,1897.35,1964.48,1.0,1.0,-2.32,4.07,3.53,3.66,0.0,0.0,3.75,3.65,4.7,3.68,0.0,0.0,0.0,0.0,5.0,12.0,6.0,12.0,6.0,12.0,5.0,12.0,0.0,0.0,344.0,344.0,341.0,348.0,14.86,4.81,5.83,5.4,8.82,7.42,4.09,8.18,6.13,6.78,6.02,6.04,8.3,9.55,9.63,11.13,13.09,21.0,52.81,6.68,8.09,8.41,8.99,7.62,7.34,7.92,6.71,7.48,71.77,9.08,7.0,70.32,9.64,9.08,5.78,24.15,38.05,50.29,,,,0.0,0.0,0.0,0.0,0.0,0.0,0.0,0.0,1.0,0.0
True,2021/6/15 22:00:04,,3925355175375536318,Equ1,2021/6/15 21:16:05,1.0,0.0,0.0,1242.0,0.0,0.0,0.0,0.0,462.26,425.11,447.21,469.58,473.79,461.79,7.23,11.52,13.5,0.0,10.57,7.23,132.84,163.14,172.67,173.78,162.34,129.38,1542.52,1509.66,1533.74,1542.61,1557.39,1542.05,12701.84,27.71,0.05,31600.9,21.34,2.7,2.02,10.54,1891.64,1966.07,1.0,1.0,-2.32,4.07,3.53,3.67,0.0,0.0,3.51,3.62,4.35,3.88,0.0,0.0,0.0,0.0,5.0,12.0,6.0,12.0,6.0,12.0,5.0,12.0,0.0,0.0,345.0,345.0,342.0,348.0,14.9,4.8,5.79,5.38,8.8,7.41,4.1,8.17,6.11,6.73,5.96,5.96,8.22,9.43,9.5,10.86,12.19,15.87,56.15,6.68,8.08,8.41,8.99,7.61,7.33,7.91,6.71,7.47,71.77,9.07,6.97,70.32,9.62,9.05,5.79,24.18,38.04,50.28,,,,0.0,0.0,0.0,0.0,0.0,0.0,0.0,0.0,1.0,0.0
True,2021/6/15 22:00:04,,3925355175375536319,Equ1,2021/6/15 21:16:10,1.0,0.0,0.0,1242.0,0.0,0.0,0.0,0.0,462.26,425.11,447.21,469.58,473.79,461.79,7.18,11.2,13.22,0.0,10.59,7.18,132.09,163.04,172.19,174.1,162.24,129.79,1543.87,1510.75,1534.86,1544.01,1558.82,1543.4,12651.57,33.61,0.04,31569.04,19.27,2.96,2.02,9.52,1917.75,1971.57,1.0,1.0,-2.32,4.06,3.53,3.66,0.0,0.0,3.53,3.14,4.44,4.82,0.0,0.0,0.0,0.0,5.0,12.0,6.0,12.0,6.0,12.0,5.0,12.0,0.0,0.0,345.0,346.0,343.0,349.0,14.93,4.79,5.78,5.36,8.76,7.39,4.1,8.12,6.1,6.68,5.9,5.9,8.16,9.32,9.38,10.62,11.61,14.07,45.76,41.94,8.08,8.41,8.98,7.6,7.32,7.9,6.7,7.45,71.78,9.06,6.94,70.31,9.59,9.02,5.78,24.16,38.08,50.27,,,,0.0,0.0,0.0,0.0,0.0,0.0,0.0,0.0,1.0,0.0
True,2021/6/15 22:00:04,,3925355175375536320,Equ1,2021/6/15 21:16:15,1.0,0.0,0.0,1242.0,0.0,0.0,0.0,0.0,462.26,425.11,447.21,469.58,473.79,461.79,7.38,11.34,13.19,0.0,10.71,7.38,130.22,162.56,172.09,174.29,162.5,129.5,1545.2,1512.0,1535.95,1545.14,1560.06,1544.73,12575.67,37.34,0.04,31473.47,16.36,2.79,2.03,8.08,1911.82,1983.07,1.0,1.0,-2.32,4.05,3.52,3.66,0.0,0.0,3.81,3.47,4.54,3.8,0.0,0.0,0.0,0.0,5.0,12.0,6.0,12.0,6.0,12.0,5.0,12.0,0.0,0.0,346.0,346.0,343.0,349.0,14.94,4.77,5.76,5.34,8.74,7.37,4.11,8.07,6.08,6.63,5.85,5.83,8.1,9.24,9.27,10.43,11.19,13.05,21.24,43.66,8.08,8.4,8.98,7.59,7.31,7.87,6.69,7.45,71.78,9.03,6.92,70.3,9.57,8.99,5.78,24.1,38.11,50.27,,,,0.0,0.0,0.0,0.0,0.0,0.0,0.0,0.0,1.0,0.0
True,2021/6/15 22:00:04,,3925355175375536321,Equ1,2021/6/15 21:16:20,1.0,0.0,0.0,1242.0,0.0,0.0,0.0,0.0,462.26,425.11,447.21,469.58,473.79,461.79,7.47,11.52,13.37,0.0,10.72,7.47,127.99,162.28,171.43,173.48,161.53,128.5,1546.82,1513.72,1537.66,1546.67,1561.6,1546.35,12512.59,36.41,0.04,31303.58,16.63,2.76,2.03,8.21,1905.45,1948.06,1.0,1.0,-2.32,4.05,3.52,3.65,0.0,0.0,3.66,3.49,4.5,3.7,0.0,0.0,0.0,0.0,5.0,12.0,6.0,12.0,6.0,12.0,5.0,12.0,0.0,0.0,347.0,347.0,344.0,350.0,14.98,4.76,5.73,5.33,8.72,7.34,4.11,8.01,6.08,6.59,5.79,5.76,8.06,9.16,9.18,10.27,10.86,12.37,16.78,18.63,8.08,8.41,8.99,7.59,7.3,7.85,6.68,7.44,71.78,9.01,6.9,70.31,9.57,8.97,5.79,24.1,38.01,50.26,,,,0.0,0.0,0.0,0.0,0.0,0.0,0.0,0.0,1.0,0.0
True,2021/6/15 22:00:04,,3925355175375536322,Equ1,2021/6/15 21:16:25,1.0,0.0,0.0,1242.0,0.0,0.0,0.0,0.0,462.26,425.11,447.21,469.58,473.79,461.79,7.46,11.55,13.39,0.0,10.72,7.46,128.88,162.75,171.41,173.39,161.1,127.81,1548.26,1515.2,1539.14,1548.12,1563.05,1547.79,12550.54,35.38,0.04,31346.05,17.6,2.84,2.03,8.68,1897.64,2000.0,1.0,1.0,-2.32,4.04,3.53,3.66,0.0,0.0,3.71,3.56,4.39,3.68,0.0,0.0,0.0,0.0,5.0,12.0,6.0,12.0,6.0,12.0,5.0,12.0,0.0,0.0,347.0,347.0,344.0,351.0,14.99,4.76,5.72,5.32,8.69,7.33,4.11,7.96,6.06,6.59,5.75,5.72,8.02,9.1,9.11,10.14,10.61,11.93,15.16,13.65,46.74,8.4,8.98,7.58,7.29,7.84,6.67,7.43,71.78,8.99,6.88,70.25,9.52,8.95,5.78,24.1,38.05,50.26,,,,0.0,0.0,0.0,0.0,0.0,0.0,0.0,0.0,1.0,0.0
True,2021/6/15 22:00:04,,3925355175375536323,Equ1,2021/6/15 21:16:30,1.0,0.0,0.0,1242.0,0.0,0.0,0.0,0.0,462.26,425.11,447.21,469.58,473.79,461.79,7.47,11.65,13.51,0.0,10.73,7.47,127.1,162.54,172.84,173.48,162.75,129.38,1549.87,1516.9,1540.86,1549.72,1564.66,1549.4,12689.02,30.1,0.05,31399.14,18.6,2.56,2.03,9.18,1905.02,1960.36,1.0,1.0,-2.32,4.04,3.51,3.65,0.0,0.0,3.32,3.7,5.29,3.83,0.0,0.0,0.0,0.0,5.0,12.0,6.0,12.0,6.0,12.0,5.0,12.0,0.0,0.0,348.0,348.0,345.0,351.0,15.03,4.75,5.69,5.3,8.67,7.3,4.11,7.92,6.04,6.61,5.71,5.66,7.96,9.02,9.03,10.02,10.37,11.55,13.9,11.71,48.62,8.4,8.99,7.57,7.28,7.82,6.66,7.42,71.79,8.96,6.83,70.27,9.51,8.92,5.79,24.12,38.03,50.26,,,,0.0,0.0,0.0,0.0,0.0,0.0,0.0,0.0,1.0,0.0
True,2021/6/15 22:00:04,,3925355175375536324,Equ1,2021/6/15 21:16:35,1.0,0.0,0.0,1242.0,0.0,0.0,0.0,0.0,462.26,425.11,447.21,469.58,473.79,461.79,7.39,11.67,13.55,0.0,10.7,7.39,129.35,163.18,172.22,173.89,161.85,129.33,1551.26,1518.4,1542.38,1551.2,1566.11,1550.79,12714.66,29.53,0.05,31441.62,19.47,2.63,2.02,9.62,1911.68,1979.82,1.0,1.0,-2.32,4.04,3.51,3.64,0.0,0.0,3.54,3.19,4.44,5.26,0.0,0.0,0.0,0.0,5.0,12.0,6.0,12.0,6.0,12.0,5.0,12.0,0.0,0.0,348.0,349.0,345.0,352.0,15.05,4.74,5.67,5.28,8.65,7.29,4.11,7.86,6.01,6.59,5.66,5.61,7.91,8.96,8.96,9.9,10.17,11.23,13.04,10.78,47.74,28.99,8.98,7.58,7.28,7.81,6.66,7.41,71.79,8.94,6.79,70.26,9.48,8.9,5.78,24.15,38.03,50.26,,,,0.0,0.0,0.0,0.0,0.0,0.0,0.0,0.0,1.0,0.0
True,2021/6/15 22:00:04,,3925355175375536325,Equ1,2021/6/15 21:16:40,1.0,0.0,0.0,1242.0,0.0,0.0,0.0,0.0,462.26,425.11,447.21,469.58,473.79,461.79,7.27,11.32,13.3,0.0,10.7,7.27,130.96,163.37,172.71,174.9,162.76,129.64,1552.47,1519.37,1543.46,1552.52,1567.44,1552.0,12739.79,36.02,0.04,31643.37,17.31,2.85,2.03,8.54,1920.65,1973.38,1.0,1.0,-2.32,4.04,3.51,3.65,0.0,0.0,3.56,2.94,4.71,3.68,0.0,0.0,0.0,0.0,5.0,12.0,6.0,12.0,6.0,12.0,5.0,12.0,0.0,0.0,349.0,349.0,346.0,352.0,15.07,4.73,5.65,5.27,8.63,7.26,4.11,7.82,5.98,6.56,5.62,5.56,7.86,8.89,8.89,9.79,9.99,10.98,12.38,10.18,21.25,53.05,8.98,7.56,7.27,7.8,6.64,7.4,71.79,8.92,6.75,70.3,9.47,8.87,5.79,24.14,38.13,50.25,,,,0.0,0.0,0.0,0.0,0.0,0.0,0.0,0.0,1.0,0.0
True,2021/6/15 22:00:04,,3925355175375536326,Equ1,2021/6/15 21:16:45,1.0,0.0,0.0,1242.0,0.0,0.0,0.0,0.0,462.26,425.11,447.21,469.58,473.79,461.79,7.53,11.38,13.23,0.0,10.84,7.53,130.98,162.69,173.6,174.91,161.7,129.53,1553.53,1520.23,1544.19,1553.32,1568.37,1553.06,12625.94,41.87,0.03,31611.52,14.27,2.73,2.03,7.05,1908.71,1971.86,1.0,1.0,-2.32,4.03,3.52,3.65,0.0,0.0,3.67,3.61,4.46,3.93,0.0,0.0,0.0,0.0,5.0,12.0,6.0,12.0,6.0,12.0,5.0,12.0,0.0,0.0,350.0,350.0,347.0,353.0,15.11,4.72,5.64,5.25,8.61,7.25,4.11,7.78,5.95,6.5,5.58,5.52,7.82,8.83,8.83,9.7,9.86,10.76,11.89,9.8,16.3,53.88,8.98,7.56,7.27,7.78,6.64,7.38,71.79,8.91,6.73,70.31,9.44,8.85,5.78,24.08,38.05,50.24,,,,0.0,0.0,0.0,0.0,0.0,0.0,0.0,0.0,1.0,0.0
True,2021/6/15 22:00:04,,3925355175375536327,Equ1,2021/6/15 21:16:50,1.0,0.0,0.0,1242.0,0.0,0.0,0.0,0.0,462.26,425.11,447.21,469.58,473.79,461.79,7.6,11.58,13.42,0.0,10.86,7.6,127.97,163.02,171.43,173.89,161.43,128.21,1555.08,1521.92,1545.86,1554.81,1569.88,1554.61,12550.54,37.4,0.04,31377.91,15.61,2.66,2.03,7.71,1910.95,1943.65,1.0,1.0,-2.32,4.04,3.51,3.65,0.0,0.0,2.9,3.74,3.96,3.86,0.0,0.0,0.0,0.0,5.0,12.0,6.0,12.0,6.0,12.0,5.0,12.0,0.0,0.0,350.0,350.0,347.0,354.0,15.12,4.71,5.62,5.23,8.6,7.23,4.12,7.74,5.93,6.46,5.54,5.56,7.78,8.78,8.77,9.61,9.74,10.58,11.49,9.48,14.35,21.13,48.01,7.55,7.25,7.76,6.63,7.38,71.8,8.89,6.71,70.32,9.42,8.86,5.78,24.08,38.07,50.24,,,,0.0,0.0,0.0,0.0,0.0,0.0,0.0,0.0,1.0,0.0
True,2021/6/15 22:00:04,,3925355175375536328,Equ1,2021/6/15 21:16:55,1.0,0.0,0.0,1242.0,0.0,0.0,0.0,0.0,462.26,425.11,447.21,469.58,473.79,461.79,7.59,11.68,13.47,0.0,10.85,7.59,127.66,163.34,171.46,173.83,161.57,127.82,1556.96,1523.9,1547.8,1556.69,1571.76,1556.49,12562.85,35.21,0.04,31346.05,16.48,2.65,2.03,8.13,1916.52,1865.67,1.0,1.0,-2.32,4.04,3.51,3.65,0.0,0.0,4.97,3.74,4.61,3.8,0.0,0.0,0.0,0.0,5.0,12.0,6.0,12.0,6.0,12.0,5.0,12.0,0.0,0.0,351.0,351.0,348.0,354.0,15.16,4.71,5.61,5.23,8.59,7.22,4.12,7.7,5.9,6.41,5.5,5.48,7.76,8.73,8.72,9.53,9.63,10.42,11.16,9.25,13.32,16.72,31.01,7.56,7.25,7.75,6.62,7.37,71.81,8.87,6.69,70.33,9.38,8.83,5.79,24.08,38.05,50.24,,,,0.0,0.0,0.0,0.0,0.0,0.0,0.0,0.0,1.0,0.0
True,2021/6/15 22:00:04,,3925355175375536329,Equ1,2021/6/15 21:17:00,1.0,0.0,0.0,1242.0,0.0,0.0,0.0,0.0,462.26,425.11,447.21,469.58,473.79,461.79,7.65,11.79,13.63,0.0,10.84,7.65,130.44,162.72,172.48,174.06,162.04,129.27,1558.61,1525.6,1549.54,1558.28,1573.33,1558.14,12676.71,28.11,0.05,31473.47,18.59,2.39,2.03,9.18,1910.95,1942.35,1.0,1.0,-2.32,4.05,3.51,3.64,0.0,0.0,3.69,3.67,4.35,3.54,0.0,0.0,0.0,0.0,5.0,12.0,6.0,12.0,6.0,12.0,5.0,12.0,0.0,0.0,351.0,352.0,348.0,355.0,15.18,4.69,5.58,5.21,8.56,7.2,4.11,7.65,5.88,6.37,5.46,5.41,7.71,8.69,8.66,9.46,9.53,10.28,10.89,9.06,12.62,14.9,19.68,48.03,7.24,7.74,6.61,7.36,71.81,8.85,6.66,70.33,9.32,8.77,5.78,24.09,38.02,50.23,,,,0.0,0.0,0.0,0.0,0.0,0.0,0.0,0.0,1.0,0.0
True,2021/6/15 22:00:04,,3925355175375536330,Equ1,2021/6/15 21:17:05,1.0,0.0,0.0,1242.0,0.0,0.0,0.0,0.0,462.26,425.11,447.21,469.58,473.79,461.79,7.51,11.72,13.66,0.0,10.79,7.51,128.46,163.18,172.47,174.31,162.5,129.89,1559.84,1526.91,1550.94,1559.65,1574.66,1559.37,12777.74,27.06,0.05,31505.33,20.02,2.47,2.03,9.88,1925.78,1982.71,1.0,1.0,-2.32,4.04,3.53,3.65,0.0,0.0,3.87,4.01,4.8,3.68,0.0,0.0,0.0,0.0,5.0,12.0,6.0,12.0,6.0,12.0,5.0,12.0,0.0,0.0,352.0,352.0,349.0,356.0,15.21,4.69,5.56,5.2,8.55,7.18,4.12,7.61,5.85,6.31,5.41,5.36,7.67,8.63,8.61,9.4,9.43,10.17,10.66,8.9,12.11,13.84,16.78,47.49,7.23,7.73,6.6,7.35,71.81,8.84,6.63,70.32,9.29,8.75,5.78,24.13,38.04,50.23,,,,0.0,0.0,0.0,0.0,0.0,0.0,0.0,0.0,1.0,0.0
True,2021/6/15 22:00:04,,3925355175375536331,Equ1,2021/6/15 21:17:10,1.0,0.0,0.0,1242.0,0.0,0.0,0.0,0.0,462.26,425.11,447.21,469.58,473.79,461.79,7.45,11.42,13.41,0.0,10.82,7.45,129.49,163.01,174.31,174.61,162.37,129.28,1560.86,1527.68,1551.77,1560.73,1575.77,1560.39,12638.76,36.54,0.04,31579.66,16.61,2.77,2.03,8.2,1904.3,1965.42,1.0,1.0,-2.32,4.02,3.54,3.67,0.0,0.0,6.75,4.55,4.09,2.87,0.0,0.0,0.0,0.0,5.0,12.0,6.0,12.0,6.0,12.0,5.0,12.0,0.0,0.0,353.0,353.0,350.0,356.0,15.24,4.68,5.53,5.18,8.54,7.16,4.12,7.58,5.83,6.27,5.38,5.33,7.64,8.59,8.55,9.33,9.35,10.06,10.45,8.79,11.74,13.09,15.27,33.61,39.54,7.73,6.6,7.34,71.81,8.82,6.6,70.31,9.25,8.75,5.78,24.12,38.15,50.22,,,,0.0,0.0,0.0,0.0,0.0,0.0,0.0,0.0,1.0,0.0
True,2021/6/15 22:00:04,,3925355175375536332,Equ1,2021/6/15 21:17:15,1.0,0.0,0.0,1242.0,0.0,0.0,0.0,0.0,462.26,425.11,447.21,469.58,473.79,461.79,7.69,11.55,13.4,0.0,10.94,7.69,126.17,162.79,173.29,174.51,162.51,129.43,1562.07,1528.78,1552.72,1561.69,1576.85,1561.6,12499.77,41.23,0.03,31452.24,14.46,2.72,2.03,7.14,1911.46,1931.42,1.0,1.0,-2.32,4.02,3.55,3.68,0.0,0.0,3.12,3.76,3.75,3.45,0.0,0.0,0.0,0.0,5.0,12.0,6.0,12.0,6.0,12.0,5.0,12.0,0.0,0.0,353.0,354.0,350.0,357.0,15.26,4.68,5.53,5.17,8.53,7.16,4.13,7.55,5.8,6.23,5.34,5.31,7.59,8.61,8.51,9.28,9.28,9.97,10.27,8.67,11.44,12.58,14.36,15.58,45.82,7.7,6.59,7.34,71.81,8.8,6.59,70.32,9.23,8.73,5.79,24.06,38.1,50.22,,,,0.0,0.0,0.0,0.0,0.0,0.0,0.0,0.0,1.0,0.0
True,2021/6/15 22:00:04,,3925355175375536333,Equ1,2021/6/15 21:17:20,1.0,0.0,0.0,1242.0,0.0,0.0,0.0,0.0,462.26,425.11,447.21,469.58,473.79,461.79,7.8,11.82,13.59,0.0,10.95,7.8,130.21,163.08,171.35,173.58,161.39,128.11,1563.76,1530.64,1554.51,1563.28,1578.45,1563.29,12436.69,38.25,0.04,31409.76,15.21,2.66,2.02,7.51,1918.19,1946.54,1.0,1.0,-2.32,4.03,3.53,3.66,0.0,0.0,4.36,3.14,4.98,3.72,0.0,0.0,0.0,0.0,5.0,12.0,6.0,12.0,6.0,12.0,5.0,12.0,0.0,0.0,354.0,354.0,351.0,357.0,15.29,4.68,5.52,5.16,8.52,7.14,4.13,7.51,5.79,6.2,5.31,5.27,7.55,8.59,8.47,9.23,9.21,9.88,10.09,8.56,11.16,12.17,13.66,13.44,46.34,7.69,6.59,7.33,71.82,8.8,6.57,70.32,9.21,8.71,5.78,24.05,38.02,50.22,,,,0.0,0.0,0.0,0.0,0.0,0.0,0.0,0.0,1.0,0.0
True,2021/6/15 22:00:04,,3925355175375536334,Equ1,2021/6/15 21:17:25,1.0,0.0,0.0,1242.0,0.0,0.0,0.0,0.0,462.26,425.11,447.21,469.58,473.79,461.79,7.79,11.79,13.56,0.0,10.98,7.79,125.71,162.25,171.67,173.5,161.68,128.18,1565.64,1532.49,1556.36,1565.17,1580.36,1565.17,12424.37,32.36,0.04,31239.87,17.4,2.57,2.03,8.59,1884.77,1931.86,1.0,1.0,-2.32,4.03,3.56,3.69,0.0,0.0,3.69,5.1,4.62,3.91,0.0,0.0,0.0,0.0,5.0,12.0,6.0,12.0,6.0,12.0,5.0,12.0,0.0,0.0,355.0,355.0,351.0,358.0,15.32,4.66,5.53,5.16,8.5,7.12,4.13,7.48,5.77,6.16,5.27,5.23,7.51,8.58,8.34,9.17,9.15,9.8,9.94,8.47,10.93,11.82,13.17,12.41,17.51,53.51,6.57,7.31,71.81,8.77,6.56,70.32,9.18,8.69,5.79,24.05,38.03,50.21,,,,0.0,0.0,0.0,0.0,0.0,0.0,0.0,0.0,1.0,0.0
True,2021/6/15 22:00:04,,3925355175375536335,Equ1,2021/6/15 21:17:30,1.0,0.0,0.0,1242.0,0.0,0.0,0.0,0.0,462.26,425.11,447.21,469.58,473.79,461.79,7.79,11.92,13.74,0.0,10.96,7.79,128.23,163.21,173.68,174.75,163.05,130.38,1566.91,1533.89,1557.81,1566.44,1581.61,1566.44,12550.54,28.14,0.05,31579.66,18.43,2.37,2.02,9.1,1894.24,1959.49,1.0,1.0,-2.32,4.0,3.6,3.74,0.0,0.0,3.96,3.81,5.12,3.41,0.0,0.0,0.0,0.0,5.0,12.0,6.0,12.0,6.0,12.0,5.0,12.0,0.0,0.0,355.0,355.0,352.0,359.0,15.34,4.66,5.53,5.16,8.5,7.11,4.13,7.44,5.74,6.12,5.24,5.19,7.48,8.53,8.31,9.13,9.09,9.72,9.81,8.39,10.73,11.56,12.76,11.76,13.77,34.58,6.57,7.31,71.81,8.76,6.55,70.32,9.15,8.67,5.78,24.07,38.0,50.21,,,,0.0,0.0,0.0,0.0,0.0,0.0,0.0,0.0,1.0,0.0
True,2021/6/15 22:00:04,,3925355175375536336,Equ1,2021/6/15 21:17:40,1.0,0.0,0.0,1242.0,0.0,0.0,0.0,0.0,462.26,425.11,447.21,469.58,473.79,461.79,7.62,11.7,13.63,0.0,10.94,7.62,125.95,163.17,174.36,174.55,162.76,129.28,1568.89,1535.82,1559.85,1568.59,1583.74,1568.42,12424.37,38.34,0.04,31484.09,15.74,2.75,2.03,7.76,1913.77,1982.86,1.0,1.0,-2.32,4.0,3.58,3.71,0.0,0.0,5.3,3.79,4.55,3.6,0.0,0.0,0.0,0.0,5.0,12.0,6.0,12.0,6.0,12.0,5.0,12.0,0.0,0.0,356.0,357.0,353.0,360.0,15.39,4.65,5.5,5.15,8.54,7.08,4.12,7.38,5.71,6.07,5.2,5.13,7.42,8.45,8.33,9.14,8.99,9.61,9.61,8.27,10.47,11.19,12.24,11.1,11.62,14.42,55.1,7.28,71.79,8.73,6.51,70.31,9.1,8.64,5.78,24.09,38.08,50.2,,,,0.0,0.0,0.0,0.0,0.0,0.0,0.0,0.0,1.0,0.0
True,2021/6/15 22:00:04,,3925355175375536337,Equ1,2021/6/15 21:17:45,1.0,0.0,0.0,1242.0,0.0,0.0,0.0,0.0,462.26,425.11,447.21,469.58,473.79,461.79,7.87,11.84,13.61,0.0,11.05,7.87,126.91,162.85,172.4,174.74,162.51,129.6,1569.77,1536.58,1560.45,1569.21,1584.47,1569.3,12361.29,45.64,0.03,31452.24,12.61,2.63,2.02,6.23,1906.32,1974.46,1.0,1.0,-2.32,3.99,3.59,3.73,0.0,0.0,4.17,2.37,4.9,3.74,0.0,0.0,0.0,0.0,5.0,12.0,6.0,12.0,6.0,12.0,5.0,12.0,0.0,0.0,357.0,357.0,354.0,360.0,15.42,4.63,5.49,5.14,8.54,7.07,4.12,7.36,5.69,6.04,5.17,5.1,7.4,8.41,8.28,9.07,8.95,9.56,9.51,8.22,10.35,11.03,12.02,10.84,11.02,13.04,52.97,7.27,71.78,8.73,6.5,70.31,9.09,8.62,5.78,24.04,38.03,50.2,,,,0.0,0.0,0.0,0.0,0.0,0.0,0.0,0.0,1.0,0.0
True,2021/6/15 22:00:04,,3925355175375536338,Equ1,2021/6/15 21:17:50,1.0,0.0,0.0,1242.0,0.0,0.0,0.0,0.0,462.26,425.11,447.21,469.58,473.79,461.79,7.93,12.06,13.78,0.0,11.05,7.93,129.49,163.17,170.62,173.71,161.68,127.86,1571.55,1538.53,1562.35,1570.94,1586.2,1571.08,12374.11,37.95,0.04,31377.91,14.95,2.59,2.02,7.38,1920.72,1986.47,1.0,1.0,-2.32,4.05,3.52,3.67,0.0,0.0,3.66,3.77,4.29,3.76,0.0,0.0,0.0,0.0,5.0,12.0,6.0,12.0,6.0,12.0,5.0,12.0,0.0,0.0,358.0,358.0,354.0,361.0,15.45,4.64,5.48,5.14,8.53,7.06,4.13,7.33,5.67,6.01,5.15,5.06,7.37,8.37,8.24,8.96,8.87,9.51,9.42,8.17,10.24,10.87,11.84,10.62,10.56,12.18,16.86,50.95,71.78,8.72,6.49,70.31,9.07,8.61,5.79,24.04,37.95,50.2,,,,0.0,0.0,0.0,0.0,0.0,0.0,0.0,0.0,1.0,0.0
True,2021/6/15 22:00:04,,3925355175375536339,Equ1,2021/6/15 21:17:55,1.0,0.0,0.0,1242.0,0.0,0.0,0.0,0.0,462.26,425.11,447.21,469.58,473.79,461.79,7.93,12.03,13.72,0.0,11.1,7.93,128.23,162.63,171.47,173.18,161.59,127.75,1573.35,1540.31,1564.1,1572.74,1588.05,1572.88,12412.06,33.0,0.04,31303.58,16.21,2.44,2.03,8.0,1915.44,1987.27,1.0,1.0,-2.32,4.06,3.55,3.68,0.0,0.0,3.77,3.68,4.4,3.36,0.0,0.0,0.0,0.0,5.0,12.0,6.0,12.0,6.0,12.0,5.0,12.0,0.0,0.0,358.0,358.0,355.0,362.0,15.47,4.62,5.47,5.13,8.52,7.03,4.14,7.31,5.65,5.98,5.13,5.04,7.35,8.33,8.2,8.93,8.86,9.46,9.33,8.12,10.13,10.74,11.68,10.41,10.22,11.6,12.56,52.62,71.79,8.71,6.48,70.3,9.06,8.59,5.78,24.04,37.96,50.2,,,,0.0,0.0,0.0,0.0,0.0,0.0,0.0,0.0,1.0,0.0
True,2021/6/15 22:00:04,,3925355175375536340,Equ1,2021/6/15 21:18:00,1.0,0.0,0.0,1242.0,0.0,0.0,0.0,0.0,462.26,425.11,447.21,469.58,473.79,461.79,7.95,12.13,13.9,0.0,11.09,7.95,126.17,162.69,172.44,173.77,162.5,129.77,1574.85,1541.88,1565.75,1574.22,1589.52,1574.38,12500.27,28.21,0.05,31377.91,18.46,2.38,2.02,9.12,1913.63,1969.26,1.0,1.0,-2.32,4.08,3.54,3.68,0.0,0.0,4.12,4.26,4.48,4.19,0.0,0.0,0.0,0.0,5.0,12.0,6.0,12.0,6.0,12.0,5.0,12.0,0.0,0.0,359.0,359.0,355.0,362.0,15.49,4.62,5.45,5.11,8.5,7.0,4.13,7.28,5.64,5.95,5.1,5.01,7.33,8.29,8.15,8.88,8.82,9.4,9.25,8.07,10.04,10.63,11.54,10.22,9.95,11.16,11.06,48.33,71.77,8.69,6.48,70.3,9.04,8.58,5.78,24.06,37.94,50.2,,,,0.0,0.0,0.0,0.0,0.0,0.0,0.0,0.0,1.0,0.0
True,2021/6/15 22:00:04,,3925355175375536341,Equ1,2021/6/15 21:18:05,1.0,0.0,0.0,1242.0,0.0,0.0,0.0,0.0,462.26,425.11,447.21,469.58,473.79,461.79,7.79,12.07,13.92,0.0,11.0,7.79,129.3,162.93,172.67,174.51,162.49,129.66,1575.77,1542.9,1566.85,1575.3,1590.52,1575.3,12563.36,29.51,0.05,31579.66,18.51,2.49,2.03,9.14,1933.88,1863.35,1.0,1.0,-2.32,4.06,3.59,3.73,0.0,0.0,3.49,3.85,4.72,3.66,0.0,0.0,0.0,0.0,5.0,12.0,6.0,12.0,6.0,12.0,5.0,12.0,0.0,0.0,359.0,360.0,356.0,363.0,15.52,4.61,5.44,5.1,8.49,6.99,4.13,7.26,5.62,5.93,5.08,4.98,7.3,8.25,8.12,8.84,8.77,9.37,9.18,8.03,9.95,10.53,11.41,9.96,9.72,10.82,10.3,48.5,69.58,8.69,6.46,70.3,9.03,8.56,5.78,24.11,37.98,50.19,,,,0.0,0.0,0.0,0.0,0.0,0.0,0.0,0.0,1.0,0.0
True,2021/6/15 22:00:04,,3925355175375536342,Equ1,2021/6/15 21:18:10,1.0,0.0,0.0,1242.0,0.0,0.0,0.0,0.0,462.26,425.11,447.21,469.58,473.79,461.79,7.73,11.84,13.74,0.0,11.0,7.73,126.97,162.44,173.51,174.23,162.02,129.02,1576.68,1543.65,1567.65,1576.27,1591.49,1576.21,12311.02,38.12,0.03,31409.76,14.59,2.54,2.02,7.2,1917.97,1936.85,1.0,1.0,-2.32,4.04,3.59,3.72,0.0,0.0,3.69,3.51,5.26,3.28,0.0,0.0,0.0,0.0,5.0,12.0,6.0,12.0,6.0,12.0,5.0,12.0,0.0,0.0,360.0,360.0,357.0,364.0,15.56,4.61,5.43,5.1,8.5,6.99,4.14,7.23,5.61,5.91,5.06,4.96,7.28,8.22,8.08,8.8,8.78,9.33,9.12,8.0,9.89,10.43,11.3,9.77,9.52,10.54,9.8,28.5,72.25,8.68,6.45,70.3,9.02,8.56,5.79,24.09,38.05,50.18,,,,0.0,0.0,0.0,0.0,0.0,0.0,0.0,0.0,1.0,0.0
True,2021/6/15 22:00:04,,3925355175375536343,Equ1,2021/6/15 21:18:15,1.0,0.0,0.0,1242.0,0.0,0.0,0.0,0.0,462.26,425.11,447.21,469.58,473.79,461.79,7.93,11.97,13.75,0.0,11.12,7.93,124.99,162.01,174.16,174.29,161.96,129.05,1577.65,1544.55,1568.43,1577.04,1592.37,1577.18,12412.06,46.22,0.03,31346.05,11.56,2.44,2.03,5.7,1912.4,1965.57,1.0,1.0,-2.32,4.06,3.53,3.67,0.0,0.0,2.72,4.24,4.31,3.04,0.0,0.0,0.0,0.0,5.0,12.0,6.0,12.0,6.0,12.0,5.0,12.0,0.0,0.0,361.0,361.0,357.0,364.0,15.58,4.61,5.43,5.09,8.48,6.99,4.14,7.21,5.59,5.89,5.04,4.94,7.26,8.19,8.06,8.77,8.77,9.29,9.07,7.97,9.83,10.35,11.19,9.64,9.37,10.31,9.38,15.67,72.95,39.5,6.45,70.3,9.0,8.56,5.78,24.04,38.0,50.18,,,,0.0,0.0,0.0,0.0,0.0,0.0,0.0,0.0,1.0,0.0
True,2021/6/15 22:00:04,,3925355175375536344,Equ1,2021/6/15 21:18:20,1.0,0.0,0.0,1242.0,0.0,0.0,0.0,0.0,462.26,425.11,447.21,469.58,473.79,461.79,8.0,12.13,13.86,0.0,11.13,8.0,128.33,163.34,172.05,173.81,161.55,128.15,1579.35,1546.32,1570.16,1578.66,1594.01,1578.88,12437.19,40.44,0.03,31377.91,13.4,2.47,2.03,6.61,1916.31,1952.19,1.0,1.0,-2.32,4.08,3.53,3.68,0.0,0.0,3.0,3.76,4.4,4.12,0.0,0.0,0.0,0.0,5.0,12.0,6.0,12.0,6.0,12.0,5.0,12.0,0.0,0.0,361.0,362.0,358.0,365.0,15.61,4.6,5.42,5.09,8.46,6.98,4.14,7.19,5.58,5.87,5.02,4.91,7.25,8.17,8.03,8.73,8.73,9.26,9.02,7.96,9.77,10.27,11.1,9.52,9.24,10.13,9.1,13.12,72.97,23.14,46.71,70.28,8.97,8.55,5.78,24.03,37.96,50.18,,,,0.0,0.0,0.0,0.0,0.0,0.0,0.0,0.0,1.0,0.0
True,2021/6/15 22:00:04,,3925355175375536345,Equ1,2021/6/15 21:18:25,1.0,0.0,0.0,1242.0,0.0,0.0,0.0,0.0,462.26,425.11,447.21,469.58,473.79,461.79,8.01,12.18,13.86,0.0,11.13,8.01,128.62,163.06,170.62,173.52,160.0,126.06,1581.51,1548.53,1572.3,1580.81,1596.16,1581.04,12323.84,33.83,0.04,31208.01,16.54,2.56,2.02,8.17,1925.28,1953.05,1.0,1.0,-2.32,4.09,3.54,3.68,0.0,0.0,3.49,3.9,4.48,3.69,0.0,0.0,0.0,0.0,5.0,12.0,6.0,12.0,6.0,12.0,5.0,12.0,0.0,0.0,362.0,362.0,359.0,366.0,15.64,4.59,5.41,5.08,8.45,6.97,4.16,7.16,5.54,5.83,4.99,4.88,7.22,8.14,7.99,8.69,8.7,9.23,8.96,7.94,9.72,10.2,11.02,9.41,9.1,9.97,8.84,11.86,72.95,18.8,46.28,70.27,8.95,8.54,5.78,24.03,37.96,50.18,,,,0.0,0.0,0.0,0.0,0.0,0.0,0.0,0.0,1.0,0.0
True,2021/6/15 22:00:04,,3925355175375536346,Equ1,2021/6/15 21:18:30,1.0,0.0,0.0,1242.0,0.0,0.0,0.0,0.0,462.26,425.11,447.21,469.58,473.79,461.79,8.0,12.29,14.08,0.0,11.12,8.0,133.23,162.31,173.24,173.61,162.69,128.39,1583.14,1550.28,1574.18,1582.46,1597.79,1582.67,12525.41,27.46,0.05,31569.04,20.13,2.52,2.03,9.94,1923.47,1989.37,1.0,1.0,-2.32,4.09,3.54,3.68,0.0,0.0,3.7,3.86,4.76,3.91,0.0,0.0,0.0,0.0,5.0,12.0,6.0,12.0,6.0,12.0,5.0,12.0,0.0,0.0,362.0,363.0,359.0,366.0,15.65,4.59,5.39,5.06,8.44,6.94,4.16,7.14,5.52,5.82,4.97,4.87,7.2,8.11,7.96,8.66,8.67,9.2,8.9,7.91,9.66,10.13,10.94,9.33,8.99,9.82,8.63,11.12,72.93,16.66,45.93,70.27,8.94,8.52,5.79,24.07,37.91,50.18,,,,0.0,0.0,0.0,0.0,0.0,0.0,0.0,0.0,1.0,0.0
True,2021/6/15 22:00:04,,3925355175375536347,Equ1,2021/6/15 21:18:35,1.0,0.0,0.0,1242.0,0.0,0.0,0.0,0.0,462.26,425.11,447.21,469.58,473.79,461.79,7.77,12.04,14.04,0.0,11.11,7.77,128.28,162.18,178.75,173.96,167.1,129.11,1584.66,1551.78,1575.88,1584.21,1599.53,1584.19,12853.64,28.58,0.05,31728.32,21.41,2.8,2.02,10.58,1921.3,1961.44,1.0,1.0,-2.32,4.08,3.53,3.67,0.0,0.0,3.67,3.67,4.31,5.21,0.0,0.0,0.0,0.0,5.0,12.0,6.0,12.0,6.0,12.0,5.0,12.0,0.0,0.0,363.0,363.0,360.0,367.0,15.69,4.59,5.38,5.06,8.44,6.91,4.16,7.12,5.5,5.8,4.97,4.85,7.2,8.08,7.95,8.63,8.65,9.17,8.85,7.89,9.62,10.08,10.88,9.23,8.9,9.69,8.48,10.62,72.93,15.35,14.54,68.9,8.96,8.52,5.79,24.13,37.99,50.17,,,,0.0,0.0,0.0,0.0,0.0,0.0,0.0,0.0,1.0,0.0
True,2021/6/15 22:00:04,,3925355175375536348,Equ1,2021/6/15 21:18:40,1.0,0.0,0.0,1242.0,0.0,0.0,0.0,0.0,462.26,425.11,447.21,469.58,473.79,461.79,7.81,11.79,13.78,0.0,11.2,7.81,130.57,163.31,181.29,175.03,169.55,129.89,1586.11,1552.94,1577.04,1585.63,1601.04,1585.64,12928.54,32.45,0.04,32089.35,19.9,2.95,2.03,9.83,1953.56,1929.54,1.0,1.0,-2.32,4.08,3.52,3.66,0.0,0.0,3.28,3.72,4.64,3.71,0.0,0.0,0.0,0.0,5.0,12.0,6.0,12.0,6.0,12.0,5.0,12.0,0.0,0.0,364.0,364.0,360.0,367.0,15.71,4.6,5.38,5.05,8.44,6.88,4.16,7.1,5.5,5.79,4.95,4.85,7.18,8.07,7.93,8.61,8.63,9.16,8.81,7.87,9.57,10.03,10.82,9.16,8.81,9.57,8.35,10.25,72.95,14.36,11.96,71.77,8.95,8.53,5.8,24.08,38.08,50.16,,,,0.0,0.0,0.0,0.0,0.0,0.0,0.0,0.0,1.0,0.0
True,2021/6/15 22:00:04,,3925355175375536349,Equ1,2021/6/15 21:18:45,1.0,0.0,0.0,1242.0,0.0,0.0,0.0,0.0,462.26,425.11,447.21,469.58,473.79,461.79,7.96,11.94,13.82,0.0,11.27,7.96,125.54,162.44,178.94,174.58,169.5,129.57,1587.34,1554.17,1578.16,1586.7,1602.18,1586.87,12928.54,37.06,0.04,31834.51,16.87,2.86,2.02,8.34,1916.31,1932.73,1.0,1.0,-2.32,4.08,3.52,3.66,0.0,0.0,3.69,4.16,4.34,4.05,0.0,0.0,0.0,0.0,5.0,12.0,6.0,12.0,6.0,12.0,5.0,12.0,0.0,0.0,364.0,365.0,361.0,368.0,15.74,4.59,5.37,5.04,8.43,6.83,4.16,7.07,5.48,5.76,4.92,4.82,7.15,8.05,7.89,8.57,8.61,9.13,8.73,7.82,9.53,9.99,10.76,9.09,8.73,9.45,8.2,9.94,72.94,13.64,10.79,71.32,60.24,8.51,5.79,24.04,38.04,50.16,,,,0.0,0.0,0.0,0.0,0.0,0.0,0.0,0.0,1.0,0.0
True,2021/6/15 22:00:04,,3925355175375536350,Equ1,2021/6/15 21:18:50,1.0,0.0,0.0,1242.0,0.0,0.0,0.0,0.0,462.26,425.11,447.21,469.58,473.79,461.79,7.98,12.08,13.95,0.0,11.27,7.98,129.83,162.46,178.15,173.61,168.4,128.66,1588.65,1555.59,1579.57,1587.98,1603.46,1588.18,12966.49,35.95,0.04,31823.89,17.15,2.81,2.03,8.47,1914.86,1924.26,1.0,1.0,-2.32,4.08,3.52,3.67,0.0,0.0,3.87,4.22,4.5,3.68,0.0,0.0,0.0,0.0,5.0,12.0,6.0,12.0,6.0,12.0,5.0,12.0,0.0,0.0,365.0,365.0,361.0,369.0,15.76,4.58,5.36,5.03,8.41,6.8,4.16,7.05,5.47,5.75,4.91,4.8,7.15,8.03,7.86,8.55,8.6,9.11,8.7,7.8,9.5,9.95,10.71,9.03,8.68,9.38,8.1,9.76,72.93,13.18,10.15,71.19,59.77,8.51,5.78,24.05,38.02,50.15,,,,0.0,0.0,0.0,0.0,0.0,0.0,0.0,0.0,1.0,0.0
True,2021/6/15 22:00:04,,3925355175375536351,Equ1,2021/6/15 21:18:55,1.0,0.0,0.0,1242.0,0.0,0.0,0.0,0.0,462.26,425.11,447.21,469.58,473.79,461.79,8.0,12.1,13.96,0.0,11.28,8.0,129.05,162.21,176.71,173.47,166.32,125.74,1590.92,1557.87,1581.83,1590.23,1605.73,1590.44,12802.37,32.42,0.04,31558.43,19.2,2.84,2.02,9.49,1923.54,1934.97,1.0,1.0,-2.32,4.08,3.53,3.66,0.0,0.0,3.66,3.63,4.95,3.8,0.0,0.0,0.0,0.0,5.0,12.0,6.0,12.0,6.0,12.0,5.0,12.0,0.0,0.0,365.0,366.0,362.0,369.0,15.78,4.57,5.35,5.01,8.4,6.76,4.16,7.03,5.45,5.74,4.9,4.77,7.12,8.0,7.84,8.52,8.59,9.09,8.64,7.75,9.46,9.9,10.66,8.98,8.61,9.28,7.99,9.54,72.92,12.73,9.67,71.11,26.66,8.5,5.78,24.04,38.02,50.15,,,,0.0,0.0,0.0,0.0,0.0,0.0,0.0,0.0,1.0,0.0
True,2021/6/15 22:00:04,,3925355175375536352,Equ1,2021/6/15 21:19:00,1.0,0.0,0.0,1242.0,0.0,0.0,0.0,0.0,462.26,425.11,447.21,469.58,473.79,461.79,7.99,12.25,14.13,0.0,11.26,7.99,131.45,162.02,178.78,173.83,169.01,128.92,1592.56,1559.67,1583.65,1591.89,1607.36,1592.09,12991.62,27.94,0.05,31919.45,20.5,2.61,2.03,10.12,1911.53,2000.0,1.0,1.0,-2.32,4.07,3.52,3.67,0.0,0.0,3.82,3.77,3.76,3.97,0.0,0.0,0.0,0.0,5.0,12.0,6.0,12.0,6.0,12.0,5.0,12.0,0.0,0.0,366.0,366.0,363.0,370.0,15.81,4.56,5.32,5.0,8.39,6.71,4.16,7.0,5.43,5.72,4.87,4.79,7.09,7.98,7.81,8.49,8.57,9.07,8.59,7.72,9.42,9.84,10.73,8.9,8.55,9.2,7.88,9.36,72.92,12.33,9.26,71.05,18.84,52.83,5.78,24.07,37.99,50.14,,,,0.0,0.0,0.0,0.0,0.0,0.0,0.0,0.0,1.0,0.0
True,2021/6/15 22:00:04,,3925355175375536353,Equ1,2021/6/15 21:19:05,1.0,0.0,0.0,1242.0,0.0,0.0,0.0,0.0,462.26,425.11,447.21,469.58,473.79,461.79,7.76,12.01,14.09,0.0,11.21,7.76,127.5,162.6,179.46,173.83,168.97,129.86,1593.96,1561.05,1585.24,1593.51,1608.94,1593.49,13079.83,29.03,0.05,31887.6,21.45,2.84,2.02,10.6,1919.2,1943.79,1.0,1.0,-2.32,4.07,3.52,3.66,0.0,0.0,3.34,3.67,4.26,3.71,0.0,0.0,0.0,0.0,5.0,12.0,6.0,12.0,6.0,12.0,5.0,12.0,0.0,0.0,367.0,367.0,363.0,370.0,15.84,4.56,5.31,4.99,8.38,6.65,4.17,6.98,5.42,5.71,4.86,4.77,7.08,7.96,7.79,8.47,8.56,9.06,8.55,7.69,9.37,9.8,10.64,8.85,8.49,9.13,7.8,9.21,72.92,12.04,8.98,71.02,16.45,52.74,5.78,24.15,38.06,50.13,,,,0.0,0.0,0.0,0.0,0.0,0.0,0.0,0.0,1.0,0.0
True,2021/6/15 22:00:04,,3925355175375536354,Equ1,2021/6/15 21:19:10,1.0,0.0,0.0,1242.0,0.0,0.0,0.0,0.0,462.26,425.11,447.21,469.58,473.79,461.79,7.85,11.8,13.79,0.0,11.32,7.85,130.96,162.72,179.89,175.13,169.76,129.41,1595.11,1561.92,1586.01,1594.58,1610.11,1594.64,13003.93,36.25,0.04,32057.5,17.9,2.96,2.03,8.83,1914.86,1954.79,1.0,1.0,-2.32,4.06,3.51,3.65,0.0,0.0,3.36,3.2,4.6,3.79,0.0,0.0,0.0,0.0,5.0,12.0,6.0,12.0,6.0,12.0,5.0,12.0,0.0,0.0,367.0,368.0,364.0,371.0,15.87,43.28,5.31,4.98,8.37,6.6,4.17,6.96,5.41,5.68,4.83,4.74,6.97,7.94,7.77,8.44,8.55,9.04,8.52,7.67,9.33,9.75,10.54,8.8,8.43,9.05,7.73,9.07,72.92,11.78,8.74,71.0,15.1,36.29,5.78,24.07,38.15,50.12,,,,0.0,0.0,0.0,0.0,0.0,0.0,0.0,0.0,1.0,0.0
True,2021/6/15 22:00:04,,3925355175375536355,Equ1,2021/6/15 21:19:15,1.0,0.0,0.0,1242.0,0.0,0.0,0.0,0.0,462.26,425.11,447.21,469.58,473.79,461.79,8.03,12.07,13.97,0.0,11.36,8.03,129.49,162.14,178.5,174.36,169.2,129.28,1596.47,1563.36,1587.35,1595.76,1611.33,1596.0,12940.85,39.73,0.04,31823.89,15.93,2.89,2.03,7.86,1915.94,1958.98,1.0,1.0,-2.32,4.06,3.51,3.65,0.0,0.0,3.69,3.22,4.49,3.54,0.0,0.0,0.0,0.0,5.0,12.0,6.0,12.0,6.0,12.0,5.0,12.0,0.0,0.0,368.0,368.0,364.0,372.0,15.89,43.83,5.3,4.97,8.35,6.54,4.17,6.94,5.39,5.65,4.8,4.66,6.96,7.92,7.73,8.41,8.54,9.02,8.47,7.64,9.28,9.69,10.44,8.75,8.38,8.96,7.64,8.96,72.91,11.51,8.52,70.97,14.13,21.61,5.79,24.05,38.08,50.11,,,,0.0,0.0,0.0,0.0,0.0,0.0,0.0,0.0,1.0,0.0
True,2021/6/15 22:00:04,,3925355175375536356,Equ1,2021/6/15 21:19:20,1.0,0.0,0.0,1242.0,0.0,0.0,0.0,0.0,462.26,425.11,447.21,469.58,473.79,461.79,8.0,12.1,14.04,0.0,11.35,8.0,126.4,161.88,178.2,173.55,168.3,127.97,1598.31,1565.26,1589.3,1597.63,1613.19,1597.84,12915.72,37.47,0.04,31664.61,17.05,2.92,2.02,8.42,1935.33,1961.73,1.0,1.0,-2.32,4.06,3.51,3.64,0.0,0.0,2.83,3.51,4.48,3.24,0.0,0.0,0.0,0.0,5.0,12.0,6.0,12.0,6.0,12.0,5.0,12.0,0.0,0.0,369.0,369.0,365.0,372.0,15.92,41.78,5.28,4.96,8.34,6.49,4.16,6.92,5.38,5.63,4.79,4.62,6.96,7.91,7.7,8.4,8.53,9.01,8.43,7.62,9.24,9.65,10.39,8.7,8.33,8.9,7.57,8.85,72.89,11.3,8.33,70.94,13.47,18.08,5.78,24.06,38.07,50.1,,,,0.0,0.0,0.0,0.0,0.0,0.0,0.0,0.0,1.0,0.0
True,2021/6/15 22:00:04,,3925355175375536357,Equ1,2021/6/15 21:19:25,1.0,0.0,0.0,1242.0,0.0,0.0,0.0,0.0,462.26,425.11,447.21,469.58,473.79,461.79,8.0,12.16,14.05,0.0,11.39,7.99,125.38,163.04,178.05,173.94,168.52,127.44,1600.24,1567.25,1591.24,1599.56,1615.17,1599.77,12915.72,31.23,0.04,31696.46,18.91,2.69,2.03,9.33,1917.39,1966.58,1.0,1.0,-2.32,4.06,3.51,3.64,0.0,0.0,3.05,3.75,3.73,4.03,0.0,0.0,0.0,0.0,5.0,12.0,6.0,12.0,6.0,12.0,5.0,12.0,0.0,0.0,369.0,370.0,366.0,373.0,15.96,9.75,40.59,4.95,8.33,6.44,4.16,6.9,5.36,5.61,4.77,4.64,7.12,8.1,7.69,8.38,8.52,9.0,8.39,7.59,9.21,9.61,10.35,8.67,8.3,8.85,7.51,8.76,72.89,11.12,8.18,70.94,12.98,16.27,5.78,24.07,38.07,50.1,,,,0.0,0.0,0.0,0.0,0.0,0.0,0.0,0.0,1.0,0.0
True,2021/6/15 22:00:04,,3925355175375536358,Equ1,2021/6/15 21:19:30,1.0,0.0,0.0,1242.0,0.0,0.0,0.0,0.0,462.26,425.11,447.21,469.58,473.79,461.79,7.95,12.17,14.21,0.0,11.32,7.95,128.8,162.63,180.09,174.35,169.33,130.09,1601.63,1568.71,1592.84,1601.01,1616.54,1601.16,13130.1,29.73,0.05,31919.46,20.12,2.73,2.02,9.93,1919.99,1964.63,1.0,1.0,-2.32,4.04,3.52,3.66,0.0,0.0,3.75,3.94,4.74,3.62,0.0,0.0,0.0,0.0,5.0,12.0,6.0,12.0,6.0,12.0,5.0,12.0,0.0,0.0,370.0,370.0,366.0,374.0,15.98,8.1,41.92,4.95,8.33,6.38,4.17,6.88,5.35,5.59,4.76,4.64,7.09,8.06,7.67,8.37,8.52,8.99,8.36,7.57,9.18,9.57,10.31,8.65,8.3,8.8,7.45,8.67,72.89,10.95,8.04,70.93,12.59,15.13,5.79,24.11,38.08,50.08,,,,0.0,0.0,0.0,0.0,0.0,0.0,0.0,0.0,1.0,0.0
True,2021/6/15 22:00:04,,3925355175375536359,Equ1,2021/6/15 21:19:35,1.0,0.0,0.0,1242.0,0.0,0.0,0.0,0.0,462.26,425.11,447.21,469.58,473.79,461.79,7.78,11.9,14.02,0.0,11.28,7.78,128.47,162.83,179.92,174.55,168.66,129.22,1602.73,1569.7,1593.93,1602.28,1617.77,1602.27,13041.88,34.47,0.04,31898.22,18.68,2.94,2.02,9.23,1929.11,1973.89,1.0,1.0,-2.32,4.04,3.51,3.64,0.0,0.0,3.63,3.31,5.29,3.11,0.0,0.0,0.0,0.0,5.0,12.0,6.0,12.0,6.0,12.0,5.0,12.0,0.0,0.0,370.0,371.0,367.0,374.0,16.0,7.38,13.25,4.94,8.32,6.32,4.17,6.86,5.34,5.58,4.74,4.62,7.06,7.96,7.65,8.35,8.51,8.98,8.32,7.55,9.16,9.54,10.27,8.61,8.38,8.75,7.39,8.6,72.88,10.82,7.93,70.93,12.28,14.28,5.78,24.14,38.17,50.07,,,,0.0,0.0,0.0,0.0,0.0,0.0,0.0,0.0,1.0,0.0
True,2021/6/15 22:00:04,,3925355175375536360,Equ1,2021/6/15 21:19:40,1.0,0.0,0.0,1242.0,0.0,0.0,0.0,0.0,462.26,425.11,447.21,469.58,473.79,461.79,7.98,11.73,13.71,0.0,11.47,7.98,124.99,162.63,180.09,175.09,169.5,129.34,1603.86,1570.47,1594.55,1603.21,1618.89,1603.39,12953.17,40.74,0.03,31866.36,15.03,2.79,2.03,7.42,1915.0,1936.42,1.0,1.0,-2.32,4.04,3.5,3.64,0.0,0.0,3.94,3.42,4.43,4.41,0.0,0.0,0.0,0.0,5.0,12.0,6.0,12.0,6.0,12.0,5.0,12.0,0.0,0.0,371.0,371.0,367.0,375.0,16.02,6.86,10.46,51.42,8.29,6.26,4.17,6.85,5.32,5.56,4.72,4.59,7.01,7.93,7.61,8.33,8.51,8.97,8.3,7.53,9.13,9.5,10.22,8.57,8.31,8.72,7.33,8.53,72.87,10.68,7.84,70.91,12.0,13.69,5.78,24.04,38.24,50.05,,,,0.0,0.0,0.0,0.0,0.0,0.0,0.0,0.0,1.0,0.0
True,2021/6/15 22:00:04,,3925355175375536361,Equ1,2021/6/15 21:19:45,1.0,0.0,0.0,1242.0,0.0,0.0,0.0,0.0,462.26,425.11,447.21,469.58,473.79,461.79,8.19,12.11,13.99,0.0,11.51,8.19,129.63,162.79,178.24,174.25,168.75,129.17,1605.21,1571.98,1595.97,1604.35,1620.06,1604.74,12965.98,42.93,0.03,31887.6,13.82,2.71,2.03,6.82,1922.38,1945.46,1.0,1.0,-2.32,4.04,3.5,3.63,0.0,0.0,3.22,3.64,4.41,3.69,0.0,0.0,0.0,0.0,5.0,12.0,6.0,12.0,6.0,12.0,5.0,12.0,0.0,0.0,372.0,372.0,368.0,375.0,16.05,6.52,9.36,49.6,8.28,6.22,4.17,6.83,5.31,5.53,4.7,4.56,6.98,7.92,7.58,8.31,8.51,8.96,8.26,7.52,9.1,9.47,10.18,8.54,8.25,8.65,7.28,8.48,72.86,10.55,7.75,70.9,11.75,13.23,5.79,24.03,38.15,50.03,,,,0.0,0.0,0.0,0.0,0.0,0.0,0.0,0.0,1.0,0.0
True,2021/6/15 22:00:04,,3925355175375536362,Equ1,2021/6/15 21:19:50,1.0,0.0,0.0,1242.0,0.0,0.0,0.0,0.0,462.26,425.11,447.21,469.58,473.79,461.79,8.13,12.17,14.08,0.0,11.47,8.13,128.26,162.41,177.65,173.39,166.9,126.78,1607.12,1574.02,1598.02,1606.31,1621.99,1606.65,12928.03,39.84,0.04,31622.14,15.91,2.89,2.02,7.86,1932.8,1939.38,1.0,1.0,-2.32,4.03,3.51,3.64,0.0,0.0,3.39,3.57,3.72,3.9,0.0,0.0,0.0,0.0,5.0,12.0,6.0,12.0,6.0,12.0,5.0,12.0,0.0,0.0,372.0,373.0,369.0,376.0,16.08,6.28,8.73,12.75,54.35,6.17,4.17,6.81,5.3,5.52,4.68,4.55,6.97,7.91,7.57,8.3,8.5,8.95,8.23,7.49,9.08,9.44,10.14,8.5,8.18,8.59,7.31,8.4,72.86,10.43,7.66,70.9,11.54,12.81,5.78,24.04,38.14,50.01,,,,0.0,0.0,0.0,0.0,0.0,0.0,0.0,0.0,1.0,0.0
True,2021/6/15 22:00:04,,3925355175375536363,Equ1,2021/6/15 21:19:55,1.0,0.0,0.0,1242.0,0.0,0.0,0.0,0.0,462.26,425.11,447.21,469.58,473.79,461.79,8.18,12.24,14.09,0.0,11.48,8.18,131.5,163.06,178.2,173.89,168.49,127.13,1609.12,1576.03,1599.99,1608.26,1623.96,1608.65,12965.98,30.51,0.05,31823.89,19.43,2.71,2.02,9.6,1912.04,1962.67,1.0,1.0,-2.32,4.05,3.5,3.64,0.0,0.0,4.0,3.43,4.2,4.25,0.0,0.0,0.0,0.0,5.0,12.0,6.0,12.0,6.0,12.0,5.0,12.0,0.0,0.0,373.0,373.0,369.0,377.0,16.11,6.1,8.29,9.87,56.01,6.12,4.18,6.79,5.28,5.5,4.66,4.53,6.95,7.89,7.55,8.29,8.5,8.95,8.2,7.48,9.06,9.42,10.11,8.48,8.13,8.57,7.26,8.36,72.86,10.32,7.59,70.9,11.35,12.47,5.78,24.05,38.13,50.0,,,,0.0,0.0,0.0,0.0,0.0,0.0,0.0,0.0,1.0,0.0
True,2021/6/15 22:00:04,,3925355175375536364,Equ1,2021/6/15 21:20:00,1.0,0.0,0.0,1242.0,0.0,0.0,0.0,0.0,462.26,425.11,447.21,469.58,473.79,461.79,8.05,12.28,14.28,0.0,11.4,8.05,131.68,162.89,179.33,173.97,168.68,130.25,1610.03,1577.11,1601.21,1609.3,1624.91,1609.56,13218.32,29.53,0.05,32015.02,20.1,2.71,2.02,9.93,1917.75,1966.8,1.0,1.0,-2.32,4.05,3.51,3.64,0.0,0.0,3.65,3.35,4.58,2.93,0.0,0.0,0.0,0.0,5.0,12.0,6.0,12.0,6.0,12.0,5.0,12.0,0.0,0.0,373.0,374.0,370.0,377.0,16.13,5.98,8.01,8.94,18.52,6.09,4.18,6.77,5.27,5.49,4.65,4.51,6.94,7.88,7.55,8.27,8.5,8.94,8.18,7.47,9.04,9.4,10.09,8.46,8.1,8.56,7.19,8.32,72.85,10.25,7.53,70.89,11.23,12.22,5.78,24.11,38.13,49.99,,,,0.0,0.0,0.0,0.0,0.0,0.0,0.0,0.0,1.0,0.0
True,2021/6/15 22:00:04,,3925355175379730470,Equ1,2021/6/15 21:28:25,1.0,0.0,0.0,1242.0,0.0,0.0,0.0,0.0,462.26,425.11,447.21,469.58,473.79,461.79,7.87,12.88,14.74,0.0,11.15,7.87,102.97,133.17,142.43,165.55,138.28,90.91,1617.0,1584.87,1608.83,1616.45,1631.81,1616.53,7255.07,6.17,0.13,26387.17,14.12,0.4,2.0,7.07,1946.98,1931.86,1.0,1.0,-2.31,4.05,3.56,3.64,0.0,0.0,3.78,3.7,4.56,3.89,0.0,0.0,0.0,0.0,5.0,12.0,6.0,12.0,6.0,12.0,5.0,12.0,0.0,0.0,377.0,378.0,374.0,381.0,16.3,4.34,5.05,4.69,8.34,5.64,4.41,5.83,4.87,4.99,4.4,4.32,6.61,7.33,6.95,7.78,8.22,8.43,7.2,6.72,7.94,8.17,8.6,7.83,7.12,7.59,5.81,7.45,72.76,8.43,6.68,70.69,9.16,8.65,5.78,24.5,38.16,46.34,,,,0.0,0.0,0.0,0.0,0.0,0.0,0.0,0.0,1.0,0.0
True,2021/6/15 22:00:04,,3925355175379730471,Equ1,2021/6/15 21:28:30,1.0,0.0,0.0,1242.0,0.0,0.0,0.0,0.0,462.26,425.11,447.21,469.58,473.79,461.79,7.66,13.05,14.82,0.0,10.98,7.66,111.81,140.18,142.01,174.02,139.93,90.51,1619.31,1587.55,1611.43,1618.97,1634.17,1618.84,8075.15,6.0,0.15,27300.37,21.66,0.6,2.0,10.85,1921.95,1960.07,1.0,1.0,-2.31,4.06,3.57,3.64,0.0,0.0,3.79,3.71,4.57,3.9,0.0,0.0,0.0,0.0,5.0,12.0,6.0,12.0,6.0,12.0,5.0,12.0,0.0,0.0,377.0,378.0,374.0,381.0,16.3,4.35,5.05,4.7,8.37,5.64,4.43,5.83,4.87,5.0,4.41,4.33,6.64,7.33,6.97,7.79,8.23,8.44,7.21,6.72,7.95,8.18,8.61,7.85,7.14,7.62,5.83,7.47,72.78,8.44,6.7,70.71,9.18,8.66,5.79,24.61,38.04,46.34,,,,0.0,0.0,0.0,0.0,0.0,0.0,0.0,0.0,1.0,0.0
True,2021/6/15 22:00:04,,3925355175379730472,Equ1,2021/6/15 21:28:35,1.0,0.0,0.0,1242.0,0.0,0.0,0.0,0.0,462.26,425.11,447.21,469.58,473.79,461.79,7.74,13.57,15.14,0.0,11.03,7.74,121.76,150.67,144.18,174.2,145.33,91.23,1622.04,1590.72,1614.38,1621.61,1636.86,1621.57,8718.3,6.71,0.14,28192.33,28.46,0.88,2.0,14.26,1919.34,1944.23,1.0,1.0,-2.3,4.06,3.57,3.64,0.0,0.0,3.79,3.71,4.57,3.9,0.0,0.0,0.0,0.0,5.0,12.0,6.0,12.0,6.0,12.0,5.0,12.0,0.0,0.0,377.0,378.0,374.0,381.0,16.3,4.35,5.05,4.7,8.35,5.62,4.42,5.85,4.88,5.01,4.42,4.34,6.64,7.33,6.97,7.78,8.23,8.43,7.2,6.73,7.95,8.18,8.61,7.86,7.14,7.62,5.82,7.47,72.79,8.43,6.71,70.72,9.18,8.66,5.79,24.72,37.86,46.34,,,,0.0,0.0,0.0,0.0,0.0,0.0,0.0,0.0,1.0,0.0
True,2021/6/15 22:00:04,,3925355175379730473,Equ1,2021/6/15 21:28:40,1.0,0.0,0.0,1242.0,0.0,0.0,0.0,0.0,462.26,425.11,447.21,469.58,473.79,461.79,7.84,14.1,15.42,0.0,11.08,7.84,127.91,160.87,147.18,173.77,150.68,92.43,1624.69,1593.81,1617.22,1624.17,1639.46,1624.22,9475.3,6.3,0.16,29052.44,36.38,1.06,2.0,18.23,1933.3,1950.81,1.0,1.0,-2.31,4.06,3.57,3.65,0.0,0.0,3.79,3.71,4.57,3.91,0.0,0.0,0.0,0.0,5.0,12.0,6.0,12.0,6.0,12.0,5.0,12.0,0.0,0.0,377.0,378.0,374.0,381.0,16.3,4.35,5.05,4.69,8.34,5.59,4.42,62.84,4.87,4.99,4.42,4.33,6.64,7.32,6.96,7.77,8.22,8.42,7.19,6.73,7.94,8.17,8.59,7.85,7.14,7.63,5.81,7.47,72.77,8.42,6.71,70.71,9.17,8.65,5.8,24.84,37.78,46.33,,,,0.0,0.0,0.0,0.0,0.0,0.0,0.0,0.0,1.0,0.0
True,2021/6/15 22:00:04,,3925355175379730474,Equ1,2021/6/15 21:28:45,1.0,0.0,0.0,1242.0,0.0,0.0,0.0,0.0,462.26,425.11,447.21,469.58,473.79,461.79,7.89,14.55,15.85,0.0,11.1,7.89,128.07,164.57,150.98,174.31,157.16,94.46,1627.08,1596.6,1620.01,1626.52,1641.83,1626.61,9904.06,8.12,0.13,29530.27,34.92,1.31,1.99,17.5,1914.21,1947.48,1.0,1.0,-2.3,4.06,3.57,3.64,0.0,0.0,3.79,3.72,4.57,3.91,0.0,0.0,0.0,0.0,5.0,12.0,6.0,12.0,6.0,12.0,5.0,12.0,0.0,0.0,377.0,378.0,374.0,381.0,16.3,4.33,5.05,4.68,8.33,5.54,4.41,60.49,4.87,4.99,4.42,4.33,6.63,7.31,6.95,7.77,8.22,8.41,7.19,6.73,7.93,8.17,8.59,7.85,7.14,7.64,5.8,7.46,72.76,8.41,6.71,70.7,9.16,8.63,5.79,25.1,37.7,46.3,,,,0.0,0.0,0.0,0.0,0.0,0.0,0.0,0.0,1.0,0.0
True,2021/6/15 22:00:04,,3925355175379730475,Equ1,2021/6/15 21:28:50,1.0,0.0,0.0,1242.0,0.0,0.0,0.0,0.0,462.26,425.11,447.21,469.58,473.79,461.79,7.94,14.83,16.17,0.0,11.15,7.94,127.27,163.79,155.37,174.31,162.77,96.89,1629.63,1599.37,1622.81,1629.01,1644.37,1629.16,10307.69,10.01,0.11,29880.69,32.88,1.53,2.0,16.47,1923.97,1939.31,1.0,1.0,-2.31,4.06,3.57,3.64,0.0,0.0,3.79,3.72,4.57,3.91,0.0,0.0,0.0,0.0,5.0,12.0,6.0,12.0,6.0,12.0,5.0,12.0,0.0,0.0,377.0,378.0,374.0,381.0,16.3,4.32,5.03,4.67,8.32,5.49,4.42,23.69,43.8,4.98,4.4,4.32,6.62,7.31,6.94,7.76,8.22,8.42,7.19,6.77,7.91,8.15,8.57,7.84,7.12,7.65,5.8,7.46,72.77,8.42,6.67,70.67,9.11,8.61,5.79,25.29,37.67,46.23,,,,0.0,0.0,0.0,0.0,0.0,0.0,0.0,0.0,1.0,0.0
True,2021/6/15 22:00:04,,3925355175379730476,Equ1,2021/6/15 21:28:55,1.0,0.0,0.0,1242.0,0.0,0.0,0.0,0.0,462.26,425.11,447.21,469.58,473.79,461.79,7.96,14.86,16.29,0.0,11.21,7.96,127.91,164.58,161.98,174.0,167.16,99.78,1631.99,1601.74,1625.27,1631.35,1646.78,1631.52,10724.14,11.11,0.1,30390.38,31.36,1.61,2.0,15.7,1922.74,1927.16,1.0,1.0,-2.31,4.06,3.57,3.65,0.0,0.0,3.79,3.72,4.57,3.91,0.0,0.0,0.0,0.0,5.0,12.0,6.0,12.0,6.0,12.0,5.0,12.0,0.0,0.0,377.0,378.0,374.0,381.0,16.3,4.32,5.03,4.66,8.32,5.45,4.42,16.5,42.87,4.97,4.4,4.31,6.61,7.31,6.94,7.75,8.21,8.42,7.19,6.75,7.91,8.14,8.56,7.83,7.12,7.66,5.8,7.45,72.77,8.42,6.66,70.65,9.11,8.59,5.78,25.35,37.67,46.1,,,,0.0,0.0,0.0,0.0,0.0,0.0,0.0,0.0,1.0,0.0
True,2021/6/15 22:00:04,,3925355175379730477,Equ1,2021/6/15 21:29:00,1.0,0.0,0.0,1242.0,0.0,0.0,0.0,0.0,462.26,425.11,447.21,469.58,473.79,461.79,8.04,15.08,16.54,0.0,11.23,8.04,127.16,164.22,167.14,174.25,169.84,102.2,1634.29,1604.18,1627.74,1633.57,1649.02,1633.82,11038.55,13.59,0.09,30645.22,29.75,1.87,2.0,14.91,1934.24,1925.35,1.0,1.0,-2.31,4.06,3.57,3.65,0.0,0.0,3.8,3.73,4.62,3.92,0.0,0.0,0.0,0.0,5.0,12.0,6.0,12.0,6.0,12.0,5.0,12.0,0.0,0.0,377.0,378.0,374.0,381.0,16.3,4.32,5.03,4.65,8.3,5.41,4.42,13.95,12.23,46.4,4.4,4.31,6.6,7.31,6.93,7.75,8.21,8.41,7.19,6.74,7.97,8.14,8.55,7.83,7.11,7.66,5.79,7.45,72.76,8.41,6.67,70.6,9.22,8.58,5.78,25.48,37.63,45.9,,,,0.0,0.0,0.0,0.0,0.0,0.0,0.0,0.0,1.0,0.0
True,2021/6/15 22:00:04,,3925355175379730478,Equ1,2021/6/15 21:29:05,1.0,0.0,0.0,1242.0,0.0,0.0,0.0,0.0,462.26,425.11,447.21,469.58,473.79,461.79,8.07,15.21,16.74,0.0,11.25,8.07,127.18,163.86,171.28,173.52,169.04,102.72,1636.82,1606.81,1630.44,1636.07,1651.53,1636.35,11214.99,13.45,0.09,30772.65,29.34,1.83,2.0,14.69,1914.21,1963.69,1.0,1.0,-2.31,4.06,3.57,3.64,0.0,0.0,3.8,3.89,4.53,3.91,0.0,0.0,0.0,0.0,5.0,12.0,6.0,12.0,6.0,12.0,5.0,12.0,0.0,0.0,377.0,378.0,375.0,381.0,16.31,4.32,5.03,4.65,8.31,5.36,4.42,12.46,8.96,31.09,4.41,4.31,6.61,7.3,6.93,7.75,8.21,8.41,7.2,6.75,7.98,8.15,8.55,7.84,7.1,7.66,5.79,7.45,72.76,8.42,6.69,70.63,9.21,8.57,5.78,25.55,37.61,45.61,,,,0.0,0.0,0.0,0.0,0.0,0.0,0.0,0.0,1.0,0.0
True,2021/6/15 22:00:04,,3925355175379730479,Equ1,2021/6/15 21:29:10,1.0,0.0,0.0,1242.0,0.0,0.0,0.0,0.0,462.26,425.11,447.21,469.58,473.79,461.79,7.96,15.29,16.89,0.0,11.2,7.96,127.24,163.77,171.83,173.55,168.45,102.71,1639.39,1609.57,1633.27,1638.75,1654.17,1638.92,11455.0,11.88,0.1,30772.65,30.14,1.66,2.0,15.09,1931.93,1946.25,1.0,1.0,-2.31,4.06,3.56,3.64,0.0,0.0,3.78,3.78,4.82,3.99,0.0,0.0,0.0,0.0,5.0,12.0,6.0,12.0,6.0,12.0,5.0,12.0,0.0,0.0,377.0,378.0,375.0,381.0,16.31,4.31,5.02,4.64,8.3,5.34,4.42,11.53,7.94,14.04,49.69,4.32,6.61,7.3,6.93,7.75,8.21,8.41,7.19,6.75,7.97,8.14,8.55,7.84,7.09,7.69,5.78,7.45,72.75,8.41,6.7,70.64,9.11,8.55,5.74,25.78,37.57,45.23,,,,0.0,0.0,0.0,0.0,0.0,0.0,0.0,0.0,1.0,0.0
True,2021/6/15 22:00:04,,3925355175379730480,Equ1,2021/6/15 21:29:15,1.0,0.0,0.0,1242.0,0.0,0.0,0.0,0.0,462.26,425.11,447.21,469.58,473.79,461.79,7.91,15.52,17.21,0.0,11.14,7.91,127.82,164.45,174.1,174.02,169.56,104.41,1641.69,1612.15,1635.94,1641.1,1656.46,1641.22,11455.0,13.09,0.09,30900.07,30.37,1.84,2.0,15.2,1936.42,1943.29,1.0,1.0,-2.31,4.05,3.56,3.63,0.0,0.0,3.75,4.03,4.21,4.15,0.0,0.0,0.0,0.0,5.0,12.0,6.0,12.0,6.0,12.0,5.0,12.0,0.0,0.0,377.0,379.0,376.0,382.0,16.34,4.31,5.02,4.64,8.29,5.3,4.43,10.85,7.37,11.3,49.66,4.31,6.59,7.3,6.93,7.74,8.2,8.41,7.19,6.75,7.96,8.14,8.55,7.82,7.09,7.7,5.78,7.45,72.75,8.41,6.7,70.65,9.08,8.53,5.59,26.07,37.49,44.32,,,,0.0,0.0,0.0,0.0,0.0,0.0,0.0,0.0,1.0,0.0
True,2021/6/15 22:00:04,,3925355175379730481,Equ1,2021/6/15 21:29:20,1.0,0.0,0.0,1242.0,0.0,0.0,0.0,0.0,462.26,425.11,447.21,469.58,473.79,461.79,7.88,15.77,17.53,0.0,11.07,7.88,127.29,164.51,177.59,175.0,171.27,107.74,1643.76,1614.5,1638.36,1643.2,1658.49,1643.29,11656.06,14.86,0.08,31292.96,30.0,2.07,2.0,15.04,1935.26,1959.27,1.0,1.0,-2.31,4.04,3.55,3.62,0.0,0.0,3.74,3.81,4.32,4.07,0.0,0.0,0.0,0.0,5.0,12.0,6.0,12.0,6.0,12.0,5.0,12.0,0.0,0.0,378.0,380.0,376.0,382.0,16.37,4.31,5.02,4.63,8.29,5.27,4.42,10.31,6.97,10.02,48.65,4.31,6.59,7.3,6.92,7.74,8.2,8.41,7.19,6.75,7.95,8.14,8.54,7.84,7.07,7.71,5.78,7.44,72.75,8.41,6.69,70.64,9.05,8.52,5.29,26.4,37.42,43.14,,,,0.0,0.0,0.0,0.0,0.0,0.0,0.0,0.0,1.0,0.0
True,2021/6/15 22:00:04,,3925355175379730482,Equ1,2021/6/15 21:29:25,1.0,0.0,0.0,1242.0,0.0,0.0,0.0,0.0,462.26,425.11,447.21,469.58,473.79,461.79,7.96,15.92,17.71,0.0,11.07,7.96,127.23,163.53,179.46,174.9,170.62,111.46,1645.91,1616.72,1640.61,1645.27,1660.56,1645.44,11794.55,15.52,0.08,31420.38,28.16,2.02,2.0,14.09,1907.77,1950.38,1.0,1.0,-2.31,4.04,3.54,3.63,0.0,0.0,3.92,2.88,4.93,3.98,0.0,0.0,0.0,0.0,5.0,12.0,6.0,12.0,6.0,12.0,5.0,12.0,0.0,0.0,378.0,380.0,377.0,383.0,16.39,4.29,5.02,4.62,8.28,5.25,4.43,9.88,6.68,9.25,14.59,45.18,6.56,7.29,6.91,7.74,8.2,8.41,7.2,6.75,7.96,8.15,8.66,7.82,7.07,7.71,5.77,7.44,72.75,8.41,6.7,70.66,9.05,8.63,5.12,26.52,37.4,42.23,,,,0.0,0.0,0.0,0.0,0.0,0.0,0.0,0.0,1.0,0.0
True,2021/6/15 22:00:04,,3925355175379730483,Equ1,2021/6/15 21:29:30,1.0,0.0,0.0,1242.0,0.0,0.0,0.0,0.0,462.26,425.11,447.21,469.58,473.79,461.79,8.15,16.24,17.92,0.0,11.11,8.15,127.34,164.09,179.98,174.84,170.25,115.41,1647.8,1618.74,1642.52,1646.97,1662.29,1647.33,11945.34,19.51,0.07,31515.95,25.69,2.32,2.0,12.86,1938.58,1971.28,1.0,1.0,-2.31,4.03,3.54,3.62,0.0,0.0,3.58,4.08,3.79,4.3,0.0,0.0,0.0,0.0,5.0,12.0,6.0,12.0,6.0,12.0,5.0,12.0,0.0,0.0,379.0,381.0,378.0,384.0,16.43,4.29,5.02,4.62,8.28,5.23,4.44,9.53,6.47,8.71,11.02,45.45,6.57,7.29,6.92,7.74,8.2,8.42,7.21,6.77,7.96,8.16,8.62,7.83,7.06,7.72,5.78,7.45,72.76,8.41,6.7,70.67,9.01,8.61,4.99,26.66,37.38,41.49,,,,0.0,0.0,0.0,0.0,0.0,0.0,0.0,0.0,1.0,0.0
True,2021/6/15 22:00:04,,3925355175379730484,Equ1,2021/6/15 21:29:35,1.0,0.0,0.0,1242.0,0.0,0.0,0.0,0.0,462.26,425.11,447.21,469.58,473.79,461.79,8.21,16.28,17.94,0.0,11.14,8.21,127.03,164.24,178.83,174.68,170.37,116.32,1650.05,1620.97,1644.72,1649.15,1664.51,1649.58,12134.59,20.12,0.07,31515.95,25.12,2.34,2.0,12.59,1920.21,1943.0,1.0,1.0,-2.31,4.04,3.55,3.63,0.0,0.0,3.64,3.75,4.01,3.03,0.0,0.0,0.0,0.0,5.0,12.0,6.0,12.0,6.0,12.0,5.0,12.0,0.0,0.0,379.0,382.0,378.0,384.0,16.44,4.3,5.02,4.62,8.28,5.2,4.43,9.2,6.28,8.31,9.53,16.83,6.6,7.29,6.92,7.74,8.2,8.41,7.2,6.77,7.96,8.16,8.5,7.84,7.06,7.73,5.77,7.45,72.75,8.41,6.69,70.67,8.96,8.54,4.95,26.71,37.36,40.92,,,,0.0,0.0,0.0,0.0,0.0,0.0,0.0,0.0,1.0,0.0
True,2021/6/15 22:00:04,,3925355175379730485,Equ1,2021/6/15 21:29:40,1.0,0.0,0.0,1242.0,0.0,0.0,0.0,0.0,462.26,425.11,447.21,469.58,473.79,461.79,8.25,16.35,17.96,0.0,11.16,8.25,127.62,164.53,178.99,174.81,170.56,117.69,1651.83,1622.79,1646.5,1650.91,1666.27,1651.36,12260.76,17.52,0.08,31675.23,25.27,2.05,2.0,12.66,1924.7,1969.11,1.0,1.0,-2.31,4.04,3.55,3.63,0.0,0.0,3.56,3.73,7.0,3.54,0.0,0.0,0.0,0.0,5.0,12.0,6.0,12.0,6.0,12.0,5.0,12.0,0.0,0.0,380.0,382.0,379.0,385.0,16.47,4.17,5.01,4.61,8.27,5.19,4.43,8.98,6.16,8.03,8.75,12.6,45.0,7.29,6.9,7.73,8.2,8.41,7.2,6.77,7.96,8.15,8.46,7.82,7.05,7.71,5.76,7.44,72.75,8.4,6.68,70.67,8.91,8.5,4.95,26.75,37.36,40.61,,,,0.0,0.0,0.0,0.0,0.0,0.0,0.0,0.0,1.0,0.0
True,2021/6/15 22:00:04,,3925355175379730486,Equ1,2021/6/15 21:29:45,1.0,0.0,0.0,1242.0,0.0,0.0,0.0,0.0,462.26,425.11,447.21,469.58,473.79,461.79,8.21,16.44,18.14,0.0,11.13,8.21,127.99,164.57,178.73,175.49,171.12,119.57,1653.87,1624.94,1648.75,1652.97,1668.32,1653.4,12222.81,17.99,0.07,31738.94,25.6,2.13,2.0,12.82,1933.23,1935.47,1.0,1.0,-2.31,4.04,3.55,3.63,0.0,0.0,3.73,3.03,4.09,3.73,0.0,0.0,0.0,0.0,5.0,12.0,6.0,12.0,6.0,12.0,5.0,12.0,0.0,0.0,381.0,383.0,379.0,385.0,16.49,4.17,5.0,4.61,8.26,5.16,4.43,8.73,6.0,7.77,8.14,10.58,44.91,7.29,6.9,7.73,8.2,8.41,7.2,6.77,7.95,8.15,8.46,7.81,7.05,7.72,5.76,7.45,72.75,8.4,6.67,70.67,8.85,8.49,4.94,26.87,37.35,40.22,,,,0.0,0.0,0.0,0.0,0.0,0.0,0.0,0.0,1.0,0.0
True,2021/6/15 22:00:04,,3925355175379730487,Equ1,2021/6/15 21:29:50,1.0,0.0,0.0,1242.0,0.0,0.0,0.0,0.0,462.26,425.11,447.21,469.58,473.79,461.79,8.32,16.5,18.24,0.0,11.13,8.32,127.04,163.98,180.43,175.36,171.04,125.74,1655.64,1626.67,1650.51,1654.64,1669.99,1655.17,12335.65,21.43,0.06,31898.22,23.57,2.34,2.0,11.8,1913.85,1963.04,1.0,1.0,-2.31,4.04,3.55,3.63,0.0,0.0,3.91,2.84,4.5,4.02,0.0,0.0,0.0,0.0,5.0,12.0,6.0,12.0,6.0,12.0,5.0,12.0,0.0,0.0,381.0,383.0,380.0,386.0,16.52,4.27,5.25,4.6,8.26,5.14,4.44,8.52,5.88,7.54,7.7,9.46,17.63,43.13,6.9,7.73,8.19,8.42,7.2,6.77,7.95,8.15,8.47,7.82,7.06,7.72,5.75,7.44,72.75,8.4,6.65,70.66,8.81,8.5,4.93,26.96,37.34,39.76,,,,0.0,0.0,0.0,0.0,0.0,0.0,0.0,0.0,1.0,0.0
True,2021/6/15 22:00:04,,3925355175379730488,Equ1,2021/6/15 21:29:55,1.0,0.0,0.0,1242.0,0.0,0.0,0.0,0.0,462.26,425.11,447.21,469.58,473.79,461.79,8.44,16.65,18.32,0.0,11.17,8.44,127.68,164.5,180.98,175.67,171.4,129.28,1657.2,1628.27,1652.04,1656.08,1671.46,1656.73,12373.6,23.27,0.06,32057.5,22.64,2.44,2.0,11.34,1950.88,1979.74,1.0,1.0,-2.31,4.04,3.54,3.63,0.0,0.0,3.85,3.53,4.48,5.1,0.0,0.0,0.0,0.0,5.0,12.0,6.0,12.0,6.0,12.0,5.0,12.0,0.0,0.0,382.0,384.0,381.0,387.0,16.56,4.31,5.2,4.6,8.26,5.13,4.45,8.32,5.78,7.37,7.36,8.71,12.33,44.03,6.9,7.74,8.2,8.42,7.2,6.77,7.96,8.15,8.48,7.84,7.08,7.71,5.75,7.45,72.75,8.4,6.64,70.67,8.77,8.51,4.94,27.0,37.33,39.38,,,,0.0,0.0,0.0,0.0,0.0,0.0,0.0,0.0,1.0,0.0
True,2021/6/15 22:00:12,,3925355210423140352,Equ1,2021/6/15 21:30:00,1.0,0.0,0.0,1242.0,0.0,0.0,0.0,0.0,462.26,425.11,447.21,469.58,473.79,461.79,8.68,16.97,18.49,0.0,11.25,8.68,127.29,164.48,180.24,175.16,170.66,129.53,1658.92,1630.06,1653.68,1657.56,1673.02,1658.45,12373.1,28.41,0.05,32025.64,20.37,2.68,2.0,10.2,1927.37,1963.32,1.0,1.0,-2.31,4.04,3.55,3.63,0.0,0.0,3.61,3.76,4.71,4.2,0.0,0.0,0.0,0.0,5.0,12.0,6.0,12.0,6.0,12.0,5.0,12.0,0.0,0.0,382.0,384.0,381.0,387.0,16.56,4.31,5.15,4.6,8.26,5.11,4.45,8.14,5.68,7.2,7.07,8.15,10.96,26.05,6.9,7.74,8.21,8.43,7.21,6.78,7.96,8.15,8.49,7.83,7.12,7.73,5.74,7.45,72.75,8.4,6.63,70.68,8.73,8.51,4.94,27.05,37.31,38.94,,,,0.0,0.0,0.0,0.0,0.0,0.0,0.0,0.0,1.0,0.0
True,2021/6/15 22:00:12,,3925355210423140353,Equ1,2021/6/15 21:30:05,1.0,0.0,0.0,1242.0,0.0,0.0,0.0,0.0,462.26,425.11,447.21,469.58,473.79,461.79,8.74,17.07,18.57,0.0,11.25,8.74,127.29,164.05,178.73,174.87,170.62,128.41,1661.0,1632.19,1655.78,1659.58,1675.05,1660.53,12436.18,26.71,0.05,31993.78,20.68,2.56,2.0,10.35,1923.61,1942.13,1.0,1.0,-2.31,4.04,3.55,3.63,0.0,0.0,4.13,3.76,4.38,4.26,0.0,0.0,0.0,0.0,5.0,12.0,6.0,12.0,6.0,12.0,5.0,12.0,0.0,0.0,383.0,385.0,382.0,388.0,16.6,4.29,5.11,4.58,8.23,5.09,4.44,7.99,5.61,7.07,6.85,7.73,10.32,15.68,55.8,7.72,8.2,8.42,7.2,6.78,7.96,8.16,8.49,7.82,7.15,7.63,5.72,7.44,72.75,8.39,6.63,70.68,8.69,8.5,4.9,27.1,37.23,38.44,,,,0.0,0.0,0.0,0.0,0.0,0.0,0.0,0.0,1.0,0.0
True,2021/6/15 22:00:12,,3925355210423140354,Equ1,2021/6/15 21:30:10,1.0,0.0,0.0,1242.0,0.0,0.0,0.0,0.0,462.26,425.11,447.21,469.58,473.79,461.79,8.75,17.09,18.56,0.0,11.28,8.75,127.33,163.82,178.18,174.31,170.11,127.62,1663.25,1634.44,1658.01,1661.82,1677.31,1662.78,12537.22,21.67,0.06,31866.36,22.64,2.27,2.0,11.34,1910.59,1931.21,1.0,1.0,-2.31,4.05,3.55,3.64,0.0,0.0,6.23,3.27,4.91,3.77,0.0,0.0,0.0,0.0,5.0,12.0,6.0,12.0,6.0,12.0,5.0,12.0,0.0,0.0,384.0,386.0,382.0,389.0,16.64,4.26,5.09,4.58,8.23,5.07,4.45,7.85,5.53,6.94,6.67,7.38,9.88,13.31,54.28,7.73,8.19,8.43,7.2,6.78,7.95,8.15,8.49,7.82,7.14,7.53,5.71,7.44,72.75,8.39,6.61,70.67,8.64,8.48,4.9,27.12,37.29,38.11,,,,0.0,0.0,0.0,0.0,0.0,0.0,0.0,0.0,1.0,0.0
True,2021/6/15 22:00:12,,3925355210423140355,Equ1,2021/6/15 21:30:15,1.0,0.0,0.0,1242.0,0.0,0.0,0.0,0.0,462.26,425.11,447.21,469.58,473.79,461.79,8.71,17.19,18.7,0.0,11.28,8.71,128.05,164.45,178.33,175.04,170.76,128.18,1665.21,1636.54,1660.15,1663.82,1679.31,1664.74,12411.05,21.66,0.06,31930.07,24.24,2.43,2.0,12.14,1932.07,1962.96,1.0,1.0,-2.31,4.05,3.55,3.63,0.0,0.0,3.36,3.25,4.78,3.98,0.0,0.0,0.0,0.0,5.0,12.0,6.0,12.0,6.0,12.0,5.0,12.0,0.0,0.0,384.0,386.0,383.0,389.0,16.65,4.24,5.08,4.56,8.19,5.05,4.44,7.73,5.46,6.83,6.49,7.12,9.57,12.29,34.97,52.33,8.19,8.42,7.19,6.78,7.95,8.14,8.49,7.81,7.14,7.52,5.77,7.42,72.74,8.39,6.61,70.66,8.6,8.47,4.9,27.24,37.28,37.76,,,,0.0,0.0,0.0,0.0,0.0,0.0,0.0,0.0,1.0,0.0
True,2021/6/15 22:00:12,,3925355210423140356,Equ1,2021/6/15 21:30:20,1.0,0.0,0.0,1242.0,0.0,0.0,0.0,0.0,462.26,425.11,447.21,469.58,473.79,461.79,8.79,17.32,18.8,0.0,11.29,8.79,127.62,164.74,180.71,175.39,171.43,130.76,1666.68,1638.06,1661.64,1665.21,1680.72,1666.21,12461.32,26.06,0.05,32195.54,22.73,2.75,2.0,11.4,1911.75,1966.22,1.0,1.0,-2.31,4.05,3.55,3.63,0.0,0.0,3.7,4.8,4.48,3.5,0.0,0.0,0.0,0.0,5.0,12.0,6.0,12.0,6.0,12.0,5.0,12.0,0.0,0.0,385.0,387.0,384.0,390.0,16.69,4.22,5.07,4.57,8.19,5.04,4.44,7.61,5.4,6.74,6.35,6.89,9.34,11.65,14.42,54.61,8.19,8.43,7.19,6.78,7.95,8.14,8.5,7.8,7.13,7.59,5.76,7.42,72.73,8.38,6.6,70.66,8.56,8.47,4.9,27.28,37.27,37.38,,,,0.0,0.0,0.0,0.0,0.0,0.0,0.0,0.0,1.0,0.0
True,2021/6/15 22:00:12,,3925355210423140357,Equ1,2021/6/15 21:30:25,1.0,0.0,0.0,1242.0,0.0,0.0,0.0,0.0,462.26,425.11,447.21,469.58,473.79,461.79,8.78,17.41,18.94,0.0,11.27,8.78,127.81,164.02,179.5,175.14,171.12,130.57,1668.07,1639.56,1663.18,1666.61,1682.09,1667.6,12398.23,26.63,0.05,32057.5,21.63,2.67,2.0,10.83,1910.45,1980.04,1.0,1.0,-2.31,4.05,3.54,3.63,0.0,0.0,3.72,3.76,4.56,3.71,0.0,0.0,0.0,0.0,5.0,12.0,6.0,12.0,6.0,12.0,5.0,12.0,0.0,0.0,386.0,388.0,384.0,390.0,16.71,4.21,5.06,4.57,8.21,5.03,4.45,7.51,5.34,6.66,6.23,6.69,9.16,11.19,12.18,30.3,8.2,8.43,7.19,6.78,7.94,8.14,8.5,7.8,7.13,7.6,5.73,7.44,72.73,8.38,6.59,70.66,8.53,8.47,4.9,27.4,37.26,37.01,,,,0.0,0.0,0.0,0.0,0.0,0.0,0.0,0.0,1.0,0.0
True,2021/6/15 22:00:12,,3925355210423140358,Equ1,2021/6/15 21:30:30,1.0,0.0,0.0,1242.0,0.0,0.0,0.0,0.0,462.26,425.11,447.21,469.58,473.79,461.79,8.88,17.79,19.21,0.0,11.27,8.88,127.13,163.95,180.11,174.97,170.63,130.14,1669.59,1641.35,1664.87,1668.03,1683.51,1669.12,12347.47,31.74,0.04,32025.64,19.27,2.83,2.0,9.65,1923.9,1961.08,1.0,1.0,-2.31,4.04,3.55,3.63,0.0,0.0,3.99,3.8,4.23,4.14,0.0,0.0,0.0,0.0,5.0,12.0,6.0,12.0,6.0,12.0,5.0,12.0,0.0,0.0,386.0,388.0,385.0,391.0,16.73,4.2,5.05,4.56,8.2,5.01,4.45,7.41,5.3,6.57,6.13,6.53,9.0,10.84,11.23,15.94,44.07,8.43,7.2,6.78,7.94,8.14,8.51,7.8,7.13,7.63,5.68,7.42,72.73,8.38,6.59,70.66,8.5,8.47,4.7,27.64,37.19,36.13,,,,0.0,0.0,0.0,0.0,0.0,0.0,0.0,0.0,1.0,0.0
True,2021/6/15 22:00:12,,3925355210423140359,Equ1,2021/6/15 21:30:35,1.0,0.0,0.0,1242.0,0.0,0.0,0.0,0.0,462.26,425.11,447.21,469.58,473.79,461.79,8.9,17.79,19.19,0.0,11.27,8.9,127.01,164.06,179.31,174.88,170.21,129.56,1671.46,1643.21,1666.71,1669.88,1685.36,1670.99,12448.5,31.03,0.04,31961.93,18.52,2.66,2.0,9.27,1914.42,1941.98,1.0,1.0,-2.31,4.04,3.55,3.63,0.0,0.0,5.15,3.85,4.65,3.35,0.0,0.0,0.0,0.0,5.0,12.0,6.0,12.0,6.0,12.0,5.0,12.0,0.0,0.0,387.0,389.0,385.0,392.0,16.76,4.17,5.02,4.55,8.19,4.97,4.46,7.32,5.26,6.49,6.04,6.39,8.87,10.55,10.65,13.62,52.44,8.44,7.2,6.78,7.94,8.13,8.51,7.79,7.12,7.63,5.66,7.42,72.73,8.38,6.57,70.66,8.47,8.45,4.61,27.69,37.17,35.46,,,,0.0,0.0,0.0,0.0,0.0,0.0,0.0,0.0,1.0,0.0
True,2021/6/15 22:00:12,,3925355210423140360,Equ1,2021/6/15 21:30:40,1.0,0.0,0.0,1242.0,0.0,0.0,0.0,0.0,462.26,425.11,447.21,469.58,473.79,461.79,8.88,17.81,19.22,0.0,11.29,8.88,127.39,163.72,176.5,174.41,169.85,127.63,1673.71,1645.5,1669.01,1672.16,1687.66,1673.24,12373.1,25.39,0.05,31792.03,22.36,2.63,1.99,11.21,1916.09,1963.18,1.0,1.0,-2.3,4.05,3.55,3.63,0.0,0.0,4.03,4.21,4.69,3.26,0.0,0.0,0.0,0.0,5.0,12.0,6.0,12.0,6.0,12.0,5.0,12.0,0.0,0.0,387.0,389.0,386.0,392.0,16.78,4.16,5.01,4.53,8.18,4.94,4.46,7.23,5.23,6.42,5.95,6.27,8.76,10.33,10.23,12.51,51.26,8.44,7.19,6.78,7.93,8.13,8.51,7.77,7.12,7.64,5.65,7.42,72.73,8.37,6.57,70.66,8.44,8.45,4.61,27.73,37.17,35.04,,,,0.0,0.0,0.0,0.0,0.0,0.0,0.0,0.0,1.0,0.0
True,2021/6/15 22:00:12,,3925355210423140361,Equ1,2021/6/15 21:30:45,1.0,0.0,0.0,1242.0,0.0,0.0,0.0,0.0,462.26,425.11,447.21,469.58,473.79,461.79,8.86,17.97,19.36,0.0,11.26,8.86,126.76,163.72,176.4,173.94,170.49,128.75,1675.68,1647.64,1671.13,1674.14,1689.61,1675.21,12196.17,24.28,0.05,31792.03,23.66,2.66,2.0,11.85,1913.85,1953.85,1.0,1.0,-2.31,4.05,3.55,3.63,0.0,0.0,3.67,4.31,3.62,4.0,0.0,0.0,0.0,0.0,5.0,12.0,6.0,12.0,6.0,12.0,5.0,12.0,0.0,0.0,388.0,390.0,387.0,393.0,16.82,4.15,4.99,4.53,8.18,4.94,4.46,7.15,5.19,6.37,5.88,6.16,8.66,10.14,9.91,11.82,19.14,8.48,7.19,6.78,7.93,8.12,8.52,7.77,7.11,7.65,5.64,7.44,72.72,8.37,6.57,70.65,8.41,8.45,4.51,27.93,37.15,34.41,,,,0.0,0.0,0.0,0.0,0.0,0.0,0.0,0.0,1.0,0.0
True,2021/6/15 22:00:12,,3925355210423140362,Equ1,2021/6/15 21:30:50,1.0,0.0,0.0,1242.0,0.0,0.0,0.0,0.0,462.26,425.11,447.21,469.58,473.79,461.79,8.87,18.08,19.54,0.0,11.24,8.87,127.97,164.13,178.92,174.87,171.05,130.64,1677.19,1649.26,1672.82,1675.64,1691.09,1676.72,12372.6,28.69,0.05,32057.5,22.94,3.05,2.0,11.49,1910.88,1964.84,1.0,1.0,-2.31,4.05,3.54,3.63,0.0,0.0,6.32,3.12,3.98,3.75,0.0,0.0,0.0,0.0,5.0,12.0,6.0,12.0,6.0,12.0,5.0,12.0,0.0,0.0,389.0,391.0,387.0,394.0,16.85,4.13,4.97,4.51,8.17,4.94,4.46,7.05,5.15,6.31,5.83,6.05,8.58,9.97,9.65,11.31,14.95,57.59,7.19,6.78,7.93,8.12,8.52,7.77,7.11,7.66,5.63,7.45,72.7,8.37,6.56,70.65,8.38,8.44,4.38,28.1,37.13,33.68,,,,0.0,0.0,0.0,0.0,0.0,0.0,0.0,0.0,1.0,0.0
True,2021/6/15 22:00:12,,3925355210423140363,Equ1,2021/6/15 21:30:55,1.0,0.0,0.0,1242.0,0.0,0.0,0.0,0.0,462.26,425.11,447.21,469.58,473.79,461.79,8.83,18.18,19.64,0.0,11.22,8.83,128.39,164.45,179.75,175.32,171.06,130.11,1678.72,1650.93,1674.49,1677.22,1692.65,1678.26,12460.82,28.33,0.05,32057.5,23.33,3.06,2.0,11.68,1913.48,1971.72,1.0,1.0,-2.31,4.05,3.54,3.64,0.0,0.0,3.98,4.15,4.69,3.94,0.0,0.0,0.0,0.0,5.0,12.0,6.0,12.0,6.0,12.0,5.0,12.0,0.0,0.0,389.0,391.0,388.0,394.0,16.86,4.12,4.97,4.5,8.17,4.94,4.47,6.98,5.12,6.27,5.78,5.97,8.5,9.84,9.46,10.96,13.73,60.09,7.19,6.78,7.93,8.12,8.52,7.77,7.11,7.66,5.63,7.45,72.7,8.37,6.56,70.65,8.36,8.44,4.35,28.25,37.12,33.21,,,,0.0,0.0,0.0,0.0,0.0,0.0,0.0,0.0,1.0,0.0
True,2021/6/15 22:00:12,,3925355210423140364,Equ1,2021/6/15 21:31:00,1.0,0.0,0.0,1242.0,0.0,0.0,0.0,0.0,462.26,425.11,447.21,469.58,473.79,461.79,8.97,18.63,19.97,0.0,11.21,8.97,128.6,164.34,181.79,175.69,170.65,129.3,1680.63,1653.14,1676.58,1678.98,1694.4,1680.16,12435.18,30.21,0.04,32121.21,22.88,3.2,2.0,11.45,1926.36,1970.99,1.0,1.0,-2.31,4.05,3.55,3.63,0.0,0.0,5.17,3.42,4.79,3.29,0.0,0.0,0.0,0.0,5.0,12.0,6.0,12.0,6.0,12.0,5.0,12.0,0.0,0.0,390.0,392.0,388.0,395.0,16.89,4.11,4.95,4.48,8.15,4.93,4.47,6.9,5.09,6.22,5.73,5.9,8.42,9.69,9.26,10.64,12.82,26.01,41.17,6.77,7.93,8.11,8.52,7.75,7.11,7.66,5.61,7.44,72.68,8.36,6.55,70.65,8.34,8.44,4.08,28.56,37.06,32.31,,,,0.0,0.0,0.0,0.0,0.0,0.0,0.0,0.0,1.0,0.0
True,2021/6/15 22:00:12,,3925355210423140365,Equ1,2021/6/15 21:31:05,1.0,0.0,0.0,1242.0,0.0,0.0,0.0,0.0,462.26,425.11,447.21,469.58,473.79,461.79,8.97,18.62,19.99,0.0,11.24,8.97,127.76,164.22,181.64,175.16,170.66,128.07,1682.89,1655.38,1678.86,1681.23,1696.68,1682.42,12498.26,28.84,0.05,32025.64,23.37,3.12,2.0,11.71,1914.86,1928.31,1.0,1.0,-2.31,4.05,3.55,3.63,0.0,0.0,3.85,3.89,4.54,4.75,0.0,0.0,0.0,0.0,5.0,12.0,6.0,12.0,6.0,12.0,5.0,12.0,0.0,0.0,390.0,392.0,389.0,395.0,16.9,4.09,4.93,4.48,8.15,4.93,4.47,6.9,5.05,6.17,5.69,5.83,8.34,9.55,9.1,10.39,12.24,17.68,56.77,6.78,7.92,8.11,8.52,7.74,7.11,7.66,5.61,7.45,72.69,8.38,6.54,70.64,8.32,8.43,3.88,28.6,37.04,31.28,,,,0.0,0.0,0.0,0.0,0.0,0.0,0.0,0.0,1.0,0.0
True,2021/6/15 22:00:12,,3925355210423140366,Equ1,2021/6/15 21:31:10,1.0,0.0,0.0,1242.0,0.0,0.0,0.0,0.0,462.26,425.11,447.21,469.58,473.79,461.79,8.84,18.57,19.95,0.0,11.25,8.84,127.1,163.79,178.82,173.99,168.66,125.29,1685.39,1657.97,1681.45,1683.87,1699.33,1684.92,12410.05,22.19,0.06,31728.32,27.3,2.8,2.0,13.67,1920.14,2000.0,1.0,1.0,-2.31,4.05,3.55,3.64,0.0,0.0,3.83,4.19,4.46,3.83,0.0,0.0,0.0,0.0,5.0,12.0,6.0,12.0,6.0,12.0,5.0,12.0,0.0,0.0,391.0,393.0,390.0,396.0,16.95,4.08,4.91,4.47,8.14,4.92,4.47,6.82,5.02,6.13,5.65,5.77,8.28,9.42,8.95,10.18,11.8,15.28,57.53,6.77,7.92,8.11,8.52,7.75,7.11,7.67,5.6,7.45,72.69,8.39,6.54,70.64,8.3,8.43,3.84,28.7,37.03,30.65,,,,0.0,0.0,0.0,0.0,0.0,0.0,0.0,0.0,1.0,0.0
True,2021/6/15 22:00:12,,3925355210423140367,Equ1,2021/6/15 21:31:15,1.0,0.0,0.0,1242.0,0.0,0.0,0.0,0.0,462.26,425.11,447.21,469.58,473.79,461.79,8.79,18.67,20.18,0.0,11.19,8.79,127.97,164.31,180.63,175.43,170.92,126.84,1687.54,1660.27,1683.88,1686.07,1701.47,1687.07,12372.1,24.41,0.05,31993.79,27.76,3.14,2.0,13.91,1922.53,1958.12,1.0,1.0,-2.31,4.05,3.55,3.63,0.0,0.0,3.84,3.54,3.66,3.72,0.0,0.0,0.0,0.0,5.0,12.0,6.0,12.0,6.0,12.0,5.0,12.0,0.0,0.0,392.0,394.0,390.0,397.0,16.98,4.07,4.9,4.46,8.14,4.91,4.48,6.74,5.01,6.09,5.62,5.72,8.21,9.29,8.83,9.99,11.44,14.05,23.69,43.8,7.92,8.09,8.53,7.74,7.1,7.67,5.6,7.45,72.7,8.4,6.52,70.62,8.28,8.43,3.6,28.97,37.0,29.58,,,,0.0,0.0,0.0,0.0,0.0,0.0,0.0,0.0,1.0,0.0
True,2021/6/15 22:00:12,,3925355210423140368,Equ1,2021/6/15 21:31:20,1.0,0.0,0.0,1242.0,0.0,0.0,0.0,0.0,462.26,425.11,447.21,469.58,473.79,461.79,8.78,18.78,20.32,0.0,11.15,8.78,127.21,164.63,182.36,175.97,170.96,130.09,1689.22,1662.07,1685.71,1687.76,1703.12,1688.75,12510.58,28.96,0.05,32163.68,25.58,3.43,2.0,12.82,1897.14,1973.45,1.0,1.0,-2.31,4.04,3.54,3.63,0.0,0.0,2.86,2.94,4.46,3.7,0.0,0.0,0.0,0.0,5.0,12.0,6.0,12.0,6.0,12.0,5.0,12.0,0.0,0.0,392.0,394.0,391.0,397.0,16.99,4.06,4.9,4.46,8.13,4.91,4.48,6.66,4.97,6.06,5.6,5.67,8.14,9.19,8.72,9.84,11.16,13.26,17.54,29.72,7.92,8.09,8.53,7.72,7.1,7.69,5.6,7.47,72.7,8.39,6.52,70.62,8.28,8.43,3.38,29.15,36.97,28.59,,,,0.0,0.0,0.0,0.0,0.0,0.0,0.0,0.0,1.0,0.0
True,2021/6/15 22:00:12,,3925355210423140369,Equ1,2021/6/15 21:31:25,1.0,0.0,0.0,1242.0,0.0,0.0,0.0,0.0,462.26,425.11,447.21,469.58,473.79,461.79,8.8,18.81,20.36,0.0,11.17,8.8,127.36,163.87,181.71,174.97,170.57,129.07,1691.14,1664.0,1687.64,1689.65,1705.03,1690.67,12574.16,28.55,0.05,32057.5,25.3,3.34,2.0,12.67,1904.95,1961.23,1.0,1.0,-2.31,4.05,3.54,3.63,0.0,0.0,3.58,3.67,4.48,3.47,0.0,0.0,0.0,0.0,5.0,12.0,6.0,12.0,6.0,12.0,5.0,12.0,0.0,0.0,393.0,395.0,391.0,398.0,17.02,4.05,4.88,4.44,8.12,4.9,4.48,6.57,4.95,6.03,5.57,5.64,8.08,9.11,8.61,9.7,10.92,12.7,15.19,14.28,39.33,8.07,8.54,7.74,7.11,7.68,5.58,7.46,72.7,8.39,6.52,70.57,8.26,8.44,3.33,29.21,36.95,27.99,,,,0.0,0.0,0.0,0.0,0.0,0.0,0.0,0.0,1.0,0.0
True,2021/6/15 22:00:12,,3925355210423140370,Equ1,2021/6/15 21:31:30,1.0,0.0,0.0,1242.0,0.0,0.0,0.0,0.0,462.26,425.11,447.21,469.58,473.79,461.79,8.92,19.11,20.56,0.0,11.18,8.92,126.94,163.92,181.57,175.22,170.28,128.54,1693.08,1666.13,1689.68,1691.48,1706.88,1692.61,12372.1,31.48,0.04,32025.64,22.96,3.35,2.0,11.5,1905.74,1967.01,1.0,1.0,-2.31,4.04,3.55,3.63,0.0,0.0,3.7,3.76,4.45,3.72,0.0,0.0,0.0,0.0,5.0,12.0,6.0,12.0,6.0,12.0,5.0,12.0,0.0,0.0,394.0,395.0,392.0,398.0,17.05,4.03,4.87,4.43,8.12,4.88,4.48,6.48,4.9,6.08,5.54,5.6,8.03,9.04,8.52,9.58,10.72,12.26,13.78,11.76,48.8,8.06,8.54,7.73,7.1,7.68,5.58,7.46,72.7,8.39,6.51,70.57,8.26,8.43,3.15,29.4,36.92,27.1,,,,0.0,0.0,0.0,0.0,0.0,0.0,0.0,0.0,1.0,0.0
True,2021/6/15 22:00:12,,3925355210423140371,Equ1,2021/6/15 21:31:35,1.0,0.0,0.0,1242.0,0.0,0.0,0.0,0.0,462.26,425.11,447.21,469.58,473.79,461.79,8.97,19.08,20.51,0.0,11.25,8.97,127.43,164.41,181.44,175.07,170.15,127.17,1695.3,1668.26,1691.79,1693.65,1709.11,1694.83,12536.21,29.69,0.05,31930.07,22.48,3.09,2.0,11.26,1900.1,1987.12,1.0,1.0,-2.31,4.04,3.55,3.63,0.0,0.0,3.9,3.88,4.22,3.91,0.0,0.0,0.0,0.0,5.0,12.0,6.0,12.0,6.0,12.0,5.0,12.0,0.0,0.0,394.0,396.0,393.0,399.0,17.08,4.02,4.86,4.42,8.11,4.88,4.48,6.38,4.84,6.05,5.51,5.56,7.97,8.97,8.44,9.48,10.55,11.92,12.93,10.67,48.85,8.04,8.54,7.73,7.11,7.67,5.57,7.47,72.71,8.39,6.51,70.57,8.25,8.43,3.08,29.42,36.9,26.46,,,,0.0,0.0,0.0,0.0,0.0,0.0,0.0,0.0,1.0,0.0
True,2021/6/15 22:00:12,,3925355210423140372,Equ1,2021/6/15 21:31:40,1.0,0.0,0.0,1242.0,0.0,0.0,0.0,0.0,462.26,425.11,447.21,469.58,473.79,461.79,8.86,19.04,20.55,0.0,11.22,8.86,127.86,163.93,180.87,175.19,170.83,127.29,1697.45,1670.48,1694.09,1695.91,1711.34,1696.98,12511.08,25.05,0.05,31993.79,25.22,2.93,2.0,12.64,1910.52,1966.29,1.0,1.0,-2.31,4.04,3.55,3.63,0.0,0.0,3.52,3.44,4.73,3.38,0.0,0.0,0.0,0.0,5.0,12.0,6.0,12.0,6.0,12.0,5.0,12.0,0.0,0.0,395.0,397.0,393.0,400.0,17.11,4.01,4.84,4.41,8.1,4.87,4.48,6.28,4.79,6.01,5.49,5.52,7.92,8.92,8.37,9.38,10.4,11.64,12.27,10.01,22.58,53.48,8.54,7.73,7.11,7.68,5.56,7.46,72.71,8.39,6.5,70.6,8.24,8.43,3.07,29.54,36.89,25.99,,,,0.0,0.0,0.0,0.0,0.0,0.0,0.0,0.0,1.0,0.0
True,2021/6/15 22:00:12,,3925355210423140373,Equ1,2021/6/15 21:31:45,1.0,0.0,0.0,1242.0,0.0,0.0,0.0,0.0,462.26,425.11,447.21,469.58,473.79,461.79,8.77,19.2,20.72,0.0,11.14,8.77,127.66,164.12,181.67,175.2,170.86,128.73,1699.34,1672.63,1696.24,1697.9,1713.25,1698.87,12448.0,26.25,0.05,32089.35,25.22,3.07,2.0,12.63,1921.88,1970.41,1.0,1.0,-2.31,4.05,3.55,3.63,0.0,0.0,3.64,3.41,4.32,4.21,0.0,0.0,0.0,0.0,5.0,12.0,6.0,12.0,6.0,12.0,5.0,12.0,0.0,0.0,395.0,397.0,394.0,400.0,17.12,4.0,4.84,4.4,8.09,4.86,4.48,6.19,4.73,5.96,5.46,5.5,7.88,8.87,8.3,9.29,10.27,11.44,11.8,9.57,16.43,53.68,8.55,7.71,7.11,7.69,5.56,7.46,72.71,8.39,6.5,70.6,8.23,8.42,2.87,29.83,36.87,25.15,,,,0.0,0.0,0.0,0.0,0.0,0.0,0.0,0.0,1.0,0.0
True,2021/6/15 22:00:12,,3925355210423140374,Equ1,2021/6/15 21:31:50,1.0,0.0,0.0,1242.0,0.0,0.0,0.0,0.0,462.26,425.11,447.21,469.58,473.79,461.79,8.69,19.16,20.82,0.0,11.1,8.69,127.92,164.5,182.0,176.19,171.01,130.64,1700.78,1674.1,1697.85,1699.4,1714.72,1700.31,12649.56,30.02,0.05,32195.54,23.22,3.23,2.0,11.64,1933.88,1966.22,1.0,1.0,-2.31,4.05,3.54,3.64,0.0,0.0,3.64,3.84,4.45,4.14,0.0,0.0,0.0,0.0,5.0,12.0,6.0,12.0,6.0,12.0,5.0,12.0,0.0,0.0,396.0,398.0,394.0,401.0,17.15,3.99,4.83,4.39,8.08,4.86,4.49,6.09,4.66,5.9,5.43,5.56,7.82,8.82,8.23,9.21,10.14,11.24,11.43,9.25,14.28,21.61,47.99,7.7,7.09,7.69,5.56,7.45,72.71,8.39,6.5,70.62,8.23,8.46,2.55,30.05,36.84,23.98,,,,0.0,0.0,0.0,0.0,0.0,0.0,0.0,0.0,1.0,0.0
True,2021/6/15 22:00:12,,3925355210423140375,Equ1,2021/6/15 21:31:55,1.0,0.0,0.0,1242.0,0.0,0.0,0.0,0.0,462.26,425.11,447.21,469.58,473.79,461.79,8.75,19.35,20.95,0.0,11.14,8.75,127.88,164.45,181.96,175.87,171.12,130.22,1702.46,1675.91,1699.61,1701.03,1716.38,1701.99,12574.16,31.22,0.04,32163.68,21.82,3.15,1.99,10.93,1913.92,1979.24,1.0,1.0,-2.31,4.04,3.54,3.63,0.0,0.0,3.1,3.71,4.46,3.82,0.0,0.0,0.0,0.0,5.0,12.0,6.0,12.0,6.0,12.0,5.0,12.0,0.0,0.0,397.0,399.0,395.0,402.0,17.2,3.98,4.81,4.39,8.08,4.86,4.5,6.0,4.6,5.85,5.4,5.5,7.81,8.78,8.18,9.14,10.04,11.08,11.11,9.01,13.18,16.48,37.01,7.72,7.1,7.69,5.55,7.46,72.73,8.4,6.51,70.63,8.22,8.46,2.49,30.12,36.82,23.35,,,,0.0,0.0,0.0,0.0,0.0,0.0,0.0,0.0,1.0,0.0
True,2021/6/15 22:00:12,,3925355210423140376,Equ1,2021/6/15 21:32:00,1.0,0.0,0.0,1242.0,0.0,0.0,0.0,0.0,462.26,425.11,447.21,469.58,473.79,461.79,9.05,19.56,20.93,0.0,11.25,9.05,127.91,164.08,181.74,175.98,170.95,128.76,1704.49,1677.85,1701.33,1702.76,1718.23,1704.02,12498.26,32.49,0.04,32131.83,21.14,3.18,2.0,10.59,1914.93,2000.0,1.0,1.0,-2.31,4.04,3.54,3.63,0.0,0.0,4.58,2.68,4.1,3.08,0.0,0.0,0.0,0.0,5.0,12.0,6.0,12.0,6.0,12.0,5.0,12.0,0.0,0.0,397.0,399.0,396.0,402.0,17.21,3.98,4.8,4.38,8.07,4.86,4.49,5.91,4.54,5.79,5.37,5.42,7.78,8.74,8.12,9.07,9.95,10.93,10.84,8.81,12.44,14.47,20.27,7.77,7.1,7.69,5.55,7.47,72.73,8.39,6.51,70.64,8.21,8.46,2.44,30.12,36.78,22.7,,,,0.0,0.0,0.0,0.0,0.0,0.0,0.0,0.0,1.0,0.0
True,2021/6/15 22:00:12,,3925355210423140377,Equ1,2021/6/15 21:32:05,1.0,0.0,0.0,1242.0,0.0,0.0,0.0,0.0,462.26,425.11,447.21,469.58,473.79,461.79,9.06,19.5,20.87,0.0,11.3,9.06,127.85,164.63,181.9,175.14,170.4,127.65,1706.28,1679.57,1703.05,1704.54,1720.06,1705.81,12649.56,29.97,0.05,32057.5,21.57,2.99,2.0,10.8,1923.83,2000.0,1.0,1.0,-2.31,4.04,3.54,3.63,0.0,0.0,4.58,3.51,3.55,3.3,0.0,0.0,0.0,0.0,5.0,12.0,6.0,12.0,6.0,12.0,5.0,12.0,0.0,0.0,398.0,400.0,396.0,403.0,17.24,3.95,4.79,4.38,8.07,4.85,4.5,5.84,4.5,5.74,5.34,5.39,7.73,8.7,8.08,9.02,9.87,10.83,10.67,8.67,11.98,13.47,17.0,47.07,7.1,7.67,5.54,7.46,72.73,8.39,6.51,70.62,8.18,8.42,2.43,30.1,36.78,22.34,,,,0.0,0.0,0.0,0.0,0.0,0.0,0.0,0.0,1.0,0.0
True,2021/6/15 22:00:12,,3925355210423140378,Equ1,2021/6/15 21:32:10,1.0,0.0,0.0,1242.0,0.0,0.0,0.0,0.0,462.26,425.11,447.21,469.58,473.79,461.79,8.99,19.31,20.79,0.0,11.31,8.99,126.9,163.82,180.99,174.94,169.88,127.91,1708.3,1681.48,1705.06,1706.64,1722.16,1707.83,12662.38,26.03,0.05,31961.93,23.63,2.85,2.0,11.84,1925.13,1965.64,1.0,1.0,-2.31,4.04,3.54,3.63,0.0,0.0,3.53,3.41,4.39,3.87,0.0,0.0,0.0,0.0,5.0,12.0,6.0,12.0,6.0,12.0,5.0,12.0,0.0,0.0,398.0,400.0,397.0,403.0,17.25,3.95,4.77,4.37,8.07,4.85,4.5,5.76,4.45,5.69,5.3,5.36,7.7,8.67,8.03,8.96,9.79,10.72,10.44,8.51,11.55,12.62,14.97,47.56,7.11,7.68,5.54,7.46,72.73,8.4,6.5,70.62,8.17,8.41,2.43,30.13,36.78,22.0,,,,0.0,0.0,0.0,0.0,0.0,0.0,0.0,0.0,1.0,0.0
True,2021/6/15 22:00:12,,3925355210423140379,Equ1,2021/6/15 21:32:15,1.0,0.0,0.0,1242.0,0.0,0.0,0.0,0.0,462.26,425.11,447.21,469.58,473.79,461.79,8.81,19.38,20.97,0.0,11.22,8.81,128.04,164.37,182.06,175.51,171.17,129.56,1710.14,1683.56,1707.24,1708.65,1724.08,1709.67,12662.38,26.19,0.05,32163.68,24.49,2.97,2.0,12.28,1923.03,1956.45,1.0,1.0,-2.31,4.04,3.55,3.64,0.0,0.0,3.67,3.73,4.44,3.74,0.0,0.0,0.0,0.0,5.0,12.0,6.0,12.0,6.0,12.0,5.0,12.0,0.0,0.0,399.0,401.0,397.0,404.0,17.28,3.95,4.73,4.36,8.06,4.84,4.5,5.69,4.4,5.64,5.27,5.35,7.67,8.66,7.99,8.9,9.7,10.62,10.26,8.36,11.16,11.97,13.68,18.22,45.88,7.7,5.54,7.46,72.74,8.4,6.5,70.62,8.15,8.44,2.38,30.38,36.76,21.4,,,,0.0,0.0,0.0,0.0,0.0,0.0,0.0,0.0,1.0,0.0
True,2021/6/15 22:00:12,,3925355210423140380,Equ1,2021/6/15 21:32:20,1.0,0.0,0.0,1242.0,0.0,0.0,0.0,0.0,462.26,425.11,447.21,469.58,473.79,461.79,8.64,19.51,21.2,0.0,11.08,8.64,127.63,165.13,183.01,177.08,171.59,130.84,1710.98,1684.7,1708.49,1709.66,1724.95,1710.51,12775.73,32.12,0.04,32333.58,20.33,3.02,2.0,10.18,1907.84,1962.31,1.0,1.0,-2.31,4.04,3.54,3.63,0.0,0.0,3.01,3.66,4.86,3.14,0.0,0.0,0.0,0.0,5.0,12.0,6.0,12.0,6.0,12.0,5.0,12.0,0.0,0.0,400.0,402.0,398.0,405.0,17.33,3.94,4.72,4.35,8.06,4.84,4.5,5.62,4.36,5.59,5.24,5.33,7.64,8.67,7.95,8.84,9.64,10.53,10.1,8.23,10.89,11.52,12.81,13.85,46.03,7.71,5.53,7.46,72.74,8.4,6.5,70.63,8.13,8.44,2.08,30.75,36.71,20.22,,,,0.0,0.0,0.0,0.0,0.0,0.0,0.0,0.0,1.0,0.0
True,2021/6/15 22:00:12,,3925355210423140381,Equ1,2021/6/15 21:32:25,1.0,0.0,0.0,1242.0,0.0,0.0,0.0,0.0,462.26,425.11,447.21,469.58,473.79,461.79,8.81,19.69,21.29,0.0,11.16,8.81,127.01,163.95,181.38,176.19,170.67,130.37,1712.4,1686.13,1709.83,1710.91,1726.29,1711.93,12612.11,31.49,0.04,32099.97,19.17,2.8,2.0,9.61,1910.95,1949.94,1.0,1.0,-2.31,4.05,3.54,3.64,0.0,0.0,3.22,4.69,4.52,3.11,0.0,0.0,0.0,0.0,5.0,12.0,6.0,12.0,6.0,12.0,5.0,12.0,0.0,0.0,400.0,402.0,399.0,405.0,17.34,3.92,4.72,4.35,8.05,4.84,4.51,5.57,4.33,5.55,5.21,5.31,7.6,8.68,7.81,8.79,9.57,10.45,9.94,8.13,10.65,11.16,12.21,12.55,23.67,55.42,5.54,7.46,72.74,8.4,6.49,70.64,8.11,8.44,1.94,30.76,36.67,19.39,,,,0.0,0.0,0.0,0.0,0.0,0.0,0.0,0.0,1.0,0.0
True,2021/6/15 22:00:12,,3925355210423140382,Equ1,2021/6/15 21:32:30,1.0,0.0,0.0,1242.0,0.0,0.0,0.0,0.0,462.26,425.11,447.21,469.58,473.79,461.79,9.1,19.9,21.31,0.0,11.29,9.1,127.97,164.34,182.28,175.95,170.93,129.63,1714.2,1687.85,1711.37,1712.42,1727.92,1713.73,12485.95,34.48,0.04,32163.68,17.5,2.79,2.0,8.76,1927.73,1962.67,1.0,1.0,-2.31,4.04,3.55,3.64,0.0,0.0,3.97,3.57,5.82,4.1,0.0,0.0,0.0,0.0,5.0,12.0,6.0,12.0,6.0,12.0,5.0,12.0,0.0,0.0,401.0,403.0,399.0,406.0,17.37,3.91,4.72,4.33,8.04,4.83,4.51,5.53,4.31,5.52,5.18,5.28,7.58,8.62,7.74,8.74,9.51,10.37,9.81,8.04,10.45,10.86,11.74,11.75,16.1,54.46,5.53,7.45,72.74,8.4,6.49,70.63,8.1,8.44,1.92,30.75,36.61,18.77,,,,0.0,0.0,0.0,0.0,0.0,0.0,0.0,0.0,1.0,0.0
True,2021/6/15 22:00:12,,3925355210423140383,Equ1,2021/6/15 21:32:35,1.0,0.0,0.0,1242.0,0.0,0.0,0.0,0.0,462.26,425.11,447.21,469.58,473.79,461.79,9.16,19.76,21.12,0.0,11.39,9.16,127.65,164.57,182.35,175.51,170.62,129.37,1715.99,1689.44,1712.9,1714.15,1729.76,1715.52,12725.46,34.7,0.04,32131.83,16.75,2.69,2.0,8.39,1914.28,1956.53,1.0,1.0,-2.31,4.04,3.55,3.64,0.0,0.0,3.7,3.79,4.4,3.71,0.0,0.0,0.0,0.0,5.0,12.0,6.0,12.0,6.0,12.0,5.0,12.0,0.0,0.0,401.0,403.0,400.0,407.0,17.39,3.9,4.7,4.34,8.05,4.83,4.5,5.48,4.28,5.47,5.16,5.25,7.55,8.58,7.77,8.7,9.45,10.31,9.69,7.96,10.26,10.57,11.37,11.21,13.78,21.42,5.53,7.46,72.73,8.4,6.5,70.64,8.09,8.44,1.92,30.71,36.62,18.36,,,,0.0,0.0,0.0,0.0,0.0,0.0,0.0,0.0,1.0,0.0
True,2021/6/15 22:00:12,,3925355210423140384,Equ1,2021/6/15 21:32:40,1.0,0.0,0.0,1242.0,0.0,0.0,0.0,0.0,462.26,425.11,447.21,469.58,473.79,461.79,9.09,19.63,21.08,0.0,11.37,9.09,127.56,164.45,181.7,175.59,171.31,130.63,1717.6,1690.98,1714.54,1715.83,1731.41,1717.13,12813.68,29.29,0.05,32195.54,19.07,2.59,2.0,9.56,1922.53,1949.0,1.0,1.0,-2.31,4.04,3.55,3.64,0.0,0.0,3.97,4.16,4.51,3.24,0.0,0.0,0.0,0.0,5.0,12.0,6.0,12.0,6.0,12.0,5.0,12.0,0.0,0.0,402.0,404.0,401.0,407.0,17.42,3.88,4.68,4.32,8.03,4.82,4.5,5.44,4.25,5.45,5.13,5.23,7.52,8.52,7.78,8.75,9.39,10.24,9.58,7.87,10.1,10.34,11.06,10.83,12.45,15.29,54.98,7.44,72.72,8.39,6.49,70.63,8.08,8.43,1.92,30.75,36.67,17.99,,,,0.0,0.0,0.0,0.0,0.0,0.0,0.0,0.0,1.0,0.0
True,2021/6/15 22:00:12,,3925355210423140385,Equ1,2021/6/15 21:32:45,1.0,0.0,0.0,1242.0,0.0,0.0,0.0,0.0,462.26,425.11,447.21,469.58,473.79,461.79,8.94,19.67,21.21,0.0,11.29,8.94,127.73,164.81,182.09,176.56,171.18,130.63,1718.75,1692.33,1715.97,1717.13,1732.63,1718.28,12738.28,27.19,0.05,32269.87,18.83,2.37,2.0,9.43,1915.87,1951.75,1.0,1.0,-2.31,4.04,3.55,3.64,0.0,0.0,3.38,3.31,4.5,3.56,0.0,0.0,0.0,0.0,5.0,12.0,6.0,12.0,6.0,12.0,5.0,12.0,0.0,0.0,403.0,405.0,401.0,408.0,17.46,3.87,4.67,4.33,8.04,4.82,4.5,5.4,4.23,5.41,5.1,5.21,7.49,8.49,7.77,8.68,9.34,10.19,9.48,7.8,9.95,10.12,10.76,10.53,11.67,13.32,54.2,7.44,72.71,8.39,6.49,70.62,8.06,8.43,1.91,30.88,36.68,17.55,,,,0.0,0.0,0.0,0.0,0.0,0.0,0.0,0.0,1.0,0.0
True,2021/6/15 22:00:12,,3925355210423140386,Equ1,2021/6/15 21:32:50,1.0,0.0,0.0,1242.0,0.0,0.0,0.0,0.0,462.26,425.11,447.21,469.58,473.79,461.79,8.79,19.69,21.31,0.0,11.18,8.79,127.52,165.08,182.35,177.34,171.38,130.6,1719.34,1693.09,1716.81,1717.87,1733.26,1718.87,12826.5,36.08,0.04,32269.87,15.11,2.53,2.0,7.57,1939.02,1910.23,1.0,1.0,-2.31,4.04,3.55,3.65,0.0,0.0,3.98,4.3,4.45,3.71,0.0,0.0,0.0,0.0,5.0,12.0,6.0,12.0,6.0,12.0,5.0,12.0,0.0,0.0,403.0,405.0,402.0,408.0,17.47,3.86,4.65,4.32,8.05,4.77,4.51,5.37,4.22,5.38,5.08,5.18,7.45,8.45,7.75,8.57,9.23,10.13,9.39,7.72,9.81,9.94,10.52,10.28,11.11,12.31,21.48,51.09,72.71,8.4,6.48,70.61,8.05,8.43,1.88,31.09,36.71,16.88,,,,0.0,0.0,0.0,0.0,0.0,0.0,0.0,0.0,1.0,0.0
True,2021/6/15 22:00:12,,3925355210423140387,Equ1,2021/6/15 21:32:55,1.0,0.0,0.0,1242.0,0.0,0.0,0.0,0.0,462.26,425.11,447.21,469.58,473.79,461.79,8.84,19.83,21.38,0.0,11.22,8.84,127.53,164.73,182.23,176.91,171.09,130.38,1720.44,1694.28,1717.93,1718.92,1734.35,1719.97,12687.51,37.1,0.04,32269.87,14.28,2.45,2.0,7.16,1929.83,1934.1,1.0,1.0,-2.31,4.04,3.56,3.65,0.0,0.0,4.01,3.65,4.15,3.83,0.0,0.0,0.0,0.0,5.0,12.0,6.0,12.0,6.0,12.0,5.0,12.0,0.0,0.0,404.0,406.0,402.0,409.0,17.5,3.85,4.65,4.32,8.06,4.77,4.51,5.35,4.21,5.34,5.05,5.16,7.44,8.41,7.71,8.51,9.23,10.09,9.31,7.66,9.68,9.77,10.3,9.99,10.69,11.66,12.53,51.82,72.71,8.4,6.48,70.61,8.05,8.43,1.86,31.13,36.7,16.3,,,,0.0,0.0,0.0,0.0,0.0,0.0,1.0,0.0,1.0,0.0
True,2021/6/15 22:00:12,,3925355210423140388,Equ1,2021/6/15 21:33:00,1.0,0.0,0.0,1242.0,0.0,0.0,0.0,0.0,462.26,425.11,447.21,469.58,473.79,461.79,9.04,20.05,21.51,0.0,11.28,9.04,127.66,164.41,182.42,176.48,170.86,130.3,1721.74,1695.6,1719.16,1720.02,1735.51,1721.27,12511.08,38.37,0.04,32163.68,12.95,2.3,2.0,6.49,1935.69,1919.99,1.0,1.0,-2.31,4.05,3.55,3.64,0.0,0.0,3.45,3.99,4.81,5.25,0.0,0.0,0.0,0.0,5.0,12.0,6.0,12.0,6.0,12.0,5.0,12.0,0.0,0.0,405.0,407.0,403.0,410.0,17.54,3.85,4.64,4.32,8.05,4.77,4.51,5.33,4.19,5.32,5.03,5.14,7.42,8.38,7.68,8.46,9.2,10.04,9.22,7.61,9.57,9.64,10.1,9.8,10.37,11.18,10.67,50.67,72.7,8.39,6.48,70.61,8.04,8.43,1.86,31.16,36.65,15.78,,,,0.0,0.0,0.0,0.0,0.0,0.0,1.0,0.0,1.0,0.0
True,2021/6/15 22:00:12,,3925355210423140389,Equ1,2021/6/15 21:33:05,1.0,0.0,0.0,1242.0,0.0,0.0,0.0,0.0,462.26,425.11,447.21,469.58,473.79,461.79,9.1,19.94,21.39,0.0,11.36,9.1,128.1,164.51,182.07,176.23,170.89,130.32,1723.25,1696.94,1720.49,1721.47,1737.04,1722.78,12725.46,34.61,0.04,32195.54,14.2,2.27,2.0,7.11,1906.9,1935.91,1.0,1.0,-2.31,4.05,3.56,3.64,0.0,0.0,3.11,3.17,4.49,3.4,0.0,0.0,0.0,0.0,5.0,12.0,6.0,12.0,6.0,12.0,5.0,12.0,0.0,0.0,405.0,407.0,404.0,410.0,17.55,3.83,4.62,4.31,8.04,4.77,4.51,5.31,4.17,5.29,5.01,5.12,7.39,8.34,7.64,8.41,9.14,9.99,9.15,7.55,9.47,9.5,9.92,9.64,10.09,10.82,9.68,47.15,67.45,8.39,6.48,70.6,8.03,8.42,1.85,31.14,36.67,15.4,,,,0.0,0.0,0.0,0.0,0.0,0.0,1.0,0.0,1.0,0.0
True,2021/6/15 22:00:12,,3925355210423140390,Equ1,2021/6/15 21:33:10,1.0,0.0,0.0,1242.0,0.0,0.0,0.0,0.0,462.26,425.11,447.21,469.58,473.79,461.79,9.05,19.91,21.4,0.0,11.35,9.05,127.63,164.79,182.55,176.37,171.09,130.77,1724.6,1698.31,1721.9,1722.87,1738.43,1724.13,12788.55,29.76,0.05,32259.25,15.76,2.17,2.0,7.89,1949.8,1950.81,1.0,1.0,-2.3,4.05,3.56,3.64,0.0,0.0,4.53,3.57,4.51,3.98,0.0,0.0,0.0,0.0,5.0,12.0,6.0,12.0,6.0,12.0,5.0,12.0,0.0,0.0,406.0,408.0,404.0,411.0,17.59,3.83,4.61,4.32,8.07,4.79,4.52,5.29,4.17,5.26,4.99,5.09,7.37,8.31,7.62,8.38,9.11,9.95,9.08,7.5,9.37,9.37,9.76,9.5,9.88,10.53,9.1,39.35,71.16,8.39,6.48,70.6,8.03,8.42,1.86,31.16,36.69,15.11,,,,0.0,0.0,0.0,0.0,0.0,0.0,1.0,0.0,1.0,0.0
True,2021/6/15 22:00:12,,3925355210423140391,Equ1,2021/6/15 21:33:15,1.0,0.0,0.0,1242.0,0.0,0.0,0.0,0.0,462.26,425.11,447.21,469.58,473.79,461.79,8.96,19.95,21.49,0.0,11.28,8.96,127.91,164.64,182.06,176.81,170.85,130.43,1725.64,1699.49,1723.13,1724.01,1739.5,1725.17,12637.25,29.15,0.05,32238.01,15.23,2.06,2.0,7.63,1928.02,1916.02,1.0,1.0,-2.3,4.04,3.55,3.64,0.0,0.0,3.7,3.75,4.45,3.75,0.0,0.0,0.0,0.0,5.0,12.0,6.0,12.0,6.0,12.0,5.0,12.0,0.0,0.0,406.0,408.0,405.0,412.0,17.61,3.83,4.6,4.32,8.08,4.81,4.53,5.27,4.16,5.24,4.97,5.08,7.36,8.28,7.59,8.34,9.13,9.91,9.02,7.45,9.27,9.24,9.61,9.39,9.72,10.32,8.69,18.64,73.02,59.02,6.48,70.6,8.03,8.43,1.86,31.25,36.7,14.83,,,,0.0,0.0,0.0,0.0,0.0,0.0,1.0,0.0,1.0,0.0
True,2021/6/15 22:00:12,,3925355210423140392,Equ1,2021/6/15 21:33:20,1.0,0.0,0.0,1242.0,0.0,0.0,0.0,0.0,462.26,425.11,447.21,469.58,473.79,461.79,8.75,19.93,21.57,0.0,11.17,8.75,127.29,164.44,188.34,181.12,172.19,130.38,1726.49,1700.52,1724.26,1725.06,1740.44,1726.02,12826.5,32.0,0.04,32599.04,15.57,2.31,2.0,7.8,1913.99,1970.85,1.0,1.0,-2.3,4.04,3.55,3.64,0.0,0.0,4.19,3.67,3.84,3.82,0.0,0.0,0.0,0.0,5.0,12.0,6.0,12.0,6.0,12.0,5.0,12.0,0.0,0.0,407.0,409.0,405.0,412.0,17.63,3.83,4.59,4.32,8.07,4.81,4.53,5.26,4.15,5.23,4.95,5.07,7.34,8.25,7.56,8.3,9.09,9.88,9.0,7.41,9.2,9.14,9.48,9.3,9.58,10.17,8.39,14.66,72.67,60.41,6.48,70.6,8.03,8.43,1.83,31.47,36.74,14.31,,,,0.0,0.0,0.0,0.0,0.0,0.0,1.0,0.0,1.0,0.0
True,2021/6/15 22:00:12,,3925355210423140393,Equ1,2021/6/15 21:33:25,1.0,0.0,0.0,1242.0,0.0,0.0,0.0,0.0,462.26,425.11,447.21,469.58,473.79,461.79,8.78,20.03,21.73,0.0,11.19,8.78,126.65,169.14,189.34,180.61,174.49,132.93,1728.11,1702.21,1726.01,1726.65,1742.04,1727.64,13040.88,32.3,0.04,32917.6,16.26,2.43,2.0,8.15,1925.56,1976.78,1.0,1.0,-2.3,4.04,3.54,3.64,0.0,0.0,3.17,3.77,4.97,3.47,0.0,0.0,0.0,0.0,5.0,12.0,6.0,12.0,6.0,12.0,5.0,12.0,0.0,0.0,408.0,410.0,406.0,413.0,17.67,3.82,4.58,4.32,8.07,4.83,4.53,5.25,4.14,5.2,4.94,5.05,7.31,8.21,7.53,8.27,9.05,9.85,8.95,7.37,9.11,9.03,9.34,9.21,9.44,10.01,8.14,12.96,72.73,46.3,6.48,70.6,8.03,8.43,1.79,31.5,36.73,13.7,,,,0.0,0.0,0.0,0.0,0.0,0.0,1.0,0.0,1.0,0.0
True,2021/6/15 22:00:12,,3925355210423140394,Equ1,2021/6/15 21:33:30,1.0,0.0,0.0,1242.0,0.0,0.0,0.0,0.0,462.26,425.11,447.21,469.58,473.79,461.79,8.9,20.22,21.84,0.0,11.22,8.9,128.14,167.84,189.68,180.83,174.38,134.16,1729.78,1703.94,1727.66,1728.19,1743.62,1729.31,13066.01,29.66,0.05,32981.31,17.46,2.4,2.0,8.75,1918.19,1976.27,1.0,1.0,-2.31,4.04,3.55,3.64,0.0,0.0,3.03,3.61,4.46,3.5,0.0,0.0,0.0,0.0,5.0,12.0,6.0,12.0,6.0,12.0,5.0,12.0,0.0,0.0,408.0,410.0,406.0,413.0,17.67,3.81,4.58,4.31,8.07,4.83,4.53,5.24,4.13,5.19,4.92,5.03,7.3,8.18,7.51,8.24,9.02,9.82,8.88,7.33,9.05,8.94,9.21,9.13,9.32,9.84,7.93,11.92,72.73,23.99,41.55,70.6,8.03,8.43,1.78,31.57,36.7,13.16,,,,0.0,0.0,0.0,0.0,0.0,0.0,1.0,0.0,1.0,0.0
True,2021/6/15 22:00:12,,3925355210423140395,Equ1,2021/6/15 21:33:35,1.0,0.0,0.0,1242.0,0.0,0.0,0.0,0.0,462.26,425.11,447.21,469.58,473.79,461.79,8.94,20.19,21.8,0.0,11.29,8.94,127.52,168.34,189.89,180.58,174.23,133.72,1731.49,1705.6,1729.31,1729.87,1745.37,1731.03,13192.18,27.9,0.05,32981.31,18.94,2.45,2.0,9.48,1952.11,1993.49,1.0,1.0,-2.31,4.04,3.55,3.64,0.0,0.0,4.47,4.11,4.66,3.75,0.0,0.0,0.0,0.0,5.0,12.0,6.0,12.0,6.0,12.0,5.0,12.0,0.0,0.0,409.0,411.0,407.0,414.0,17.71,3.8,4.56,4.31,8.06,4.83,4.53,5.22,4.12,5.16,4.91,5.02,7.27,8.14,7.47,8.21,8.99,9.79,8.83,7.31,8.96,8.83,9.07,9.05,9.21,9.72,7.74,11.28,72.73,19.07,46.92,70.58,7.99,8.42,1.77,31.56,36.7,12.8,,,,0.0,0.0,0.0,0.0,0.0,0.0,1.0,0.0,1.0,0.0
True,2021/6/15 22:00:12,,3925355210423140396,Equ1,2021/6/15 21:33:40,1.0,0.0,0.0,1242.0,0.0,0.0,0.0,0.0,462.26,425.11,447.21,469.58,473.79,461.79,8.91,20.19,21.8,0.0,11.3,8.91,128.23,168.32,190.41,181.13,175.22,134.36,1733.37,1707.5,1731.21,1731.78,1747.29,1732.9,13368.61,24.71,0.06,33013.17,20.63,2.36,1.99,10.33,1916.45,1995.52,1.0,1.0,-2.3,4.04,3.55,3.64,0.0,0.0,3.7,3.9,4.45,3.98,0.0,0.0,0.0,0.0,5.0,12.0,6.0,12.0,6.0,12.0,5.0,12.0,0.0,0.0,410.0,411.0,408.0,415.0,17.75,3.79,4.55,4.3,8.06,4.83,4.53,5.2,4.1,5.14,4.89,5.0,7.25,8.11,7.44,8.19,8.96,9.77,8.78,7.28,8.89,8.73,8.95,8.97,9.11,9.61,7.58,10.8,72.73,16.9,46.27,70.57,7.99,8.42,1.77,31.58,36.71,12.54,,,,0.0,0.0,0.0,0.0,0.0,0.0,1.0,0.0,1.0,0.0
True,2021/6/15 22:00:12,,3925355210423140397,Equ1,2021/6/15 21:33:45,1.0,0.0,0.0,1242.0,0.0,0.0,0.0,0.0,462.26,425.11,447.21,469.58,473.79,461.79,8.84,20.29,22.0,0.0,11.23,8.84,126.66,167.04,187.69,179.57,173.52,133.03,1735.09,1709.4,1733.21,1733.58,1749.02,1734.62,13066.01,26.88,0.05,32779.56,19.81,2.47,1.99,9.94,1923.03,1960.0,1.0,1.0,-2.3,4.05,3.55,3.64,0.0,0.0,3.78,4.14,4.41,5.24,0.0,0.0,0.0,0.0,5.0,12.0,6.0,12.0,6.0,12.0,5.0,12.0,0.0,0.0,410.0,412.0,408.0,415.0,17.76,3.8,4.55,4.3,8.07,4.83,4.54,5.19,4.1,5.13,4.88,4.99,7.23,8.08,7.42,8.18,8.93,9.76,8.73,7.26,8.83,8.64,8.84,8.9,9.02,9.51,7.45,10.46,72.74,15.56,14.53,69.4,8.04,8.43,1.77,31.75,36.71,12.25,,,,0.0,0.0,0.0,0.0,0.0,0.0,1.0,0.0,1.0,0.0
True,2021/6/15 22:00:12,,3925355210423140398,Equ1,2021/6/15 21:33:50,1.0,0.0,0.0,1242.0,0.0,0.0,0.0,0.0,462.26,425.11,447.21,469.58,473.79,461.79,8.82,20.27,22.02,0.0,11.22,8.82,127.72,167.85,190.35,180.93,174.86,134.14,1736.76,1711.07,1734.91,1735.27,1750.69,1736.29,13267.58,28.94,0.05,33013.17,21.2,2.84,2.0,10.62,1942.06,1957.76,1.0,1.0,-2.3,4.05,3.55,3.64,0.0,0.0,3.49,2.9,4.68,4.49,0.0,0.0,0.0,0.0,5.0,12.0,6.0,12.0,6.0,12.0,5.0,12.0,0.0,0.0,411.0,413.0,409.0,416.0,17.8,3.8,4.55,4.31,8.07,4.84,4.54,5.17,4.09,5.13,4.88,5.0,7.22,8.06,7.41,8.17,8.91,9.75,8.7,7.23,8.75,8.54,8.72,8.84,8.95,9.44,7.37,10.19,72.75,14.57,11.81,71.97,8.06,8.44,1.74,31.81,36.72,11.76,,,,0.0,0.0,0.0,0.0,0.0,0.0,1.0,0.0,1.0,0.0
True,2021/6/15 22:00:12,,3925355210423140399,Equ1,2021/6/15 21:33:55,1.0,0.0,0.0,1242.0,0.0,0.0,0.0,0.0,462.26,425.11,447.21,469.58,473.79,461.79,8.85,20.36,22.08,0.0,11.24,8.85,127.07,168.0,189.97,180.48,175.0,134.14,1738.53,1712.88,1736.7,1736.99,1752.45,1738.06,13192.18,28.39,0.05,32938.84,21.16,2.78,2.0,10.59,1934.82,1944.59,1.0,1.0,-2.3,4.05,3.55,3.64,0.0,0.0,3.82,5.0,4.52,3.71,0.0,0.0,0.0,0.0,5.0,12.0,6.0,12.0,6.0,12.0,5.0,12.0,0.0,0.0,411.0,413.0,410.0,417.0,17.82,3.8,4.55,4.29,8.07,4.83,4.53,5.14,4.09,5.1,4.86,4.98,7.19,8.04,7.37,8.14,8.89,9.72,8.65,7.19,8.69,8.48,8.6,8.78,8.88,9.35,7.23,9.96,72.75,13.91,10.67,71.85,61.11,8.45,1.75,31.83,36.72,11.42,,,,0.0,0.0,0.0,0.0,0.0,0.0,1.0,0.0,1.0,0.0
True,2021/6/15 22:00:12,,3925355210423140400,Equ1,2021/6/15 21:34:00,1.0,0.0,0.0,1242.0,0.0,0.0,0.0,0.0,462.26,425.11,447.21,469.58,473.79,461.79,8.92,20.5,22.14,0.0,11.27,8.92,126.88,167.77,188.48,180.06,174.15,131.71,1740.74,1715.17,1738.91,1739.14,1754.62,1740.27,13078.33,27.25,0.05,32779.56,22.99,2.9,2.0,11.52,1929.9,1964.63,1.0,1.0,-2.3,4.04,3.55,3.64,0.0,0.0,4.15,4.61,4.8,4.08,0.0,0.0,0.0,0.0,5.0,12.0,6.0,12.0,6.0,12.0,5.0,12.0,0.0,0.0,412.0,414.0,410.0,417.0,17.84,3.78,4.54,4.28,8.06,4.82,4.53,5.12,4.07,5.09,4.84,4.96,7.16,8.0,7.34,8.11,8.87,9.7,8.61,7.16,8.62,8.37,8.47,8.73,8.81,9.28,7.13,9.76,72.74,13.33,10.0,71.67,60.0,8.44,1.74,31.85,36.69,11.09,,,,0.0,0.0,0.0,0.0,0.0,0.0,1.0,0.0,1.0,0.0
True,2021/6/15 22:00:12,,3925355210423140401,Equ1,2021/6/15 21:34:05,1.0,0.0,0.0,1242.0,0.0,0.0,0.0,0.0,462.26,425.11,447.21,469.58,473.79,461.79,8.91,20.39,22.07,0.0,11.32,8.91,127.08,168.0,188.87,180.12,173.87,130.96,1742.93,1717.26,1741.04,1741.34,1756.87,1742.46,13267.58,27.01,0.05,32779.56,23.01,2.88,2.0,11.53,1931.28,1983.15,1.0,1.0,-2.3,4.04,3.55,3.64,0.0,0.0,3.61,3.79,4.19,4.15,0.0,0.0,0.0,0.0,5.0,12.0,6.0,12.0,6.0,12.0,5.0,12.0,0.0,0.0,413.0,415.0,411.0,418.0,17.89,3.78,4.53,4.28,8.05,4.81,4.53,5.1,4.07,5.09,4.84,4.94,7.15,7.97,7.31,8.1,8.84,9.68,8.58,7.13,8.56,8.28,8.35,8.68,8.75,9.22,7.04,9.59,72.74,12.89,9.55,71.59,26.09,8.44,1.75,31.86,36.72,10.83,,,,0.0,0.0,0.0,0.0,0.0,0.0,1.0,0.0,1.0,0.0
True,2021/6/15 22:00:12,,3925355210423140402,Equ1,2021/6/15 21:34:10,1.0,0.0,0.0,1242.0,0.0,0.0,0.0,0.0,462.26,425.11,447.21,469.58,473.79,461.79,8.78,20.31,22.02,0.0,11.27,8.78,126.92,167.61,185.07,179.76,173.94,131.02,1744.96,1719.35,1743.16,1743.51,1758.99,1744.49,13204.49,24.33,0.06,32609.66,24.4,2.75,2.0,12.22,1926.72,2000.0,1.0,1.0,-2.3,4.03,3.54,3.64,0.0,0.0,3.11,4.0,4.59,3.68,0.0,0.0,0.0,0.0,5.0,12.0,6.0,12.0,6.0,12.0,5.0,12.0,0.0,0.0,413.0,415.0,411.0,418.0,17.89,3.76,4.51,4.27,8.04,4.81,4.53,5.08,4.05,5.08,4.83,4.97,7.11,7.94,7.28,8.07,8.83,9.67,8.55,7.1,8.49,8.18,8.37,8.62,8.68,9.16,6.96,9.43,72.74,12.53,9.22,71.53,19.03,53.21,1.74,31.96,36.75,10.52,,,,0.0,0.0,0.0,0.0,0.0,0.0,1.0,0.0,1.0,0.0
True,2021/6/15 22:00:12,,3925355210423140403,Equ1,2021/6/15 21:34:15,1.0,0.0,0.0,1242.0,0.0,0.0,0.0,0.0,462.26,425.11,447.21,469.58,473.79,461.79,8.77,20.49,22.23,0.0,11.23,8.77,127.37,167.85,184.04,180.02,174.81,132.34,1746.69,1721.26,1745.1,1745.24,1760.68,1746.22,13027.56,25.57,0.06,32683.99,24.05,2.85,2.0,12.05,1928.31,1982.42,1.0,1.0,-2.3,4.04,3.54,3.64,0.0,0.0,3.58,4.02,4.85,3.9,0.0,0.0,0.0,0.0,5.0,12.0,6.0,12.0,6.0,12.0,5.0,12.0,0.0,0.0,414.0,416.0,412.0,419.0,17.93,3.76,4.51,4.27,8.04,4.8,4.54,5.05,4.04,5.08,4.82,4.97,7.09,7.91,7.26,8.06,8.81,9.66,8.53,7.08,8.43,8.09,8.21,8.58,8.63,9.12,6.89,9.31,72.74,12.21,8.95,71.49,16.61,53.31,1.57,32.17,36.75,9.8,,,,0.0,0.0,0.0,0.0,0.0,0.0,1.0,0.0,1.0,0.0
True,2021/6/15 22:00:12,,3925355210423140404,Equ1,2021/6/15 21:34:20,1.0,0.0,0.0,1242.0,0.0,0.0,0.0,0.0,462.26,425.11,447.21,469.58,473.79,461.79,8.76,20.56,22.31,0.0,11.21,8.76,126.82,167.53,184.38,179.76,174.18,134.33,1748.11,1722.76,1746.61,1746.67,1762.1,1747.64,13128.59,30.54,0.05,32683.99,21.89,3.1,2.0,10.96,1918.11,1971.06,1.0,1.0,-2.3,4.04,3.54,3.64,0.0,0.0,3.71,3.58,3.84,5.07,0.0,0.0,0.0,0.0,5.0,12.0,6.0,12.0,6.0,12.0,5.0,12.0,0.0,0.0,415.0,416.0,413.0,420.0,17.96,3.77,4.51,4.27,8.04,4.79,4.53,5.03,4.03,5.06,4.81,4.95,7.08,7.88,7.24,8.04,8.8,9.64,8.5,7.05,8.35,8.01,8.02,8.55,8.59,9.07,6.82,9.2,72.74,11.92,8.76,71.47,15.25,25.29,1.42,32.28,36.76,9.12,,,,0.0,0.0,0.0,0.0,0.0,0.0,1.0,0.0,1.0,0.0
True,2021/6/15 22:00:12,,3925355210423140405,Equ1,2021/6/15 21:34:25,1.0,0.0,0.0,1242.0,0.0,0.0,0.0,0.0,462.26,425.11,447.21,469.58,473.79,461.79,8.84,20.64,22.34,0.0,11.27,8.84,126.1,167.32,183.42,179.14,173.61,132.97,1750.05,1724.7,1748.5,1748.53,1764.02,1749.58,13040.38,30.16,0.05,32545.95,21.55,3.01,2.0,10.8,1927.95,1996.02,1.0,1.0,-2.3,4.04,3.54,3.64,0.0,0.0,3.85,4.17,4.01,3.46,0.0,0.0,0.0,0.0,5.0,12.0,6.0,12.0,6.0,12.0,5.0,12.0,0.0,0.0,415.0,417.0,413.0,420.0,17.97,44.03,4.5,4.24,8.03,4.78,4.53,5.01,4.01,5.04,4.79,4.87,6.94,7.86,7.2,8.02,8.77,9.63,8.47,7.03,8.29,7.92,7.9,8.48,8.54,9.02,6.75,9.09,72.73,11.69,8.58,71.44,14.31,19.48,1.38,32.28,36.74,8.69,,,,0.0,0.0,0.0,0.0,0.0,0.0,1.0,0.0,1.0,0.0
True,2021/6/15 22:00:12,,3925355210423140406,Equ1,2021/6/15 21:34:30,1.0,0.0,0.0,1242.0,0.0,0.0,0.0,0.0,462.26,425.11,447.21,469.58,473.79,461.79,8.99,20.77,22.36,0.0,11.34,8.99,126.2,167.29,181.84,179.04,173.09,130.4,1752.07,1726.69,1750.39,1750.39,1765.94,1751.6,12851.13,29.1,0.05,32386.67,22.92,3.09,2.0,11.48,1933.45,2000.0,1.0,1.0,-2.3,4.04,3.55,3.64,0.0,0.0,3.84,3.79,5.03,4.36,0.0,0.0,0.0,0.0,5.0,12.0,6.0,12.0,6.0,12.0,5.0,12.0,0.0,0.0,416.0,418.0,414.0,421.0,18.02,42.51,4.49,4.24,8.02,4.77,4.53,4.99,4.0,5.03,4.78,4.85,6.95,7.83,7.18,8.01,8.76,9.62,8.45,7.0,8.23,7.85,7.82,8.5,8.51,8.99,6.7,9.01,72.73,11.52,8.45,71.43,13.77,17.51,1.38,32.27,36.71,8.4,,,,0.0,0.0,0.0,0.0,0.0,0.0,1.0,0.0,1.0,0.0
True,2021/6/15 22:00:12,,3925355210423140407,Equ1,2021/6/15 21:34:35,1.0,0.0,0.0,1242.0,0.0,0.0,0.0,0.0,462.26,425.11,447.21,469.58,473.79,461.79,9.0,20.69,22.24,0.0,11.38,9.0,126.69,167.88,182.23,179.01,173.42,130.61,1754.31,1728.84,1752.5,1752.62,1768.21,1753.84,13078.33,29.23,0.05,32482.24,23.35,3.16,2.0,11.7,1928.89,1995.15,1.0,1.0,-2.3,4.05,3.55,3.64,0.0,0.0,3.21,3.94,4.61,3.7,0.0,0.0,0.0,0.0,5.0,12.0,6.0,12.0,6.0,12.0,5.0,12.0,0.0,0.0,416.0,418.0,414.0,421.0,18.02,16.21,38.37,4.23,8.01,4.75,4.53,4.97,3.98,5.01,4.77,4.84,7.09,7.98,7.15,7.99,8.74,9.6,8.43,6.98,8.18,7.78,7.74,8.43,8.37,8.95,6.64,8.92,72.72,11.34,8.33,71.41,13.23,16.01,1.38,32.26,36.73,8.13,,,,0.0,0.0,0.0,0.0,0.0,0.0,1.0,0.0,1.0,0.0
True,2021/6/15 22:00:12,,3925355210423140408,Equ1,2021/6/15 21:34:40,1.0,0.0,0.0,1242.0,0.0,0.0,0.0,0.0,462.26,425.11,447.21,469.58,473.79,461.79,8.94,20.6,22.23,0.0,11.41,8.94,127.23,167.52,180.92,178.95,173.7,131.03,1756.52,1731.03,1754.77,1754.9,1770.53,1756.05,13078.33,24.21,0.06,32482.24,26.0,2.91,2.0,13.02,1933.16,2000.0,1.0,1.0,-2.3,4.05,3.55,3.64,0.0,0.0,3.55,3.52,4.38,4.08,0.0,0.0,0.0,0.0,5.0,12.0,6.0,12.0,6.0,12.0,5.0,12.0,0.0,0.0,417.0,419.0,415.0,422.0,18.06,8.29,40.72,4.24,8.02,4.75,4.53,4.95,3.98,4.99,4.77,4.88,7.09,7.93,7.14,7.98,8.72,9.59,8.41,6.96,8.13,7.71,7.65,8.41,8.45,8.92,6.6,8.84,72.72,11.17,8.22,71.41,12.82,15.03,1.38,32.29,36.75,7.91,,,,0.0,0.0,0.0,0.0,0.0,0.0,1.0,0.0,1.0,0.0
True,2021/6/15 22:00:12,,3925355210423140409,Equ1,2021/6/15 21:34:45,1.0,0.0,0.0,1242.0,0.0,0.0,0.0,0.0,462.26,425.11,447.21,469.58,473.79,461.79,8.91,20.7,22.33,0.0,11.37,8.91,126.46,167.45,180.54,178.86,173.9,131.39,1758.64,1733.28,1757.01,1757.05,1772.63,1758.17,12952.16,23.35,0.06,32418.53,26.83,2.9,2.0,13.44,1923.39,1979.82,1.0,1.0,-2.3,4.05,3.55,3.64,0.0,0.0,3.69,4.19,4.49,3.46,0.0,0.0,0.0,0.0,5.0,12.0,6.0,12.0,6.0,12.0,5.0,12.0,0.0,0.0,418.0,419.0,416.0,423.0,18.09,7.09,31.63,49.06,8.01,4.74,4.53,4.92,3.96,4.99,4.76,4.88,7.05,7.88,7.12,7.97,8.71,9.58,8.39,6.94,8.08,7.63,7.56,8.36,8.47,8.91,6.55,8.76,72.72,11.02,8.12,71.39,12.46,14.25,1.37,32.37,36.69,7.67,,,,0.0,0.0,0.0,0.0,0.0,0.0,1.0,0.0,1.0,0.0
True,2021/6/15 22:00:12,,3925355210423140410,Equ1,2021/6/15 21:34:50,1.0,0.0,0.0,1242.0,0.0,0.0,0.0,0.0,462.26,425.11,447.21,469.58,473.79,461.79,8.92,20.73,22.42,0.0,11.37,8.92,127.53,167.87,182.62,179.25,174.25,133.91,1760.29,1734.95,1758.74,1758.69,1774.27,1759.82,13128.59,29.25,0.05,32673.38,24.26,3.29,2.0,12.16,1920.21,1988.14,1.0,1.0,-2.3,4.04,3.54,3.64,0.0,0.0,3.89,3.85,4.71,3.51,0.0,0.0,0.0,0.0,5.0,12.0,6.0,12.0,6.0,12.0,5.0,12.0,0.0,0.0,418.0,420.0,416.0,423.0,18.1,6.57,12.37,51.44,8.0,4.72,4.52,4.9,3.95,4.98,4.75,4.87,7.01,7.76,7.08,7.95,8.69,9.57,8.36,6.92,8.02,7.56,7.47,8.33,8.55,8.9,6.5,8.7,72.71,10.87,8.04,71.39,12.2,13.66,1.38,32.42,36.71,7.44,,,,0.0,0.0,0.0,0.0,0.0,0.0,1.0,0.0,1.0,0.0
True,2021/6/15 22:00:12,,3925355210423140411,Equ1,2021/6/15 21:34:55,1.0,0.0,0.0,1242.0,0.0,0.0,0.0,0.0,462.26,425.11,447.21,469.58,473.79,461.79,8.96,20.82,22.51,0.0,11.39,8.96,127.2,167.62,182.61,179.35,173.89,133.32,1762.16,1736.87,1760.67,1760.52,1776.13,1761.69,13053.19,30.57,0.05,32609.66,23.34,3.3,2.0,11.68,1945.75,1985.89,1.0,1.0,-2.3,4.04,3.54,3.63,0.0,0.0,5.28,2.88,4.21,3.82,0.0,0.0,0.0,0.0,5.0,12.0,6.0,12.0,6.0,12.0,5.0,12.0,0.0,0.0,419.0,421.0,417.0,424.0,18.15,6.24,10.01,14.36,8.02,4.72,4.53,4.88,3.95,4.97,4.74,4.87,6.98,7.74,7.07,7.93,8.68,9.56,8.34,6.9,7.97,7.49,7.4,8.3,8.49,8.83,6.47,8.64,72.71,10.75,7.97,71.38,11.99,13.25,1.38,32.45,36.73,7.23,,,,0.0,0.0,0.0,0.0,0.0,0.0,1.0,0.0,1.0,0.0
True,2021/6/15 22:00:12,,3925355210423140412,Equ1,2021/6/15 21:35:00,1.0,0.0,0.0,1242.0,0.0,0.0,0.0,0.0,462.26,425.11,447.21,469.58,473.79,461.79,9.02,20.9,22.55,0.0,11.46,9.02,126.9,167.43,182.54,178.96,173.71,132.29,1764.33,1739.06,1762.81,1762.63,1778.31,1763.86,12977.29,30.87,0.05,32577.81,23.01,3.29,2.0,11.52,1946.83,1969.04,1.0,1.0,-2.3,4.04,3.54,3.64,0.0,0.0,3.56,2.57,4.24,2.67,0.0,0.0,0.0,0.0,5.0,12.0,6.0,12.0,6.0,12.0,5.0,12.0,0.0,0.0,419.0,421.0,417.0,425.0,18.16,5.98,8.94,9.83,54.1,4.7,4.52,4.87,3.94,4.95,4.73,4.86,6.94,7.7,7.03,7.91,8.66,9.54,8.32,6.88,7.92,7.43,7.3,8.26,8.43,8.83,6.53,8.58,72.7,10.63,7.91,71.37,11.81,12.85,1.38,32.45,36.72,7.03,,,,0.0,0.0,0.0,0.0,0.0,0.0,1.0,0.0,1.0,0.0
True,2021/6/15 22:00:12,,3925355210423140413,Equ1,2021/6/15 21:35:05,1.0,0.0,0.0,1242.0,0.0,0.0,0.0,0.0,462.26,425.11,447.21,469.58,473.79,461.79,9.01,20.86,22.52,0.0,11.44,9.01,127.07,167.8,182.32,179.28,174.15,133.06,1766.24,1740.95,1764.71,1764.56,1780.21,1765.78,13242.44,30.22,0.05,32577.81,22.63,3.16,2.0,11.32,1922.38,2000.0,1.0,1.0,-2.3,4.04,3.54,3.63,0.0,0.0,3.71,3.55,4.69,3.53,0.0,0.0,0.0,0.0,5.0,12.0,6.0,12.0,6.0,12.0,5.0,12.0,0.0,0.0,420.0,422.0,418.0,425.0,18.19,5.78,8.3,8.51,55.05,4.7,4.53,4.85,3.92,4.95,4.72,4.85,6.91,7.67,7.01,7.89,8.65,9.54,8.3,6.87,7.87,7.37,7.22,8.23,8.39,8.82,6.49,8.52,72.7,10.52,7.86,71.37,11.64,12.53,1.38,32.45,36.73,6.88,,,,0.0,0.0,0.0,0.0,0.0,0.0,1.0,0.0,1.0,0.0
True,2021/6/15 22:00:12,,3925355210423140414,Equ1,2021/6/15 21:35:10,1.0,0.0,0.0,1242.0,0.0,0.0,0.0,0.0,462.26,425.11,447.21,469.58,473.79,461.79,8.97,20.86,22.54,0.0,11.45,8.97,126.76,167.49,181.22,178.96,173.63,132.26,1768.33,1743.07,1766.85,1766.68,1782.34,1767.86,13116.28,26.16,0.05,32482.24,24.01,2.91,2.0,12.02,1935.47,1967.16,1.0,1.0,-2.3,4.04,3.54,3.63,0.0,0.0,6.59,3.8,4.48,3.96,0.0,0.0,0.0,0.0,5.0,12.0,6.0,12.0,6.0,12.0,5.0,12.0,0.0,0.0,421.0,422.0,419.0,426.0,18.22,5.57,7.84,7.77,27.29,49.9,4.53,4.83,3.92,4.94,4.71,4.84,6.89,7.63,6.98,7.86,8.63,9.53,8.29,6.85,7.81,7.3,7.14,8.23,8.34,8.81,6.42,8.48,72.7,10.43,7.81,71.36,11.48,12.28,1.38,32.47,36.74,6.75,,,,0.0,0.0,0.0,0.0,0.0,0.0,1.0,0.0,1.0,0.0
True,2021/6/15 22:00:12,,3925355210423140415,Equ1,2021/6/15 21:35:15,1.0,0.0,0.0,1242.0,0.0,0.0,0.0,0.0,462.26,425.11,447.21,469.58,473.79,461.79,8.93,20.99,22.66,0.0,11.41,8.93,127.91,167.77,182.06,179.31,174.46,132.74,1770.29,1745.2,1768.97,1768.67,1784.3,1769.82,13002.43,28.08,0.05,32652.14,24.62,3.21,1.99,12.36,1937.28,1951.1,1.0,1.0,-2.3,4.04,3.54,3.64,0.0,0.0,3.35,4.25,3.79,3.71,0.0,0.0,0.0,0.0,5.0,12.0,6.0,12.0,6.0,12.0,5.0,12.0,0.0,0.0,421.0,423.0,419.0,427.0,18.24,5.39,7.53,7.33,16.3,49.87,4.53,4.81,3.91,4.93,4.71,4.84,6.85,7.6,6.96,7.84,8.58,9.52,8.27,6.83,7.77,7.23,7.06,8.19,8.29,8.79,6.38,8.43,72.7,10.33,7.77,71.35,11.35,12.05,1.38,32.56,36.73,6.58,,,,0.0,0.0,0.0,0.0,0.0,0.0,1.0,0.0,1.0,0.0
True,2021/6/15 22:00:12,,3925355210423140416,Equ1,2021/6/15 21:35:20,1.0,0.0,0.0,1242.0,0.0,0.0,0.0,0.0,462.26,425.11,447.21,469.58,473.79,461.79,8.87,20.94,22.75,0.0,11.38,8.87,128.88,167.66,185.07,180.03,174.46,134.42,1771.71,1746.64,1770.55,1770.17,1785.76,1771.24,13254.76,31.96,0.04,32811.41,22.24,3.29,2.0,11.13,1947.48,1973.89,1.0,1.0,-2.3,4.04,3.53,3.63,0.0,0.0,3.53,3.33,4.45,4.05,0.0,0.0,0.0,0.0,5.0,12.0,6.0,12.0,6.0,12.0,5.0,12.0,0.0,0.0,422.0,424.0,420.0,427.0,18.28,5.27,7.29,7.01,14.09,17.18,4.53,4.8,3.91,4.92,4.7,4.83,6.83,7.56,6.93,7.83,8.55,9.5,8.25,6.82,7.71,7.17,6.98,8.17,8.25,8.78,6.35,8.4,72.69,10.24,7.73,71.35,11.24,11.84,1.38,32.7,36.76,6.26,,,,0.0,0.0,0.0,0.0,0.0,0.0,1.0,0.0,1.0,0.0
True,2021/6/15 22:00:12,,3925355210423140417,Equ1,2021/6/15 21:35:25,1.0,0.0,0.0,1242.0,0.0,0.0,0.0,0.0,462.26,425.11,447.21,469.58,473.79,461.79,8.89,21.02,22.79,0.0,11.42,8.89,127.82,167.61,182.73,179.38,173.91,132.74,1773.71,1748.7,1772.57,1772.14,1787.78,1773.24,13191.68,30.67,0.05,32641.52,22.97,3.26,2.0,11.51,1945.96,2000.0,1.0,1.0,-2.3,4.04,3.54,3.63,0.0,0.0,3.69,3.68,4.44,3.61,0.0,0.0,0.0,0.0,5.0,12.0,6.0,12.0,6.0,12.0,5.0,12.0,0.0,0.0,423.0,424.0,420.0,428.0,18.3,5.15,7.09,6.76,12.95,11.04,4.53,4.79,3.9,4.91,4.7,4.84,6.81,7.53,6.92,7.81,8.54,9.5,8.24,6.81,7.66,7.11,6.92,8.14,8.22,8.77,6.32,8.36,72.7,10.16,7.69,71.35,11.15,11.67,1.38,32.71,36.75,5.99,,,,0.0,0.0,0.0,0.0,0.0,0.0,1.0,0.0,1.0,0.0
True,2021/6/15 22:00:12,,3925355210423140418,Equ1,2021/6/15 21:35:30,1.0,0.0,0.0,1242.0,0.0,0.0,0.0,0.0,462.26,425.11,447.21,469.58,473.79,461.79,8.97,21.22,22.91,0.0,11.43,8.97,127.39,167.82,181.28,178.94,173.87,131.7,1775.87,1750.97,1774.77,1774.22,1789.86,1775.4,12990.11,30.87,0.05,32545.95,23.23,3.32,2.0,11.63,1927.73,1978.37,1.0,1.0,-2.3,4.04,3.54,3.64,0.0,0.0,3.88,4.05,4.47,3.74,0.0,0.0,0.0,0.0,5.0,12.0,6.0,12.0,6.0,12.0,5.0,12.0,0.0,0.0,423.0,425.0,421.0,428.0,18.32,5.06,6.92,6.56,12.27,9.47,4.54,4.78,3.9,4.91,4.7,4.85,6.8,7.51,6.91,7.8,8.54,9.49,8.23,6.79,7.62,7.06,6.84,8.13,8.18,8.76,6.3,8.31,72.72,10.09,7.66,71.35,11.05,11.51,1.38,32.76,36.65,5.71,,,,0.0,0.0,0.0,0.0,0.0,0.0,1.0,0.0,1.0,0.0
True,2021/6/15 22:00:12,,3925355210423140419,Equ1,2021/6/15 21:35:35,1.0,0.0,0.0,1242.0,0.0,0.0,0.0,0.0,462.26,425.11,447.21,469.58,473.79,461.79,9.0,21.15,22.84,0.0,11.47,9.0,127.05,167.62,182.18,179.11,173.32,130.82,1778.13,1753.13,1776.92,1776.45,1792.14,1777.66,13141.41,28.56,0.05,32482.24,24.47,3.24,2.0,12.26,1935.47,1991.46,1.0,1.0,-2.3,4.04,3.54,3.64,0.0,0.0,3.5,3.67,11.25,3.83,0.0,0.0,0.0,0.0,5.0,12.0,6.0,12.0,6.0,12.0,5.0,12.0,0.0,0.0,424.0,426.0,422.0,429.0,18.36,4.98,6.78,6.39,11.77,8.63,4.54,60.35,3.89,4.92,4.7,4.86,6.79,7.48,6.88,7.77,8.52,9.47,8.19,6.79,7.57,7.0,6.78,8.11,8.15,8.74,6.27,8.27,72.72,10.01,7.63,71.36,10.97,11.39,1.38,32.76,36.73,5.49,,,,0.0,0.0,0.0,0.0,0.0,0.0,1.0,0.0,1.0,0.0
True,2021/6/15 22:00:12,,3925355210423140420,Equ1,2021/6/15 21:35:40,1.0,0.0,0.0,1242.0,0.0,0.0,0.0,0.0,462.26,425.11,447.21,469.58,473.79,461.79,8.92,21.13,22.9,0.0,11.44,8.92,127.11,167.51,180.95,178.44,173.45,130.96,1780.33,1755.39,1779.27,1778.73,1794.39,1779.86,13053.19,25.19,0.06,32376.05,26.22,3.06,2.0,13.13,1947.84,2000.0,1.0,1.0,-2.3,4.04,3.54,3.64,0.0,0.0,3.79,3.11,4.0,3.23,0.0,0.0,0.0,0.0,5.0,12.0,6.0,12.0,6.0,12.0,5.0,12.0,0.0,0.0,424.0,426.0,422.0,430.0,18.37,4.92,6.66,6.25,11.44,8.08,4.53,60.14,3.89,4.91,4.69,4.84,6.76,7.45,6.85,7.74,8.49,9.46,8.21,6.77,7.52,6.94,6.71,8.08,8.12,8.73,6.24,8.22,72.71,9.95,7.6,71.34,10.87,11.24,1.38,32.83,36.74,5.3,,,,0.0,0.0,0.0,0.0,0.0,0.0,1.0,0.0,1.0,0.0
True,2021/6/15 22:00:12,,3925355210423140421,Equ1,2021/6/15 21:35:45,1.0,0.0,0.0,1242.0,0.0,0.0,0.0,0.0,462.26,425.11,447.21,469.58,473.79,461.79,8.84,21.24,23.05,0.0,11.4,8.84,127.5,167.27,181.22,178.96,174.03,131.97,1781.92,1757.17,1781.09,1780.4,1796.02,1781.45,12977.29,25.92,0.05,32482.24,26.41,3.17,2.0,13.22,1934.1,1986.11,1.0,1.0,-2.3,4.04,3.55,3.64,0.0,0.0,3.52,3.53,4.19,3.0,0.0,0.0,0.0,0.0,5.0,12.0,6.0,12.0,6.0,12.0,5.0,12.0,0.0,0.0,425.0,427.0,423.0,430.0,18.41,4.87,6.57,6.16,11.18,7.74,4.53,60.55,3.89,4.9,4.69,4.83,6.74,7.42,6.83,7.71,8.47,9.45,8.2,6.75,7.48,6.89,6.66,8.07,8.08,8.73,6.21,8.18,72.71,9.9,7.57,71.34,10.8,11.15,1.33,33.0,36.74,4.98,,,,0.0,0.0,0.0,0.0,0.0,0.0,1.0,0.0,1.0,0.0
True,2021/6/15 22:00:12,,3925355210423140422,Equ1,2021/6/15 21:35:50,1.0,0.0,0.0,1242.0,0.0,0.0,0.0,0.0,462.26,425.11,447.21,469.58,473.79,461.79,8.88,21.32,23.17,0.0,11.4,8.88,127.05,167.58,183.65,179.75,174.12,133.97,1783.64,1758.93,1782.89,1782.08,1797.69,1783.17,13153.72,30.32,0.05,32715.85,24.28,3.41,2.0,12.15,1968.82,2000.0,1.0,1.0,-2.3,4.04,3.54,3.64,0.0,0.0,3.68,3.39,4.47,4.02,0.0,0.0,0.0,0.0,5.0,12.0,6.0,12.0,6.0,12.0,5.0,12.0,0.0,0.0,426.0,427.0,423.0,431.0,18.43,4.8,6.47,6.05,10.94,7.41,4.53,20.6,41.93,4.87,4.66,4.81,6.7,7.4,6.81,7.69,8.45,9.43,8.19,6.75,7.42,6.83,6.57,8.04,8.05,8.72,6.19,8.15,72.71,9.84,7.5,71.31,10.72,11.04,1.15,33.1,36.69,4.54,,,,0.0,0.0,0.0,0.0,0.0,0.0,1.0,0.0,1.0,0.0
True,2021/6/15 22:00:12,,3925355210423140423,Equ1,2021/6/15 21:35:55,1.0,0.0,0.0,1242.0,0.0,0.0,0.0,0.0,462.26,425.11,447.21,469.58,473.79,461.79,8.91,21.35,23.16,0.0,11.42,8.91,127.23,167.8,183.15,179.72,174.15,133.51,1785.51,1760.8,1784.71,1783.92,1799.55,1785.04,13153.73,29.91,0.05,32683.99,23.4,3.24,2.0,11.72,1938.58,1991.83,1.0,1.0,-2.3,4.04,3.54,3.64,0.0,0.0,2.93,3.61,4.73,3.72,0.0,0.0,0.0,0.0,5.0,12.0,6.0,12.0,6.0,12.0,5.0,12.0,0.0,0.0,426.0,428.0,424.0,431.0,18.45,4.76,6.38,5.96,10.74,7.16,4.53,14.62,23.89,4.87,4.66,4.8,6.7,7.36,6.79,7.66,8.43,9.43,8.18,6.71,7.38,6.79,6.52,8.02,8.03,8.7,6.16,8.11,72.71,9.77,7.48,71.31,10.67,10.94,1.06,33.1,36.73,4.28,,,,0.0,0.0,0.0,0.0,0.0,0.0,1.0,0.0,1.0,0.0
True,2021/6/15 22:00:12,,3925355210423140424,Equ1,2021/6/15 21:36:00,1.0,0.0,0.0,1242.0,0.0,0.0,0.0,0.0,462.26,425.11,447.21,469.58,473.79,461.79,8.96,21.46,23.25,0.0,11.44,8.96,127.89,167.25,181.55,178.44,173.08,131.99,1787.65,1763.01,1786.89,1786.01,1801.66,1787.18,13015.24,32.41,0.04,32514.1,23.14,3.47,2.0,11.59,1919.99,1949.44,1.0,1.0,-2.3,4.04,3.54,3.64,0.0,0.0,5.28,3.79,4.48,3.81,0.0,0.0,0.0,0.0,5.0,12.0,6.0,12.0,6.0,12.0,5.0,12.0,0.0,0.0,427.0,429.0,425.0,432.0,18.49,4.72,6.31,5.87,10.57,6.97,4.53,12.21,9.35,33.38,4.67,4.8,6.69,7.33,6.78,7.64,8.42,9.41,8.17,6.71,7.35,6.75,6.47,8.01,8.0,8.69,6.14,8.07,72.7,9.7,7.52,71.27,10.63,10.85,1.02,33.13,36.7,4.09,,,,0.0,0.0,0.0,0.0,0.0,0.0,1.0,0.0,1.0,0.0
True,2021/6/15 22:00:12,,3925355210423140425,Equ1,2021/6/15 21:36:05,1.0,0.0,0.0,1242.0,0.0,0.0,0.0,0.0,462.26,425.11,447.21,469.58,473.79,461.79,8.94,21.43,23.2,0.0,11.49,8.94,127.66,167.22,180.96,178.95,172.87,130.01,1790.11,1765.44,1789.32,1788.49,1804.19,1789.64,13040.38,28.93,0.05,32418.53,24.66,3.3,2.0,12.34,1944.44,1986.47,1.0,1.0,-2.3,4.04,3.54,3.64,0.0,0.0,3.73,3.69,4.17,3.14,0.0,0.0,0.0,0.0,5.0,12.0,6.0,12.0,6.0,12.0,5.0,12.0,0.0,0.0,427.0,429.0,425.0,433.0,18.5,4.68,6.24,5.8,10.43,6.8,4.54,10.94,7.67,46.19,4.66,4.8,6.67,7.31,6.77,7.63,8.4,9.4,8.15,6.7,7.38,6.7,6.42,7.99,7.97,8.69,6.12,8.04,72.71,9.64,7.51,71.27,10.65,10.76,0.99,33.12,36.72,3.93,,,,0.0,0.0,0.0,0.0,0.0,0.0,1.0,0.0,1.0,0.0
True,2021/6/15 22:00:12,,3925355210423140426,Equ1,2021/6/15 21:36:10,1.0,0.0,0.0,1242.0,0.0,0.0,0.0,0.0,462.26,425.11,447.21,469.58,473.79,461.79,8.96,21.44,23.22,0.0,11.5,8.96,127.3,167.39,180.47,178.78,172.8,129.24,1792.54,1767.87,1791.75,1790.9,1806.61,1792.07,13002.42,25.2,0.06,32322.96,27.24,3.18,2.0,13.63,1947.48,1997.11,1.0,1.0,-2.3,4.05,3.55,3.64,0.0,0.0,3.77,3.84,5.29,3.78,0.0,0.0,0.0,0.0,5.0,12.0,6.0,12.0,6.0,12.0,5.0,12.0,0.0,0.0,428.0,430.0,426.0,433.0,18.54,4.64,6.17,5.73,10.3,6.64,4.54,10.04,6.88,46.05,4.66,4.8,6.66,7.28,6.75,7.61,8.39,9.39,8.13,6.69,7.34,6.64,6.37,7.98,7.94,8.67,6.09,8.0,72.71,9.58,7.49,71.27,10.56,10.68,0.99,33.13,36.72,3.82,,,,0.0,0.0,0.0,0.0,0.0,0.0,1.0,0.0,1.0,0.0
True,2021/6/15 22:00:12,,3925355210423140427,Equ1,2021/6/15 21:36:15,1.0,0.0,0.0,1242.0,0.0,0.0,0.0,0.0,462.26,425.11,447.21,469.58,473.79,461.79,8.91,21.47,23.3,0.0,11.5,8.92,128.37,167.53,181.21,179.31,174.29,131.05,1794.72,1770.12,1794.06,1793.12,1808.84,1794.26,13015.24,26.62,0.05,32514.09,27.93,3.45,1.99,14.01,1935.62,1851.78,1.0,1.0,-2.3,4.04,3.54,3.65,0.0,0.0,4.6,3.79,4.49,3.82,0.0,0.0,0.0,0.0,5.0,12.0,6.0,12.0,6.0,12.0,5.0,12.0,0.0,0.0,429.0,430.0,426.0,434.0,18.56,4.61,6.12,5.67,10.19,6.52,4.54,9.42,6.44,15.96,49.71,4.79,6.64,7.25,6.74,7.59,8.36,9.37,8.11,6.67,7.27,6.6,6.33,7.95,7.92,8.67,6.08,7.97,72.7,9.51,7.47,71.29,10.47,10.61,0.99,33.22,36.67,3.7,,,,0.0,0.0,0.0,0.0,0.0,0.0,1.0,0.0,1.0,0.0
True,2021/6/15 22:00:12,,3925355210423140428,Equ1,2021/6/15 21:36:20,1.0,0.0,0.0,1242.0,0.0,0.0,0.0,0.0,462.26,425.11,447.21,469.58,473.79,461.79,8.98,21.57,23.39,0.0,11.49,8.98,128.34,167.62,183.48,179.5,174.52,133.59,1796.5,1771.94,1795.86,1794.84,1810.54,1796.03,13191.68,30.59,0.05,32641.52,25.94,3.67,2.0,12.99,1942.85,2000.0,1.0,1.0,-2.3,4.04,3.54,3.64,0.0,0.0,3.23,4.11,4.71,3.46,0.0,0.0,0.0,0.0,5.0,12.0,6.0,12.0,6.0,12.0,5.0,12.0,0.0,0.0,429.0,431.0,427.0,435.0,18.59,4.57,6.07,5.62,10.09,6.41,4.54,8.95,6.13,12.14,49.26,4.79,6.64,7.23,6.72,7.57,8.35,9.36,8.09,6.64,7.22,6.55,6.28,7.97,7.88,8.67,6.06,7.95,72.7,9.46,7.44,71.3,10.42,10.54,0.99,33.26,36.71,3.54,,,,0.0,0.0,0.0,0.0,0.0,0.0,1.0,0.0,1.0,0.0
True,2021/6/15 22:00:12,,3925355210423140429,Equ1,2021/6/15 21:36:25,1.0,0.0,0.0,1242.0,0.0,0.0,0.0,0.0,462.26,425.11,447.21,469.58,473.79,461.79,9.01,21.62,23.41,0.0,11.56,9.01,126.2,167.01,180.54,178.57,172.27,130.14,1799.01,1774.48,1798.36,1797.32,1813.1,1798.54,13040.38,29.27,0.05,32322.96,26.44,3.59,2.0,13.25,1940.25,1979.6,1.0,1.0,-2.3,4.05,3.54,3.64,0.0,0.0,3.6,3.14,5.83,5.04,0.0,0.0,0.0,0.0,5.0,12.0,6.0,12.0,6.0,12.0,5.0,12.0,0.0,0.0,430.0,432.0,428.0,435.0,18.62,4.54,6.02,5.56,9.99,6.31,4.54,8.56,5.91,10.61,16.85,44.63,6.6,7.2,6.7,7.55,8.33,9.35,8.07,6.61,7.16,6.5,6.38,7.92,7.86,8.66,6.04,7.92,72.7,9.4,7.43,71.3,10.38,10.56,0.98,33.26,36.7,3.42,,,,0.0,0.0,0.0,0.0,0.0,0.0,1.0,0.0,1.0,0.0
True,2021/6/15 22:00:12,,3925355210423140430,Equ1,2021/6/15 21:36:30,1.0,0.0,0.0,1242.0,0.0,0.0,0.0,0.0,462.26,425.11,447.21,469.58,473.79,461.79,9.14,21.87,23.51,0.0,11.59,9.14,126.24,166.96,178.99,178.63,171.73,127.49,1801.69,1777.28,1801.02,1799.88,1815.68,1801.22,12800.86,30.4,0.05,32195.54,27.06,3.81,2.0,13.56,1943.87,1969.04,1.0,1.0,-2.3,4.05,3.54,3.64,0.0,0.0,3.69,4.1,3.97,3.98,0.0,0.0,0.0,0.0,5.0,12.0,6.0,12.0,6.0,12.0,5.0,12.0,0.0,0.0,431.0,432.0,428.0,436.0,18.64,4.53,5.98,5.52,9.91,6.22,4.54,8.25,5.73,9.72,12.18,30.18,6.61,7.19,6.7,7.54,8.32,9.33,8.04,6.59,7.11,6.45,6.21,7.92,7.83,8.66,6.04,7.89,72.7,9.36,7.41,71.31,10.32,10.44,0.98,33.26,36.64,3.3,,,,0.0,0.0,0.0,0.0,0.0,0.0,1.0,0.0,1.0,0.0
True,2021/6/15 22:00:12,,3925355210423140431,Equ1,2021/6/15 21:36:35,1.0,0.0,0.0,1242.0,0.0,0.0,0.0,0.0,462.26,425.11,447.21,469.58,473.79,461.79,9.21,21.79,23.45,0.0,11.66,9.21,126.87,167.65,179.8,178.96,171.76,127.47,1804.25,1779.68,1803.44,1802.36,1818.23,1803.78,12977.29,26.24,0.05,32291.11,28.93,3.51,2.0,14.49,1948.79,1966.22,1.0,1.0,-2.3,4.05,3.54,3.64,0.0,0.0,2.7,4.55,5.09,3.7,0.0,0.0,0.0,0.0,5.0,12.0,6.0,12.0,6.0,12.0,5.0,12.0,0.0,0.0,431.0,433.0,429.0,437.0,18.68,4.42,5.94,5.47,9.84,6.13,4.54,7.96,5.58,9.09,10.35,15.19,45.66,7.15,6.68,7.52,8.3,9.32,8.03,6.57,7.05,6.39,6.09,7.91,7.81,8.65,6.01,7.86,72.7,9.3,7.4,71.31,10.25,10.34,0.96,33.25,36.65,3.21,,,,0.0,0.0,0.0,0.0,0.0,0.0,2.0,0.0,1.0,0.0
True,2021/6/15 22:00:12,,3925355210423140432,Equ1,2021/6/15 21:36:40,1.0,0.0,0.0,1242.0,0.0,0.0,0.0,0.0,462.26,425.11,447.21,469.58,473.79,461.79,9.13,21.78,23.44,0.0,11.63,9.13,126.95,166.97,179.05,178.96,172.01,128.24,1806.77,1782.27,1806.04,1804.96,1820.8,1806.3,12977.29,23.45,0.06,32227.39,30.46,3.31,2.0,15.25,1950.59,1963.61,1.0,1.0,-2.3,4.04,3.54,3.64,0.0,0.0,3.79,3.79,4.48,2.8,0.0,0.0,0.0,0.0,5.0,12.0,6.0,12.0,6.0,12.0,5.0,12.0,0.0,0.0,432.0,434.0,430.0,437.0,18.71,4.44,5.9,5.43,9.77,6.06,4.54,7.73,5.46,8.66,9.42,12.19,43.79,7.14,6.67,7.51,8.28,9.31,8.0,6.53,7.0,6.34,6.06,7.88,7.78,8.65,6.0,7.83,72.7,9.25,7.37,71.3,10.2,10.27,0.95,33.3,36.66,3.14,,,,0.0,0.0,0.0,0.0,0.0,0.0,2.0,0.0,1.0,0.0
True,2021/6/15 22:00:12,,3925355210423140433,Equ1,2021/6/15 21:36:45,1.0,0.0,0.0,1242.0,0.0,0.0,0.0,0.0,462.26,425.11,447.21,469.58,473.79,461.79,9.04,21.89,23.65,0.0,11.56,9.04,128.26,168.08,180.95,179.47,174.18,130.61,1808.84,1784.54,1808.4,1807.12,1822.89,1808.37,12990.11,28.56,0.05,32514.09,28.46,3.77,1.99,14.27,1940.68,1956.89,1.0,1.0,-2.3,4.04,3.54,3.65,0.0,0.0,3.67,4.22,4.6,3.36,0.0,0.0,0.0,0.0,5.0,12.0,6.0,12.0,6.0,12.0,5.0,12.0,0.0,0.0,432.0,434.0,430.0,438.0,18.72,4.42,5.86,5.39,9.7,5.98,4.54,7.52,5.36,8.32,8.84,10.73,43.11,7.11,6.66,7.48,8.26,9.3,7.98,6.5,6.95,6.29,6.05,7.86,7.75,8.66,6.0,7.8,72.7,9.21,7.36,71.3,10.14,10.22,0.84,33.44,36.65,3.02,,,,0.0,0.0,0.0,0.0,0.0,0.0,2.0,0.0,1.0,0.0
True,2021/6/15 22:00:12,,3925355210423140434,Equ1,2021/6/15 21:36:50,1.0,0.0,0.0,1242.0,0.0,0.0,0.0,0.0,462.26,425.11,447.21,469.58,473.79,461.79,9.12,21.94,23.7,0.0,11.6,9.12,127.34,167.64,183.15,179.22,173.74,133.43,1810.56,1786.24,1810.09,1808.76,1824.58,1810.09,13267.07,32.49,0.04,32609.66,25.57,3.85,2.0,12.8,1953.34,1931.93,1.0,1.0,-2.3,4.04,3.54,3.64,0.0,0.0,3.64,3.47,4.21,3.74,0.0,0.0,0.0,0.0,5.0,12.0,6.0,12.0,6.0,12.0,5.0,12.0,0.0,0.0,433.0,435.0,431.0,438.0,18.75,4.53,6.05,5.35,9.65,5.91,4.54,7.33,5.27,8.04,8.38,9.79,12.94,42.8,6.66,7.47,8.25,9.28,7.96,6.47,6.9,6.26,6.04,7.85,7.77,8.66,5.98,7.77,72.7,9.16,7.34,71.3,10.1,10.17,0.41,33.55,36.6,2.8,,,,0.0,0.0,0.0,0.0,0.0,0.0,2.0,0.0,1.0,0.0
True,2021/6/15 22:00:12,,3925355210423140435,Equ1,2021/6/15 21:36:55,1.0,0.0,0.0,1242.0,0.0,0.0,0.0,0.0,462.26,425.11,447.21,469.58,473.79,461.79,9.14,21.99,23.76,0.0,11.62,9.14,126.71,167.36,181.02,179.09,172.73,131.13,1812.39,1788.09,1811.96,1810.57,1826.4,1811.92,13178.86,30.86,0.05,32418.53,26.22,3.75,2.0,13.13,1937.43,1973.45,1.0,1.0,-2.3,4.04,3.54,3.64,0.0,0.0,3.73,2.96,6.82,3.6,0.0,0.0,0.0,0.0,5.0,12.0,6.0,12.0,6.0,12.0,5.0,12.0,0.0,0.0,434.0,435.0,431.0,439.0,18.77,4.5,5.98,5.33,9.61,5.87,4.54,7.19,5.21,7.86,8.1,9.28,11.2,43.72,6.65,7.46,8.25,9.28,7.95,6.45,6.88,6.22,6.02,7.83,7.78,8.66,5.97,7.76,72.71,9.13,7.33,71.3,10.06,10.13,0.39,33.55,36.59,2.71,,,,0.0,0.0,0.0,0.0,0.0,0.0,2.0,0.0,1.0,0.0
True,2021/6/15 22:00:12,,3925355210423140436,Equ1,2021/6/15 21:37:00,1.0,0.0,0.0,1242.0,0.0,0.0,0.0,0.0,462.26,425.11,447.21,469.58,473.79,461.79,9.23,22.14,23.82,0.0,11.66,9.23,127.31,167.49,180.76,179.05,173.68,131.18,1814.6,1790.36,1814.15,1812.69,1828.57,1814.13,13090.64,31.06,0.05,32450.38,24.61,3.53,2.0,12.31,1936.2,1989.94,1.0,1.0,-2.3,4.04,3.54,3.64,0.0,0.0,3.73,3.51,4.37,3.7,0.0,0.0,0.0,0.0,5.0,12.0,6.0,12.0,6.0,12.0,5.0,12.0,0.0,0.0,434.0,436.0,432.0,440.0,18.8,4.46,5.86,5.3,9.55,5.8,4.54,7.05,5.15,7.68,7.8,8.79,10.23,19.01,52.8,7.44,8.23,9.26,7.92,6.42,6.83,6.19,6.0,7.8,7.81,8.55,5.95,7.73,72.7,9.07,7.32,71.29,10.02,10.08,0.39,33.56,36.62,2.67,,,,0.0,0.0,0.0,0.0,0.0,0.0,2.0,0.0,1.0,0.0
True,2021/6/15 22:00:12,,3925355210423140437,Equ1,2021/6/15 21:37:05,1.0,0.0,0.0,1242.0,0.0,0.0,0.0,0.0,462.26,425.11,447.21,469.58,473.79,461.79,9.31,22.07,23.77,0.0,11.73,9.31,128.2,168.03,182.03,179.64,174.25,131.63,1816.77,1792.38,1816.18,1814.78,1830.73,1816.3,13203.99,29.5,0.05,32620.28,24.59,3.36,2.0,12.3,1936.56,1953.85,1.0,1.0,-2.3,4.04,3.54,3.64,0.0,0.0,4.86,3.78,4.52,2.74,0.0,0.0,0.0,0.0,5.0,12.0,6.0,12.0,6.0,12.0,5.0,12.0,0.0,0.0,435.0,436.0,432.0,440.0,18.82,4.42,5.82,5.27,9.5,5.75,4.54,6.91,5.1,7.51,7.57,8.41,9.69,14.05,29.38,7.43,8.22,9.25,7.89,6.39,6.8,6.15,5.97,7.77,7.8,8.52,5.94,7.71,72.7,9.03,7.31,71.29,9.98,10.03,0.39,33.54,36.62,2.66,,,,0.0,0.0,0.0,0.0,0.0,0.0,2.0,0.0,1.0,0.0
True,2021/6/15 22:00:12,,3925355210423140438,Equ1,2021/6/15 21:37:10,1.0,0.0,0.0,1242.0,0.0,0.0,0.0,0.0,462.26,425.11,447.21,469.58,473.79,461.79,9.28,22.02,23.78,0.0,11.75,9.28,127.85,168.53,182.2,179.66,174.87,133.61,1818.58,1794.18,1818.03,1816.62,1832.58,1818.11,13305.02,27.08,0.05,32683.99,24.68,3.09,2.0,12.36,1958.48,1997.69,1.0,1.0,-2.3,4.04,3.54,3.64,0.0,0.0,3.68,4.19,4.54,3.64,0.0,0.0,0.0,0.0,5.0,12.0,6.0,12.0,6.0,12.0,5.0,12.0,0.0,0.0,435.0,437.0,433.0,441.0,18.85,4.4,5.78,5.24,9.46,5.71,4.54,6.78,5.04,7.37,7.37,8.12,9.31,12.41,13.63,39.0,8.22,9.24,7.87,6.36,6.77,6.12,5.95,7.74,7.78,8.56,6.03,7.69,72.7,8.99,7.29,71.28,9.94,9.99,0.4,33.56,36.65,2.65,,,,0.0,0.0,0.0,0.0,0.0,0.0,2.0,0.0,1.0,0.0
True,2021/6/15 22:00:12,,3925355210423140439,Equ1,2021/6/15 21:37:15,1.0,0.0,0.0,1242.0,0.0,0.0,0.0,0.0,462.26,425.11,447.21,469.58,473.79,461.79,9.23,22.12,23.89,0.0,11.7,9.23,127.62,167.87,183.43,179.62,174.44,134.42,1820.37,1796.11,1819.99,1818.46,1834.37,1819.9,13191.67,28.94,0.05,32715.85,23.83,3.2,1.99,11.95,1921.08,2000.0,1.0,1.0,-2.3,4.04,3.54,3.65,0.0,0.0,3.71,3.32,4.1,3.71,0.0,0.0,0.0,0.0,5.0,12.0,6.0,12.0,6.0,12.0,5.0,12.0,0.0,0.0,436.0,438.0,434.0,441.0,18.88,4.37,5.73,5.2,9.4,5.65,4.54,6.67,4.99,7.25,7.2,7.86,9.05,11.51,11.56,55.1,8.19,9.22,7.85,6.33,6.73,6.09,5.92,7.71,7.75,8.56,5.98,7.66,72.69,8.95,7.28,71.28,9.89,9.95,0.38,33.63,36.64,2.62,,,,0.0,0.0,0.0,0.0,0.0,0.0,2.0,0.0,1.0,0.0
True,2021/6/15 22:00:12,,3925355210423140440,Equ1,2021/6/15 21:37:20,1.0,0.0,0.0,1242.0,0.0,0.0,0.0,0.0,462.26,425.11,447.21,469.58,473.79,461.79,9.2,22.18,24.02,0.0,11.68,9.2,127.3,167.91,185.6,180.4,174.52,134.71,1821.55,1797.38,1821.32,1819.67,1835.56,1821.08,13305.02,35.93,0.04,32843.27,20.01,3.33,2.0,10.02,1911.17,1988.21,1.0,1.0,-2.3,4.04,3.54,3.65,0.0,0.0,3.37,4.22,4.48,3.95,0.0,0.0,0.0,0.0,5.0,12.0,6.0,12.0,6.0,12.0,5.0,12.0,0.0,0.0,437.0,438.0,434.0,442.0,18.9,4.34,5.69,5.16,9.34,5.61,4.54,6.57,4.95,7.14,7.06,7.63,8.84,10.89,10.61,53.91,8.18,9.21,7.84,6.3,6.7,6.06,5.9,7.68,7.74,8.58,5.94,7.64,72.68,8.91,7.26,71.28,9.85,9.91,0.38,33.7,36.63,2.56,,,,0.0,0.0,0.0,0.0,0.0,0.0,2.0,0.0,1.0,0.0
True,2021/6/15 22:00:12,,3925355210423140441,Equ1,2021/6/15 21:37:25,1.0,0.0,0.0,1242.0,0.0,0.0,0.0,0.0,462.26,425.11,447.21,469.58,473.79,461.79,9.33,22.22,24.0,0.0,11.75,9.33,127.14,168.0,184.36,180.06,174.39,134.43,1823.2,1798.94,1822.83,1821.19,1837.16,1822.73,13241.94,34.17,0.04,32715.85,19.42,3.07,2.0,9.73,1950.38,1977.65,1.0,1.0,-2.3,4.04,3.54,3.64,0.0,0.0,3.18,3.67,4.76,3.4,0.0,0.0,0.0,0.0,5.0,12.0,6.0,12.0,6.0,12.0,5.0,12.0,0.0,0.0,437.0,439.0,435.0,443.0,18.93,4.31,5.64,5.13,9.29,5.55,4.54,6.46,4.91,7.04,6.93,7.45,8.66,10.47,10.01,16.92,47.91,9.2,7.81,6.28,6.68,6.04,5.87,7.67,7.73,8.58,5.88,7.61,72.67,8.87,7.26,71.28,9.81,9.87,0.39,33.68,36.63,2.5,,,,0.0,0.0,0.0,0.0,0.0,0.0,2.0,0.0,1.0,0.0
True,2021/6/15 22:00:12,,3925355210423140442,Equ1,2021/6/15 21:37:30,1.0,0.0,0.0,1242.0,0.0,0.0,0.0,0.0,462.26,425.11,447.21,469.58,473.79,461.79,9.42,22.31,24.04,0.0,11.81,9.42,127.65,167.74,184.94,180.05,174.54,134.45,1824.75,1800.49,1824.31,1822.65,1838.67,1824.28,13178.86,36.37,0.04,32747.71,17.94,3.02,2.0,8.99,1949.94,2000.0,1.0,1.0,-2.3,4.04,3.54,3.65,0.0,0.0,4.44,3.38,4.51,3.55,0.0,0.0,0.0,0.0,5.0,12.0,6.0,12.0,6.0,12.0,5.0,12.0,0.0,0.0,438.0,440.0,436.0,443.0,18.97,4.29,5.6,5.1,9.24,5.54,4.54,6.38,4.87,6.95,6.82,7.28,8.52,10.14,9.62,13.63,17.42,13.25,7.8,6.26,6.66,6.02,5.86,7.64,7.71,8.59,5.87,7.62,72.67,8.83,7.25,71.27,9.79,9.83,0.39,33.67,36.61,2.45,,,,0.0,0.0,0.0,0.0,0.0,0.0,2.0,0.0,1.0,0.0
True,2021/6/15 22:00:12,,3925355210423140443,Equ1,2021/6/15 21:37:35,1.0,0.0,0.0,1242.0,0.0,0.0,0.0,0.0,462.26,425.11,447.21,469.58,473.79,461.79,9.41,22.23,23.95,0.0,11.85,9.41,127.18,168.11,186.65,180.45,174.71,134.81,1826.2,1801.87,1825.7,1824.11,1840.17,1825.73,13406.06,34.72,0.04,32875.13,17.32,2.78,2.0,8.67,1935.33,1948.57,1.0,1.0,-2.3,4.04,3.54,3.65,0.0,0.0,3.68,4.46,4.79,3.9,0.0,0.0,0.0,0.0,5.0,12.0,6.0,12.0,6.0,12.0,5.0,12.0,0.0,0.0,439.0,440.0,436.0,444.0,18.99,4.27,5.56,5.07,9.18,5.52,4.55,6.29,4.83,6.87,6.72,7.15,8.4,9.87,9.33,12.3,13.99,58.0,7.78,6.24,6.63,6.01,5.84,7.62,7.7,8.59,5.86,7.6,72.66,8.8,7.23,71.27,9.75,9.78,0.38,33.66,36.62,2.35,,,,0.0,0.0,0.0,0.0,0.0,0.0,2.0,0.0,1.0,0.0
True,2021/6/15 22:00:12,,3925355210423140444,Equ1,2021/6/15 21:37:40,1.0,0.0,0.0,1242.0,0.0,0.0,0.0,0.0,462.26,425.11,447.21,469.58,473.79,461.79,9.4,22.21,23.95,0.0,11.85,9.4,127.46,167.62,185.79,180.28,174.73,134.43,1827.53,1803.19,1827.03,1825.45,1841.51,1827.06,13431.19,32.56,0.04,32811.41,17.14,2.58,2.0,8.58,1954.5,1913.05,1.0,1.0,-2.3,4.04,3.54,3.64,0.0,0.0,3.79,3.51,4.17,5.0,0.0,0.0,0.0,0.0,5.0,12.0,6.0,12.0,6.0,12.0,5.0,12.0,0.0,0.0,439.0,441.0,437.0,445.0,19.02,4.25,5.53,5.04,9.13,5.49,4.55,6.23,4.8,6.81,6.63,7.03,8.29,9.67,9.11,11.48,12.69,56.09,49.39,6.23,6.61,5.99,5.84,7.6,7.69,8.6,5.84,7.58,72.66,8.76,7.22,71.27,9.72,9.73,0.39,33.67,36.58,2.29,,,,0.0,0.0,0.0,0.0,0.0,0.0,2.0,0.0,1.0,0.0
True,2021/6/15 22:00:12,,3925355210423140445,Equ1,2021/6/15 21:37:45,1.0,0.0,0.0,1242.0,0.0,0.0,0.0,0.0,462.26,425.11,447.21,469.58,473.79,461.79,9.34,22.24,24.05,0.0,11.8,9.34,127.52,167.95,185.27,180.44,174.93,135.03,1828.73,1804.48,1828.39,1826.71,1842.72,1828.26,13342.97,35.61,0.04,32811.41,16.55,2.73,2.0,8.29,1925.64,1987.2,1.0,1.0,-2.3,4.05,3.54,3.65,0.0,0.0,3.26,3.8,4.44,2.91,0.0,0.0,0.0,0.0,5.0,12.0,6.0,12.0,6.0,12.0,5.0,12.0,0.0,0.0,440.0,441.0,437.0,445.0,19.03,4.23,5.51,5.02,9.09,5.45,4.57,6.23,4.77,6.73,6.54,6.92,8.19,9.5,8.93,10.97,11.94,25.82,55.64,6.21,6.6,5.98,5.83,7.59,7.67,8.6,5.83,7.56,72.66,8.75,7.21,71.26,9.69,9.7,0.39,33.71,36.63,2.21,,,,0.0,0.0,0.0,0.0,0.0,0.0,2.0,0.0,1.0,0.0
True,2021/6/15 22:00:12,,3925355210423140446,Equ1,2021/6/15 21:37:50,1.0,0.0,0.0,1242.0,0.0,0.0,0.0,0.0,462.26,425.11,447.21,469.58,473.79,461.79,9.34,22.27,24.11,0.0,11.8,9.34,127.58,167.66,185.98,180.32,174.32,134.33,1829.75,1805.53,1829.47,1827.73,1843.74,1829.28,13330.16,38.57,0.04,32811.41,14.33,2.56,2.0,7.17,1954.64,1156.03,1.0,1.0,-2.3,4.04,3.54,3.65,0.0,0.0,3.79,3.77,4.66,3.94,0.0,0.0,0.0,0.0,5.0,12.0,6.0,12.0,6.0,12.0,5.0,12.0,0.0,0.0,440.0,442.0,438.0,446.0,19.06,4.22,5.48,4.99,9.05,5.42,4.57,6.16,4.74,6.68,6.48,6.82,8.1,9.35,8.78,10.58,11.44,17.88,26.67,6.2,6.59,5.97,5.82,7.57,7.67,8.61,5.82,7.55,72.66,8.72,7.2,71.26,9.66,9.67,0.38,33.76,36.63,2.09,,,,0.0,0.0,0.0,0.0,0.0,0.0,2.0,0.0,1.0,0.0
True,2021/6/15 22:00:12,,3925355210423140447,Equ1,2021/6/15 21:37:55,1.0,0.0,0.0,1242.0,0.0,0.0,0.0,0.0,462.26,425.11,447.21,469.58,473.79,461.79,9.37,22.31,24.1,0.0,11.81,9.37,127.99,167.49,184.77,179.92,174.03,134.13,1831.33,1807.14,1831.03,1829.29,1845.32,1830.86,13342.97,34.88,0.04,32747.71,16.19,2.62,2.0,8.11,1939.89,1899.31,1.0,1.0,-2.3,4.04,3.54,3.65,0.0,0.0,4.14,3.32,4.53,3.74,0.0,0.0,0.0,0.0,5.0,12.0,6.0,12.0,6.0,12.0,5.0,12.0,0.0,0.0,441.0,443.0,439.0,447.0,19.11,4.2,5.46,4.97,9.01,5.38,4.57,6.09,4.73,6.61,6.4,6.73,8.0,9.22,8.65,10.28,11.06,15.38,18.44,42.71,6.57,5.95,5.82,7.55,7.66,8.61,5.81,7.53,72.66,8.68,7.19,71.25,9.61,9.64,0.38,33.75,36.63,2.0,,,,0.0,0.0,0.0,0.0,0.0,0.0,2.0,0.0,1.0,0.0
True,2021/6/15 22:00:12,,3925355210423140448,Equ1,2021/6/15 21:38:00,1.0,0.0,0.0,1242.0,0.0,0.0,0.0,0.0,462.26,425.11,447.21,469.58,473.79,461.79,9.44,22.34,24.11,0.0,11.85,9.44,127.86,168.17,185.1,180.22,174.19,134.17,1832.95,1808.7,1832.57,1830.83,1846.89,1832.48,13267.07,34.81,0.04,32779.56,16.4,2.64,2.0,8.22,1911.68,1951.97,1.0,1.0,-2.3,4.04,3.54,3.64,0.0,0.0,3.77,4.41,3.58,3.78,0.0,0.0,0.0,0.0,5.0,12.0,6.0,12.0,6.0,12.0,5.0,12.0,0.0,0.0,442.0,443.0,439.0,447.0,19.12,4.19,5.43,4.95,8.98,5.35,4.57,6.02,4.7,6.56,6.34,6.65,7.91,9.09,8.55,10.03,10.75,14.17,15.64,43.12,6.56,5.94,5.82,7.53,7.65,8.61,5.8,7.52,72.67,8.65,7.18,71.24,9.6,9.61,0.39,33.74,36.62,1.94,,,,0.0,0.0,0.0,0.0,0.0,0.0,2.0,0.0,1.0,0.0
True,2021/6/15 22:00:12,,3925355210423140449,Equ1,2021/6/15 21:38:10,1.0,0.0,0.0,1242.0,0.0,0.0,0.0,0.0,462.26,425.11,447.21,469.58,473.79,461.79,9.44,22.29,24.09,0.0,11.91,9.44,127.26,167.87,185.5,180.19,174.68,134.48,1835.61,1811.32,1835.21,1833.49,1849.61,1835.14,13431.19,28.85,0.05,32811.41,18.28,2.44,2.0,9.15,1926.58,1978.01,1.0,1.0,-2.3,4.05,3.54,3.64,0.0,0.0,3.32,3.71,4.15,3.29,0.0,0.0,0.0,0.0,5.0,12.0,6.0,12.0,6.0,12.0,5.0,12.0,0.0,0.0,443.0,444.0,440.0,448.0,19.16,4.17,5.4,4.92,8.93,5.28,4.57,5.9,4.66,6.57,6.24,6.52,7.77,8.91,8.37,9.67,10.35,12.93,13.26,13.46,47.37,5.93,5.81,7.51,7.64,8.61,5.78,7.5,72.67,8.58,7.18,71.2,9.57,9.56,0.39,33.74,36.6,1.88,,,,0.0,0.0,0.0,0.0,0.0,0.0,2.0,0.0,1.0,0.0
True,2021/6/15 22:00:12,,3925355210423140450,Equ1,2021/6/15 21:38:15,1.0,0.0,0.0,1242.0,0.0,0.0,0.0,0.0,462.26,425.11,447.21,469.58,473.79,461.79,9.39,22.34,24.15,0.0,11.87,9.39,127.89,167.94,186.79,180.48,174.51,134.74,1836.79,1812.58,1836.5,1834.71,1850.8,1836.32,13368.11,30.99,0.05,32906.98,17.02,2.44,2.0,8.53,1945.89,1976.64,1.0,1.0,-2.3,4.04,3.54,3.65,0.0,0.0,3.84,3.78,4.98,4.05,0.0,0.0,0.0,0.0,5.0,12.0,6.0,12.0,6.0,12.0,5.0,12.0,0.0,0.0,443.0,445.0,441.0,449.0,19.19,4.17,5.38,4.9,8.89,5.26,4.57,5.84,4.64,6.53,6.19,6.46,7.71,8.82,8.3,9.52,10.17,12.48,12.52,11.31,47.58,5.92,5.8,7.51,7.64,8.61,5.77,7.49,72.68,8.54,7.18,71.19,9.55,9.54,0.39,33.75,36.64,1.85,,,,0.0,0.0,0.0,0.0,0.0,0.0,2.0,0.0,1.0,0.0
True,2021/6/15 22:00:12,,3925355210423140451,Equ1,2021/6/15 21:38:20,1.0,0.0,0.0,1242.0,0.0,0.0,0.0,0.0,462.26,425.11,447.21,469.58,473.79,461.79,9.36,22.37,24.2,0.0,11.85,9.37,127.49,168.07,185.82,180.47,174.49,134.48,1837.88,1813.74,1837.68,1835.84,1851.9,1837.43,13355.29,34.94,0.04,32811.41,15.45,2.5,2.0,7.74,1937.28,1918.55,1.0,1.0,-2.3,4.04,3.53,3.65,0.0,0.0,4.0,3.81,4.51,3.74,0.0,0.0,0.0,0.0,5.0,12.0,6.0,12.0,6.0,12.0,5.0,12.0,0.0,0.0,444.0,446.0,442.0,450.0,19.24,4.16,5.36,4.88,8.87,5.23,4.56,5.78,4.61,6.49,6.13,6.41,7.65,8.74,8.22,9.39,10.03,12.15,11.95,10.31,17.52,51.59,5.79,7.49,7.63,8.61,5.76,7.48,72.67,8.5,7.17,71.23,9.51,9.51,0.39,33.82,36.64,1.79,,,,0.0,0.0,0.0,0.0,0.0,0.0,2.0,0.0,1.0,0.0
True,2021/6/15 22:00:12,,3925355210423140452,Equ1,2021/6/15 21:38:25,1.0,0.0,0.0,1242.0,0.0,0.0,0.0,0.0,462.26,425.11,447.21,469.58,473.79,461.79,9.41,22.4,24.21,0.0,11.89,9.4,126.66,167.62,184.98,180.12,174.39,134.36,1839.13,1814.98,1838.89,1837.05,1853.15,1838.66,13305.02,35.64,0.04,32747.71,15.05,2.48,2.0,7.54,1920.65,1925.56,1.0,1.0,-2.3,4.04,3.53,3.64,0.0,0.0,3.71,3.13,3.67,2.99,0.0,0.0,0.0,0.0,5.0,12.0,6.0,12.0,6.0,12.0,5.0,12.0,0.0,0.0,445.0,446.0,442.0,450.0,19.25,4.14,5.34,4.87,8.85,5.21,4.57,5.73,4.58,6.44,6.09,6.35,7.59,8.67,8.16,9.28,9.92,11.88,11.5,9.68,13.52,51.97,5.79,7.48,7.63,8.61,5.75,7.47,72.68,8.48,7.16,71.23,9.49,9.48,0.38,33.82,36.64,1.73,,,,0.0,0.0,0.0,0.0,0.0,0.0,2.0,0.0,1.0,0.0
True,2021/6/15 22:00:12,,3925355210423140453,Equ1,2021/6/15 21:38:30,1.0,0.0,0.0,1242.0,0.0,0.0,0.0,0.0,462.26,425.11,447.21,469.58,473.79,461.79,9.52,22.45,24.19,0.0,11.96,9.52,126.58,167.46,183.93,179.75,173.78,133.28,1841.01,1816.79,1840.63,1838.81,1854.99,1840.54,13153.73,33.82,0.04,32652.14,16.58,2.6,2.0,8.31,1933.16,1947.63,1.0,1.0,-2.3,4.04,3.53,3.64,0.0,0.0,3.28,4.21,5.76,3.61,0.0,0.0,0.0,0.0,5.0,12.0,6.0,12.0,6.0,12.0,5.0,12.0,0.0,0.0,445.0,447.0,443.0,451.0,19.28,4.13,5.33,4.86,8.83,5.19,4.57,5.68,4.55,6.38,6.05,6.38,7.53,8.6,8.1,9.17,9.81,11.64,11.13,9.21,11.97,44.16,34.32,7.5,7.62,8.6,5.73,7.45,72.68,8.45,7.16,71.23,9.47,9.52,0.39,33.79,36.62,1.7,,,,0.0,0.0,0.0,0.0,0.0,0.0,2.0,0.0,1.0,0.0
True,2021/6/15 22:00:12,,3925355210423140454,Equ1,2021/6/15 21:38:35,1.0,0.0,0.0,1242.0,0.0,0.0,0.0,0.0,462.26,425.11,447.21,469.58,473.79,461.79,9.57,22.41,24.14,0.0,12.0,9.57,127.21,167.91,184.3,179.85,174.18,133.58,1842.87,1818.57,1842.39,1840.62,1856.83,1842.4,13292.21,30.72,0.05,32715.85,18.0,2.56,2.0,9.01,1946.9,1920.07,1.0,1.0,-2.3,4.04,3.53,3.64,0.0,0.0,3.46,3.79,4.6,3.68,0.0,0.0,0.0,0.0,5.0,12.0,6.0,12.0,6.0,12.0,5.0,12.0,0.0,0.0,446.0,448.0,443.0,451.0,19.3,4.13,5.3,4.84,8.81,5.17,4.57,5.63,4.53,6.34,6.0,6.34,7.48,8.53,8.04,9.07,9.72,11.45,10.83,8.89,11.07,16.76,46.06,7.44,7.62,8.61,5.73,7.44,72.68,8.43,7.16,71.24,9.45,9.49,0.39,33.78,36.61,1.67,,,,0.0,0.0,0.0,0.0,0.0,0.0,2.0,0.0,1.0,0.0
True,2021/6/15 22:00:12,,3925355210423140455,Equ1,2021/6/15 21:38:40,1.0,0.0,0.0,1242.0,0.0,0.0,0.0,0.0,462.26,425.11,447.21,469.58,473.79,461.79,9.55,22.43,24.18,0.0,12.0,9.55,126.91,167.72,183.8,179.79,174.41,134.59,1844.45,1820.18,1844.04,1842.22,1858.44,1843.98,13317.84,25.62,0.06,32715.85,19.65,2.33,2.0,9.84,1921.95,1960.07,1.0,1.0,-2.3,4.04,3.54,3.64,0.0,0.0,3.69,2.89,4.54,3.74,0.0,0.0,0.0,0.0,5.0,12.0,6.0,12.0,6.0,12.0,5.0,12.0,0.0,0.0,446.0,448.0,444.0,452.0,19.32,4.13,5.3,4.83,8.79,5.15,4.58,5.58,4.51,6.29,5.96,6.26,7.44,8.47,8.0,8.98,9.63,11.27,10.59,8.6,10.4,13.01,38.66,7.44,7.61,8.61,5.72,7.44,72.7,8.4,7.16,71.24,9.43,9.45,0.38,33.8,36.64,1.65,,,,0.0,0.0,0.0,0.0,0.0,0.0,2.0,0.0,1.0,0.0
True,2021/6/15 22:00:12,,3925355210423140456,Equ1,2021/6/15 21:38:45,1.0,0.0,0.0,1242.0,0.0,0.0,0.0,0.0,462.26,425.11,447.21,469.58,473.79,461.79,9.47,22.39,24.19,0.0,11.97,9.47,127.55,168.13,185.52,180.45,174.71,134.92,1845.54,1821.31,1845.21,1843.38,1859.57,1845.07,13368.11,28.03,0.05,32875.13,19.09,2.48,2.0,9.57,1956.67,1968.53,1.0,1.0,-2.3,4.04,3.53,3.64,0.0,0.0,3.97,5.31,4.34,3.47,0.0,0.0,0.0,0.0,5.0,12.0,6.0,12.0,6.0,12.0,5.0,12.0,0.0,0.0,447.0,449.0,445.0,453.0,19.37,4.13,5.28,4.83,8.77,5.13,4.57,5.54,4.49,6.26,5.93,6.18,7.41,8.42,7.95,8.9,9.56,11.14,10.37,8.4,9.93,11.46,17.33,7.44,7.6,8.61,5.72,7.43,72.7,8.37,7.15,71.24,9.4,9.42,0.38,33.81,36.65,1.63,,,,0.0,0.0,0.0,0.0,0.0,0.0,2.0,0.0,1.0,0.0
True,2021/6/15 22:00:12,,3925355210423140457,Equ1,2021/6/15 21:38:50,1.0,0.0,0.0,1242.0,0.0,0.0,0.0,0.0,462.26,425.11,447.21,469.58,473.79,461.79,9.47,22.46,24.26,0.0,11.95,9.47,127.49,167.71,186.73,180.7,174.29,134.3,1846.6,1822.43,1846.33,1844.44,1860.61,1846.13,13317.84,34.45,0.04,32885.74,15.98,2.55,2.0,8.0,1921.01,1932.51,1.0,1.0,-2.3,4.05,3.52,3.64,0.0,0.0,3.78,3.76,5.61,3.68,0.0,0.0,0.0,0.0,5.0,12.0,6.0,12.0,6.0,12.0,5.0,12.0,0.0,0.0,448.0,449.0,445.0,453.0,19.38,4.11,5.28,4.81,8.75,5.11,4.58,5.5,4.47,6.22,5.89,6.15,7.36,8.37,7.91,8.83,9.49,11.02,10.17,8.2,9.58,10.54,13.39,46.53,7.6,8.61,5.71,7.41,72.7,8.34,7.14,71.23,9.37,9.38,0.39,33.83,36.59,1.6,,,,0.0,0.0,0.0,0.0,0.0,0.0,2.0,0.0,1.0,0.0
True,2021/6/15 22:00:12,,3925355210423140458,Equ1,2021/6/15 21:38:55,1.0,0.0,0.0,1242.0,0.0,0.0,0.0,0.0,462.26,425.11,447.21,469.58,473.79,461.79,9.54,22.52,24.3,0.0,11.99,9.54,127.23,167.69,185.62,180.38,174.46,134.29,1847.82,1823.65,1847.53,1845.6,1861.8,1847.35,13292.21,36.68,0.04,32747.71,14.77,2.51,2.0,7.4,1917.24,1937.65,1.0,1.0,-2.3,4.05,3.52,3.64,0.0,0.0,4.43,3.86,4.34,3.97,0.0,0.0,0.0,0.0,5.0,12.0,6.0,12.0,6.0,12.0,5.0,12.0,0.0,0.0,448.0,450.0,446.0,454.0,19.41,4.11,5.27,4.8,8.73,5.09,4.57,5.46,4.45,6.18,5.86,6.12,7.32,8.32,7.87,8.77,9.43,10.91,9.99,8.05,9.29,9.91,11.75,46.84,7.6,8.61,5.7,7.41,72.7,8.32,7.13,71.23,9.35,9.38,0.39,33.83,36.63,1.58,,,,0.0,0.0,0.0,0.0,0.0,0.0,2.0,0.0,1.0,0.0
True,2021/6/15 22:00:12,,3925355210423140459,Equ1,2021/6/15 21:39:00,1.0,0.0,0.0,1242.0,0.0,0.0,0.0,0.0,462.26,425.11,447.21,469.58,473.79,461.79,9.6,22.56,24.26,0.0,12.05,9.6,127.36,167.84,184.51,179.88,174.15,133.81,1849.56,1825.37,1849.16,1847.28,1863.54,1849.08,13191.68,34.23,0.04,32715.85,15.89,2.52,2.0,7.95,1940.03,1944.52,1.0,1.0,-2.3,4.05,3.53,3.63,0.0,0.0,3.59,5.64,4.49,3.43,0.0,0.0,0.0,0.0,5.0,12.0,6.0,12.0,6.0,12.0,5.0,12.0,0.0,0.0,449.0,451.0,446.0,455.0,19.44,4.11,5.25,4.79,8.72,5.08,4.58,5.42,4.43,6.15,5.82,6.1,7.29,8.31,7.84,8.71,9.38,10.8,9.84,7.92,9.06,9.44,10.75,17.37,45.63,8.6,5.7,7.4,72.71,8.3,7.13,71.23,9.33,9.37,0.38,33.82,36.62,1.56,,,,0.0,0.0,0.0,0.0,0.0,0.0,2.0,0.0,1.0,0.0
True,2021/6/15 22:00:12,,3925355210427334656,Equ1,2021/6/15 21:39:05,1.0,0.0,0.0,1242.0,0.0,0.0,0.0,0.0,462.26,425.11,447.21,469.58,473.79,461.79,9.66,22.52,24.2,0.0,12.09,9.66,127.29,167.68,184.03,180.08,174.46,134.3,1851.21,1826.92,1850.71,1848.87,1865.17,1850.74,13305.02,30.98,0.05,32715.85,16.83,2.41,2.0,8.43,1921.3,1953.12,1.0,1.0,-2.3,4.04,3.53,3.64,0.0,0.0,3.73,3.3,4.5,4.73,0.0,0.0,0.0,0.0,5.0,12.0,6.0,12.0,6.0,12.0,5.0,12.0,0.0,0.0,450.0,451.0,447.0,455.0,19.46,4.1,5.25,4.78,8.7,5.06,4.58,5.39,4.42,6.12,5.79,6.06,7.25,8.3,7.81,8.66,9.32,10.7,9.71,7.81,8.85,9.05,10.02,13.64,45.94,8.6,5.69,7.4,72.71,8.29,7.13,71.23,9.31,9.35,0.38,33.81,36.63,1.55,,,,0.0,0.0,0.0,0.0,0.0,0.0,2.0,0.0,1.0,0.0
True,2021/6/15 22:00:12,,3925355210427334657,Equ1,2021/6/15 21:39:10,1.0,0.0,0.0,1242.0,0.0,0.0,0.0,0.0,462.26,425.11,447.21,469.58,473.79,461.79,9.63,22.49,24.25,0.0,12.09,9.63,127.66,167.75,183.98,179.89,174.45,134.42,1852.82,1828.53,1852.39,1850.51,1866.81,1852.35,13380.92,25.84,0.06,32747.71,18.48,2.21,2.0,9.25,1930.77,1930.77,1.0,1.0,-2.3,4.04,3.53,3.65,0.0,0.0,3.81,4.21,4.45,3.67,0.0,0.0,0.0,0.0,5.0,12.0,6.0,12.0,6.0,12.0,5.0,12.0,0.0,0.0,450.0,452.0,448.0,456.0,19.5,4.1,5.25,4.77,8.67,5.05,4.58,5.35,4.41,6.09,5.77,6.04,7.21,8.29,7.67,8.59,9.27,10.58,9.59,7.71,8.67,8.75,9.52,12.42,22.15,54.66,5.68,7.38,72.71,8.27,7.13,71.24,9.29,9.33,0.38,33.81,36.64,1.53,,,,0.0,0.0,0.0,0.0,0.0,0.0,2.0,0.0,1.0,0.0
True,2021/6/15 22:00:12,,3925355210427334658,Equ1,2021/6/15 21:39:15,1.0,0.0,0.0,1242.0,0.0,0.0,0.0,0.0,462.26,425.11,447.21,469.58,473.79,461.79,9.57,22.54,24.35,0.0,12.06,9.57,127.3,167.93,185.89,180.44,174.48,134.74,1854.14,1829.96,1853.87,1851.89,1868.16,1853.67,13330.16,28.54,0.05,32843.27,18.27,2.41,1.99,9.15,1943.58,1893.73,1.0,1.0,-2.3,4.04,3.53,3.64,0.0,0.0,3.45,3.78,5.63,3.69,0.0,0.0,0.0,0.0,5.0,12.0,6.0,12.0,6.0,12.0,5.0,12.0,0.0,0.0,451.0,453.0,448.0,457.0,19.53,4.1,5.25,4.77,8.66,5.03,4.58,5.32,4.39,6.06,5.74,6.0,7.18,8.24,7.63,8.55,9.22,10.49,9.48,7.62,8.51,8.5,9.13,11.68,15.97,54.99,5.68,7.38,72.71,8.25,7.12,71.23,9.27,9.31,0.39,33.83,36.63,1.52,,,,0.0,0.0,0.0,0.0,0.0,0.0,2.0,0.0,1.0,0.0
True,2021/6/15 22:00:12,,3925355210427334659,Equ1,2021/6/15 21:39:20,1.0,0.0,0.0,1242.0,0.0,0.0,0.0,0.0,462.26,425.11,447.21,469.58,473.79,461.79,9.58,22.63,24.43,0.0,12.04,9.58,128.94,167.61,185.16,180.11,174.46,134.48,1854.97,1830.87,1854.77,1852.71,1868.97,1854.5,13305.02,31.17,0.05,32843.27,16.45,2.37,2.0,8.23,1920.5,1934.03,1.0,1.0,-2.3,4.03,3.54,3.65,0.0,0.0,3.29,4.21,4.43,3.99,0.0,0.0,0.0,0.0,5.0,12.0,6.0,12.0,6.0,12.0,5.0,12.0,0.0,0.0,451.0,453.0,449.0,457.0,19.54,4.1,5.25,4.79,8.65,5.02,4.58,5.3,4.39,6.05,5.72,5.98,7.16,8.2,7.68,8.51,9.2,10.42,9.41,7.55,8.41,8.33,8.88,11.27,14.24,21.71,5.68,7.37,72.71,8.24,7.11,71.23,9.26,9.31,0.39,33.86,36.55,1.5,,,,0.0,0.0,0.0,0.0,0.0,0.0,2.0,0.0,1.0,0.0
True,2021/6/15 22:00:12,,3925355210427334660,Equ1,2021/6/15 21:39:25,1.0,0.0,0.0,1242.0,0.0,0.0,0.0,0.0,462.26,425.11,447.21,469.58,473.79,461.79,9.65,22.68,24.43,0.0,12.09,9.65,128.05,167.29,184.26,179.72,174.19,133.88,1856.46,1832.35,1856.2,1854.14,1870.44,1855.99,13216.81,31.84,0.04,32747.71,16.74,2.47,2.0,8.39,1928.46,1915.87,1.0,1.0,-2.3,4.03,3.54,3.66,0.0,0.0,3.8,3.58,4.53,3.42,0.0,0.0,0.0,0.0,5.0,12.0,6.0,12.0,6.0,12.0,5.0,12.0,0.0,0.0,452.0,454.0,449.0,458.0,19.57,4.09,5.24,4.78,8.66,5.01,4.57,5.27,4.37,6.02,5.69,5.95,7.14,8.16,7.69,8.56,9.14,10.34,9.32,7.48,8.29,8.14,8.61,10.83,12.98,16.3,54.48,7.36,72.7,8.22,7.11,71.23,9.24,9.28,0.38,33.85,36.62,1.49,,,,0.0,0.0,0.0,0.0,0.0,0.0,2.0,0.0,1.0,0.0
True,2021/6/15 22:00:12,,3925355210427334661,Equ1,2021/6/15 21:39:30,1.0,0.0,0.0,1242.0,0.0,0.0,0.0,0.0,462.26,425.11,447.21,469.58,473.79,461.79,9.75,22.77,24.47,0.0,12.16,9.75,126.65,167.35,183.48,179.54,174.18,133.38,1858.36,1834.24,1858.04,1855.94,1872.31,1857.9,13040.38,30.71,0.05,32620.28,17.64,2.51,2.0,8.84,1933.52,1937.72,1.0,1.0,-2.3,4.03,3.55,3.66,0.0,0.0,3.73,3.49,4.72,3.48,0.0,0.0,0.0,0.0,5.0,12.0,6.0,12.0,6.0,12.0,5.0,12.0,0.0,0.0,453.0,454.0,450.0,458.0,19.59,4.09,5.23,4.78,8.66,4.99,4.57,5.24,4.36,6.0,5.68,5.93,7.12,8.12,7.7,8.49,9.11,10.28,9.23,7.41,8.18,7.99,8.38,10.46,12.23,14.49,53.18,7.35,72.7,8.2,7.1,71.22,9.22,9.27,0.38,33.84,36.57,1.47,,,,0.0,0.0,0.0,0.0,0.0,0.0,2.0,0.0,1.0,0.0
True,2021/6/15 22:00:12,,3925355210427334662,Equ1,2021/6/15 21:39:35,1.0,0.0,0.0,1242.0,0.0,0.0,0.0,0.0,462.26,425.11,447.21,469.58,473.79,461.79,9.76,22.69,24.39,0.0,12.19,9.76,126.4,167.56,184.2,179.76,173.91,133.9,1860.07,1835.84,1859.64,1857.62,1874.02,1859.6,13241.94,29.18,0.05,32683.99,18.25,2.47,2.0,9.14,1927.88,1924.19,1.0,1.0,-2.3,4.04,3.55,3.66,0.0,0.0,2.77,4.86,4.07,3.9,0.0,0.0,0.0,0.0,5.0,12.0,6.0,12.0,6.0,12.0,5.0,12.0,0.0,0.0,453.0,455.0,451.0,459.0,19.63,4.08,5.22,4.77,8.66,4.98,4.57,5.21,4.34,5.98,5.65,5.9,7.09,8.08,7.68,8.37,9.02,10.23,9.16,7.35,8.08,7.85,8.18,10.1,11.7,13.47,18.41,51.27,72.69,8.19,7.1,71.22,9.2,9.25,0.39,33.83,36.6,1.46,,,,0.0,0.0,0.0,0.0,0.0,0.0,2.0,0.0,1.0,0.0
True,2021/6/15 22:00:12,,3925355210427334663,Equ1,2021/6/15 21:39:40,1.0,0.0,0.0,1242.0,0.0,0.0,0.0,0.0,462.26,425.11,447.21,469.58,473.79,461.79,9.74,22.7,24.39,0.0,12.21,9.74,127.33,167.38,183.17,179.54,174.35,133.88,1861.9,1837.7,1861.5,1859.48,1875.9,1861.43,13216.81,24.59,0.06,32652.13,20.75,2.36,2.0,10.4,1910.81,1931.28,1.0,1.0,-2.3,4.03,3.55,3.67,0.0,0.0,3.83,3.79,4.14,6.26,0.0,0.0,0.0,0.0,5.0,12.0,6.0,12.0,6.0,12.0,5.0,12.0,0.0,0.0,454.0,456.0,451.0,460.0,19.66,4.07,5.21,4.77,8.64,4.95,4.58,5.19,4.33,5.96,5.64,5.87,7.08,8.04,7.66,8.32,9.02,10.19,9.09,7.29,7.99,7.73,8.03,9.87,11.3,12.89,12.3,51.93,72.7,8.18,7.09,71.22,9.19,9.24,0.38,33.84,36.59,1.45,,,,0.0,0.0,0.0,0.0,0.0,0.0,2.0,0.0,1.0,0.0
True,2021/6/15 22:00:12,,3925355210427334664,Equ1,2021/6/15 21:39:45,1.0,0.0,0.0,1242.0,0.0,0.0,0.0,0.0,462.26,425.11,447.21,469.58,473.79,461.79,9.74,22.77,24.47,0.0,12.19,9.74,127.01,167.87,184.29,180.06,174.87,135.21,1863.31,1839.19,1862.99,1860.88,1877.28,1862.83,13166.54,27.95,0.05,32779.56,20.15,2.61,2.0,10.09,1920.72,1958.91,1.0,1.0,-2.3,4.03,3.55,3.67,0.0,0.0,3.57,4.29,4.5,3.0,0.0,0.0,0.0,0.0,5.0,12.0,6.0,12.0,6.0,12.0,5.0,12.0,0.0,0.0,454.0,456.0,452.0,460.0,19.67,4.07,5.2,4.77,8.61,4.93,4.57,5.16,4.32,5.95,5.62,5.85,7.06,8.01,7.63,8.27,8.99,10.13,9.03,7.23,7.91,7.62,7.89,9.66,10.98,12.41,10.69,49.39,72.69,8.17,7.09,71.21,9.18,9.22,0.38,33.85,36.6,1.44,,,,0.0,0.0,0.0,0.0,0.0,0.0,2.0,0.0,1.0,0.0
True,2021/6/15 22:00:12,,3925355210427334665,Equ1,2021/6/15 21:39:55,1.0,0.0,0.0,1242.0,0.0,0.0,0.0,0.0,462.26,425.11,447.21,469.58,473.79,461.79,9.75,22.83,24.57,0.0,12.19,9.75,128.86,167.43,184.46,180.02,174.33,134.42,1866.12,1842.05,1865.9,1863.69,1880.1,1865.65,13191.68,31.8,0.04,32779.56,18.12,2.67,2.0,9.08,1929.76,1937.79,1.0,1.0,-2.3,4.02,3.54,3.67,0.0,0.0,6.96,3.62,4.67,3.69,0.0,0.0,0.0,0.0,5.0,12.0,6.0,12.0,6.0,12.0,5.0,12.0,0.0,0.0,456.0,457.0,453.0,462.0,19.73,4.07,5.19,4.76,8.59,4.93,4.57,5.11,4.3,5.91,5.59,5.81,7.04,7.95,7.59,8.18,8.95,10.06,8.91,7.11,7.76,7.42,7.64,9.33,10.5,11.77,9.24,34.13,70.53,8.15,7.08,71.2,9.16,9.21,0.38,33.87,36.6,1.43,,,,0.0,0.0,0.0,0.0,0.0,0.0,2.0,0.0,1.0,0.0
True,2021/6/15 22:00:12,,3925355210427334666,Equ1,2021/6/15 21:40:00,1.0,0.0,0.0,1242.0,0.0,0.0,0.0,0.0,462.26,425.11,447.21,469.58,473.79,461.79,9.83,22.96,24.63,0.0,12.21,9.83,127.26,168.11,181.54,178.75,173.25,132.1,1868.33,1844.32,1868.08,1865.82,1882.25,1867.86,13241.94,30.48,0.05,32514.1,19.93,2.81,2.0,9.98,1920.86,1945.67,1.0,1.0,-2.3,3.95,3.4,3.55,0.0,0.0,3.67,4.24,4.09,3.64,0.0,0.0,0.0,0.0,5.0,12.0,6.0,12.0,6.0,12.0,5.0,12.0,0.0,0.0,456.0,458.0,454.0,462.0,19.75,4.07,5.19,4.76,8.57,4.97,4.58,5.09,4.29,5.9,5.58,5.8,7.03,7.93,7.58,8.16,8.96,10.02,8.87,7.07,7.7,7.34,7.55,9.21,10.32,11.54,8.84,16.83,74.05,8.14,7.08,71.21,9.16,9.2,0.39,33.88,36.56,1.41,,,,0.0,0.0,0.0,0.0,0.0,0.0,2.0,0.0,1.0,0.0
True,2021/6/15 22:00:12,,3925355210427334667,Equ1,2021/6/15 21:40:05,1.0,0.0,0.0,1242.0,0.0,0.0,0.0,0.0,462.26,425.11,447.21,469.58,473.79,461.79,9.83,22.89,24.54,0.0,12.26,9.83,127.49,168.27,181.97,179.44,173.34,131.26,1870.5,1846.42,1870.17,1868.0,1884.47,1870.03,13607.62,27.58,0.05,32482.24,21.61,2.76,2.0,10.82,1932.94,1929.11,1.0,1.0,-2.3,3.82,3.33,3.49,0.0,0.0,3.91,6.14,4.47,3.56,0.0,0.0,0.0,0.0,5.0,12.0,6.0,12.0,6.0,12.0,5.0,12.0,0.0,0.0,457.0,459.0,454.0,462.0,19.78,4.07,5.17,4.75,8.54,4.97,4.58,5.06,4.28,5.89,5.57,5.79,7.03,7.91,7.56,8.11,8.92,9.98,8.82,7.03,7.65,7.27,7.46,9.09,10.17,11.35,8.5,13.47,73.72,58.5,7.08,71.2,9.14,9.19,0.38,33.87,36.56,1.39,,,,0.0,0.0,0.0,0.0,0.0,0.0,2.0,0.0,1.0,0.0
True,2021/6/15 22:00:12,,3925355210427334668,Equ1,2021/6/15 21:40:10,1.0,0.0,0.0,1242.0,0.0,0.0,0.0,0.0,462.26,425.11,447.21,469.58,473.79,461.79,9.8,22.93,24.58,0.0,12.28,9.8,127.72,167.43,181.66,179.24,173.74,131.32,1872.76,1848.74,1872.49,1870.28,1886.77,1872.29,13695.34,23.9,0.06,32514.09,24.31,2.69,2.0,12.18,1945.46,1915.58,1.0,1.0,-2.3,3.71,3.28,3.45,0.0,0.0,3.56,3.03,4.51,3.54,0.0,0.0,0.0,0.0,5.0,12.0,6.0,12.0,6.0,12.0,5.0,12.0,0.0,0.0,458.0,459.0,455.0,462.0,19.8,4.07,5.16,4.75,8.51,4.96,4.58,5.05,4.28,5.87,5.55,5.77,7.0,7.88,7.53,8.07,8.88,9.95,8.79,6.98,7.59,7.19,7.39,8.95,10.01,11.16,8.22,12.06,73.69,59.66,7.07,71.19,9.13,9.17,0.39,33.88,36.56,1.39,,,,0.0,0.0,0.0,0.0,0.0,0.0,2.0,0.0,1.0,0.0
True,2021/6/15 22:00:12,,3925355210427334669,Equ1,2021/6/15 21:40:15,1.0,0.0,0.0,1242.0,0.0,0.0,0.0,0.0,462.26,425.11,447.21,469.58,473.79,461.79,9.71,22.88,24.64,0.0,12.23,9.71,127.91,168.26,182.05,179.59,174.44,133.07,1874.6,1850.63,1874.48,1872.21,1888.66,1874.13,13934.85,26.61,0.06,32609.67,25.23,3.11,2.0,12.64,1947.12,1905.31,1.0,1.0,-2.3,3.62,3.21,3.38,0.0,0.0,3.91,3.58,4.21,3.52,0.0,0.0,0.0,0.0,5.0,12.0,6.0,12.0,6.0,12.0,5.0,12.0,0.0,0.0,458.0,460.0,456.0,462.0,19.82,4.07,5.16,4.73,8.48,4.96,4.58,5.03,4.27,5.86,5.54,5.75,6.99,7.85,7.52,8.04,8.85,9.92,8.75,6.93,7.54,7.13,7.33,8.84,9.89,11.02,8.01,11.2,73.67,34.8,7.08,71.2,9.13,9.16,0.38,33.95,36.53,1.38,,,,0.0,0.0,0.0,0.0,0.0,0.0,2.0,0.0,1.0,0.0
True,2021/6/15 22:00:12,,3925355210427334670,Equ1,2021/6/15 21:40:20,1.0,0.0,0.0,1242.0,0.0,0.0,0.0,0.0,462.26,425.11,447.21,469.58,473.79,461.79,9.6,23.0,24.84,0.0,12.17,9.6,126.98,168.66,181.37,178.96,173.65,133.7,1876.39,1852.64,1876.58,1874.11,1890.49,1875.92,14111.28,28.86,0.05,32609.66,24.52,3.27,2.0,12.27,1967.67,1904.01,1.0,1.0,-2.3,3.51,3.15,3.34,0.0,0.0,4.59,3.58,4.89,3.5,0.0,0.0,0.0,0.0,5.0,12.0,6.0,12.0,6.0,12.0,5.0,12.0,0.0,0.0,459.0,461.0,456.0,462.0,19.84,4.07,5.15,4.73,8.45,4.95,4.58,5.0,4.28,5.84,5.51,5.73,6.97,7.83,7.5,8.01,8.83,9.89,8.7,6.9,7.48,7.06,7.27,8.75,9.77,10.89,7.84,10.67,73.65,21.45,47.32,71.17,9.09,9.16,0.36,34.2,36.57,1.11,,,,0.0,0.0,0.0,0.0,0.0,0.0,2.0,0.0,1.0,0.0
True,2021/6/15 22:00:12,,3925355210427334671,Equ1,2021/6/15 21:40:25,1.0,0.0,0.0,1242.0,0.0,0.0,0.0,0.0,462.26,425.11,447.21,469.58,473.79,461.79,9.65,23.28,25.04,0.0,12.15,9.65,127.4,167.68,179.9,178.98,173.41,131.5,1878.61,1855.09,1878.95,1876.28,1892.64,1878.14,14161.04,29.76,0.05,32418.53,25.36,3.5,2.0,12.7,1956.02,1995.15,1.0,1.0,-2.3,3.44,3.05,3.24,0.0,0.0,3.48,3.83,4.16,3.48,0.0,0.0,0.0,0.0,5.0,12.0,6.0,12.0,6.0,12.0,5.0,12.0,0.0,0.0,459.0,461.0,457.0,462.0,19.85,4.08,5.14,4.73,8.43,4.94,4.59,4.98,4.26,5.83,5.49,5.72,6.95,7.81,7.49,7.99,8.81,9.87,8.65,6.86,7.44,7.0,7.21,8.65,9.66,10.78,7.69,10.28,73.65,17.84,46.38,71.17,9.07,9.14,0.36,34.41,36.5,0.43,,,,0.0,0.0,0.0,0.0,0.0,0.0,2.0,0.0,1.0,0.0
True,2021/6/15 22:00:12,,3925355210427334672,Equ1,2021/6/15 21:40:35,1.0,0.0,0.0,1242.0,0.0,0.0,0.0,0.0,462.26,425.11,447.21,469.58,473.79,461.79,9.66,23.41,25.07,0.0,12.14,9.66,125.27,167.88,175.25,178.78,167.94,125.0,1883.93,1860.53,1884.29,1881.59,1897.94,1883.45,14324.16,24.97,0.06,31845.13,30.46,3.52,2.0,15.26,1977.07,1905.45,1.0,1.0,-2.3,3.27,2.88,3.1,0.0,0.0,3.38,3.41,4.18,3.4,0.0,0.0,0.0,0.0,5.0,12.0,6.0,12.0,6.0,12.0,5.0,12.0,0.0,0.0,461.0,462.0,458.0,462.0,19.9,4.1,5.14,4.72,8.39,4.92,4.59,4.94,4.24,5.82,5.47,5.69,6.93,7.78,7.48,7.95,8.78,9.83,8.56,6.79,7.36,6.9,7.12,8.48,9.52,10.59,7.44,9.77,73.64,14.84,14.07,69.18,9.08,9.13,0.35,34.62,36.38,0.39,,,,0.0,0.0,0.0,0.0,0.0,0.0,2.0,0.0,1.0,0.0
True,2021/6/15 22:00:12,,3925355210427334673,Equ1,2021/6/15 21:40:40,1.0,0.0,0.0,1242.0,0.0,0.0,0.0,0.0,462.26,425.11,447.21,469.58,473.79,461.79,9.35,23.49,25.34,0.0,12.01,9.35,124.62,165.15,171.28,176.68,166.72,123.13,1886.96,1863.95,1887.9,1884.93,1901.15,1886.49,14234.94,20.84,0.07,31473.47,34.92,3.37,2.0,17.48,1978.52,1868.34,1.0,1.0,-2.3,3.17,2.81,3.05,0.0,0.0,2.71,3.39,3.89,3.37,0.0,0.0,0.0,0.0,5.0,12.0,6.0,12.0,6.0,12.0,5.0,12.0,0.0,0.0,461.0,462.0,459.0,462.0,19.91,4.11,5.16,4.72,8.37,4.91,4.59,4.91,4.24,5.82,5.45,5.7,6.92,7.78,7.47,7.93,8.76,9.82,8.52,6.72,7.32,6.86,7.08,8.4,9.43,10.53,7.34,9.53,73.66,13.81,11.59,71.78,9.06,9.13,0.34,35.09,36.38,0.39,,,,0.0,0.0,0.0,0.0,0.0,0.0,2.0,0.0,1.0,0.0
True,2021/6/15 22:00:12,,3925355210427334674,Equ1,2021/6/15 21:40:45,1.0,0.0,0.0,1242.0,0.0,0.0,0.0,0.0,462.26,425.11,447.21,469.58,473.79,461.79,9.18,23.75,25.57,0.0,11.87,9.18,125.42,167.56,167.66,178.78,166.06,120.66,1889.78,1867.21,1891.12,1887.93,1904.01,1889.31,14271.88,24.61,0.06,31462.86,37.35,4.26,1.99,18.72,1983.65,1846.93,1.0,1.0,-2.3,3.13,2.71,2.95,0.0,0.0,3.31,3.34,3.48,3.3,0.0,0.0,0.0,0.0,5.0,12.0,6.0,12.0,6.0,12.0,5.0,12.0,0.0,0.0,462.0,462.0,459.0,462.0,19.92,4.13,5.17,4.71,8.33,4.88,4.58,4.87,4.23,5.8,5.42,5.67,6.89,7.76,7.45,7.89,8.74,9.79,8.46,6.65,7.28,6.82,7.03,8.33,9.37,10.45,7.24,9.34,73.65,13.11,10.51,71.39,59.91,9.11,0.33,35.49,35.54,0.39,,,,0.0,0.0,0.0,0.0,0.0,0.0,2.0,0.0,1.0,0.0
True,2021/6/15 22:00:12,,3925355210427334675,Equ1,2021/6/15 21:40:50,1.0,0.0,0.0,1242.0,0.0,0.0,0.0,0.0,462.26,425.11,447.21,469.58,473.79,461.79,9.11,23.81,25.67,0.0,11.89,9.11,126.42,167.42,168.95,177.91,166.96,118.81,1892.57,1870.11,1894.08,1890.77,1906.88,1892.1,14700.65,27.62,0.06,31388.53,36.47,4.66,2.0,18.25,1987.41,1828.56,1.0,1.0,-2.3,3.13,2.57,2.82,0.0,0.0,3.24,3.29,3.95,3.3,0.0,0.0,0.0,0.0,5.0,12.0,6.0,12.0,6.0,12.0,5.0,12.0,0.0,0.0,462.0,462.0,460.0,462.0,19.93,4.12,5.16,4.7,8.3,4.85,4.58,4.84,4.22,5.79,5.39,5.65,6.86,7.75,7.43,7.87,8.72,9.77,8.4,6.57,7.23,6.75,6.97,8.25,9.3,10.36,7.13,9.18,73.64,12.44,9.81,71.3,59.06,9.09,0.33,35.63,35.49,0.39,,,,0.0,0.0,0.0,0.0,0.0,0.0,2.0,0.0,1.0,0.0
True,2021/6/15 22:00:12,,3925355210427334676,Equ1,2021/6/15 21:40:55,1.0,0.0,0.0,1242.0,0.0,0.0,0.0,0.0,462.26,425.11,447.21,469.58,473.79,461.79,9.05,24.05,25.9,0.0,11.85,9.05,125.9,166.67,167.06,177.95,166.96,116.45,1895.31,1873.17,1897.11,1893.58,1909.64,1894.84,14523.71,26.58,0.06,31229.25,36.35,4.48,2.0,18.21,1991.46,1823.79,1.0,1.0,-2.3,3.11,2.53,2.78,0.0,0.0,3.2,3.25,4.07,3.26,0.0,0.0,0.0,0.0,5.0,12.0,6.0,12.0,6.0,12.0,5.0,12.0,0.0,0.0,462.0,462.0,461.0,462.0,19.94,4.13,5.16,4.69,8.28,4.83,4.58,4.81,4.22,5.79,5.38,5.62,6.85,7.73,7.42,7.85,8.71,9.75,8.33,6.51,7.19,6.7,6.92,8.18,9.22,10.3,7.04,9.03,73.63,11.92,9.33,71.25,24.06,9.07,0.33,35.88,35.39,0.38,,,,0.0,0.0,0.0,0.0,0.0,0.0,2.0,0.0,1.0,0.0
True,2021/6/15 22:00:12,,3925355210427334677,Equ1,2021/6/15 21:41:00,1.0,0.0,0.0,1242.0,0.0,0.0,0.0,0.0,462.26,425.11,447.21,469.58,473.79,461.79,9.03,24.25,26.01,0.0,11.81,9.03,122.83,165.51,162.6,178.23,162.8,110.39,1898.6,1876.66,1900.53,1896.89,1912.9,1898.13,14284.2,27.73,0.06,30655.84,36.58,4.7,2.0,18.33,2000.0,1821.11,1.0,1.0,-2.3,3.1,2.49,2.75,0.0,0.0,3.17,3.22,4.25,3.23,0.0,0.0,0.0,0.0,5.0,12.0,6.0,12.0,6.0,12.0,5.0,12.0,0.0,0.0,462.0,462.0,461.0,462.0,19.94,4.11,5.17,4.68,8.25,4.79,4.59,4.78,4.21,5.79,5.35,5.65,6.82,7.71,7.4,7.82,8.7,9.73,8.26,6.43,7.14,6.65,7.0,8.1,9.16,10.23,6.96,8.9,73.63,11.46,8.97,71.21,17.81,52.07,0.33,36.0,35.29,0.38,,,,0.0,0.0,0.0,0.0,0.0,0.0,2.0,0.0,1.0,0.0
True,2021/6/15 22:00:12,,3925355210427334678,Equ1,2021/6/15 21:41:05,1.0,0.0,0.0,1242.0,0.0,0.0,0.0,0.0,462.26,425.11,447.21,469.58,473.79,461.79,8.88,24.14,25.89,0.0,11.78,8.88,123.63,167.1,159.94,178.21,159.98,105.45,1901.65,1879.76,1903.61,1900.09,1916.07,1901.18,14208.29,25.42,0.06,30369.14,37.06,4.36,2.0,18.55,1997.4,1817.06,1.0,1.0,-2.3,3.08,2.47,2.75,0.0,0.0,3.13,3.17,3.57,3.2,0.0,0.0,0.0,0.0,5.0,12.0,6.0,12.0,6.0,12.0,5.0,12.0,0.0,0.0,462.0,462.0,462.0,462.0,19.95,4.11,5.17,4.68,8.23,4.76,4.59,4.75,4.2,5.79,5.34,5.62,6.81,7.7,7.4,7.81,8.69,9.71,8.19,6.36,7.09,6.61,6.92,8.04,9.1,10.16,6.89,8.78,73.63,11.04,8.69,71.19,15.49,52.62,0.33,36.05,35.32,0.38,,,,0.0,0.0,0.0,0.0,0.0,0.0,2.0,0.0,1.0,0.0
True,2021/6/15 22:00:12,,3925355210427334679,Equ1,2021/6/15 21:41:10,1.0,0.0,0.0,1242.0,0.0,0.0,0.0,0.0,462.26,425.11,447.21,469.58,473.79,461.79,8.63,24.27,26.15,0.0,11.64,8.63,124.7,166.88,157.54,178.1,160.36,103.6,1904.4,1882.9,1906.88,1903.09,1918.95,1903.93,13893.38,23.82,0.06,30305.43,36.87,4.06,2.0,18.45,1998.26,1802.88,1.0,1.0,-2.3,3.07,2.46,2.74,0.0,0.0,3.11,3.14,3.99,3.19,0.0,0.0,0.0,0.0,5.0,12.0,6.0,12.0,6.0,12.0,5.0,12.0,0.0,0.0,462.0,462.0,462.0,462.0,19.95,45.42,5.17,4.68,8.2,4.73,4.59,4.7,4.18,5.77,5.3,5.58,6.71,7.7,7.38,7.8,8.68,9.68,8.12,6.28,7.04,6.55,6.78,7.97,9.04,10.11,6.81,8.67,73.62,10.69,8.44,71.17,14.14,28.92,0.33,36.4,35.29,0.38,,,,0.0,0.0,0.0,0.0,0.0,0.0,3.0,0.0,1.0,0.0
True,2021/6/15 22:00:12,,3925355210427334680,Equ1,2021/6/15 21:41:15,1.0,0.0,0.0,1242.0,0.0,0.0,0.0,0.0,462.26,425.11,447.21,469.58,473.79,461.79,8.52,24.55,26.41,0.0,11.57,8.52,125.07,167.9,156.42,178.96,161.79,102.49,1906.95,1885.84,1909.79,1905.75,1921.54,1906.48,13880.56,28.77,0.05,30316.05,37.33,4.98,1.99,18.72,2000.0,1849.83,1.0,1.0,-2.3,3.05,2.41,2.71,0.0,0.0,3.09,3.11,3.95,3.18,0.0,0.0,0.0,0.0,5.0,12.0,6.0,12.0,6.0,12.0,5.0,12.0,0.0,0.0,462.0,462.0,462.0,462.0,19.95,42.57,5.17,4.66,8.16,4.7,4.58,4.68,4.16,5.76,5.28,5.53,6.71,7.69,7.37,7.76,8.66,9.65,8.04,6.22,6.97,6.49,6.7,7.91,8.99,10.04,6.74,8.58,73.61,10.39,8.26,71.15,13.32,20.28,0.33,36.63,35.12,0.38,,,,0.0,0.0,0.0,0.0,0.0,0.0,3.0,0.0,1.0,0.0
True,2021/6/15 22:00:12,,3925355210427334681,Equ1,2021/6/15 21:41:20,1.0,0.0,0.0,1242.0,0.0,0.0,0.0,0.0,462.26,425.11,447.21,469.58,473.79,461.79,8.58,24.59,26.45,0.0,11.62,8.58,124.91,166.93,158.7,178.44,163.24,101.07,1909.65,1888.5,1912.47,1908.38,1924.22,1909.18,14107.26,32.09,0.05,30337.29,33.9,5.03,2.0,16.96,2000.0,1840.13,1.0,1.0,-2.3,3.04,2.4,2.71,0.0,0.0,3.08,3.09,3.93,3.17,0.0,0.0,0.0,0.0,5.0,12.0,6.0,12.0,6.0,12.0,5.0,12.0,0.0,0.0,462.0,462.0,462.0,462.0,19.95,19.37,36.88,4.65,8.14,4.67,4.58,4.64,4.14,5.74,5.25,5.5,6.83,7.84,7.35,7.75,8.66,9.62,7.97,6.15,6.93,6.44,6.66,7.85,8.85,9.97,6.68,8.48,73.61,10.12,8.12,71.13,12.71,17.31,0.33,36.68,35.02,0.38,,,,0.0,0.0,0.0,0.0,0.0,0.0,3.0,0.0,1.0,0.0
True,2021/6/15 22:00:12,,3925355210427334682,Equ1,2021/6/15 21:41:25,1.0,0.0,0.0,1242.0,0.0,0.0,0.0,0.0,462.26,425.11,447.21,469.58,473.79,461.79,8.54,24.74,26.57,0.0,11.6,8.54,123.02,166.44,156.0,178.65,161.52,97.34,1912.64,1891.7,1915.63,1911.42,1927.24,1912.17,13804.66,29.54,0.05,30029.35,34.7,4.74,2.0,17.37,2000.0,1809.39,1.0,1.0,-2.3,3.01,2.36,2.68,0.0,0.0,3.06,3.06,3.91,3.16,0.0,0.0,0.0,0.0,5.0,12.0,6.0,12.0,6.0,12.0,5.0,12.0,0.0,0.0,462.0,462.0,462.0,462.0,19.95,8.42,40.49,4.65,8.11,4.65,4.58,4.61,4.13,5.73,5.24,5.53,6.88,7.8,7.35,7.74,8.65,9.59,7.9,6.09,6.88,6.39,6.62,7.79,8.92,9.9,6.63,8.39,73.61,9.87,7.99,71.12,12.22,15.62,0.32,36.73,34.98,0.38,,,,0.0,0.0,0.0,0.0,0.0,0.0,3.0,0.0,1.0,0.0
True,2021/6/15 22:00:12,,3925355210427334683,Equ1,2021/6/15 21:41:30,1.0,0.0,0.0,1242.0,0.0,0.0,0.0,0.0,462.26,425.11,447.21,469.58,473.79,461.79,8.53,24.83,26.59,0.0,11.62,8.53,121.56,165.48,152.92,177.6,158.43,91.98,1915.85,1895.01,1918.87,1914.64,1930.47,1915.38,13540.02,30.27,0.05,29540.89,35.16,4.93,2.0,17.61,2000.0,1827.4,1.0,1.0,-2.3,3.01,2.35,2.69,0.0,0.0,3.04,3.04,3.89,3.15,0.0,0.0,0.0,0.0,5.0,12.0,6.0,12.0,6.0,12.0,5.0,12.0,0.0,0.0,462.0,462.0,462.0,462.0,19.95,7.19,21.66,4.65,8.1,4.62,4.58,4.58,4.11,5.72,5.23,5.54,6.86,7.72,7.35,7.73,8.64,9.55,7.84,6.04,6.84,6.35,6.57,7.73,9.0,9.83,6.57,8.32,73.6,9.65,7.87,71.12,11.83,14.56,0.33,36.78,34.9,0.38,,,,0.0,0.0,0.0,0.0,0.0,0.0,3.0,0.0,1.0,0.0
True,2021/6/15 22:00:12,,3925355210427334684,Equ1,2021/6/15 21:41:35,1.0,0.0,0.0,1242.0,0.0,0.0,0.0,0.0,462.26,425.11,447.21,469.58,473.79,461.79,8.46,24.72,26.5,0.0,11.64,8.46,124.61,167.53,152.5,178.6,157.02,89.08,1918.87,1897.98,1921.85,1917.72,1933.58,1918.4,13628.23,25.61,0.06,29647.08,35.98,4.26,2.0,18.0,2000.0,1838.32,1.0,1.0,-2.3,3.01,2.33,2.67,0.0,0.0,3.03,3.02,3.88,3.14,0.0,0.0,0.0,0.0,5.0,12.0,6.0,12.0,6.0,12.0,5.0,12.0,0.0,0.0,462.0,462.0,462.0,462.0,19.95,6.57,11.63,52.84,8.05,4.59,4.58,4.54,4.1,5.7,5.21,5.52,6.83,7.64,7.31,7.7,8.63,9.52,7.78,5.98,6.79,6.3,6.52,7.66,8.96,9.85,6.5,8.23,73.59,9.46,7.77,71.11,11.49,13.79,0.33,36.8,34.85,0.38,,,,0.0,0.0,0.0,0.0,0.0,0.0,3.0,0.0,1.0,0.0
True,2021/6/15 22:00:12,,3925355210427334685,Equ1,2021/6/15 21:41:40,1.0,0.0,0.0,1242.0,0.0,0.0,0.0,0.0,462.26,425.11,447.21,469.58,473.79,461.79,8.34,24.77,26.62,0.0,11.6,8.34,125.43,167.0,151.62,178.73,157.29,87.08,1921.55,1900.83,1924.79,1920.54,1936.35,1921.08,13325.63,24.7,0.06,29477.18,36.57,4.19,2.0,18.33,2000.0,1794.34,1.0,1.0,-2.3,3.01,2.34,2.69,0.0,0.0,3.02,2.99,3.86,3.13,0.0,0.0,0.0,0.0,5.0,12.0,6.0,12.0,6.0,12.0,5.0,12.0,0.0,0.0,462.0,462.0,462.0,462.0,19.95,6.22,9.78,51.2,8.03,4.57,4.58,4.51,4.09,5.68,5.2,5.5,6.81,7.63,7.3,7.69,8.61,9.49,7.71,5.93,6.74,6.24,6.47,7.59,8.87,9.72,6.46,8.16,73.59,9.28,7.69,71.09,11.22,13.11,0.32,36.9,34.92,0.38,,,,0.0,0.0,0.0,0.0,0.0,0.0,3.0,0.0,1.0,0.0
True,2021/6/15 22:00:12,,3925355210427334686,Equ1,2021/6/15 21:41:45,1.0,0.0,0.0,1242.0,0.0,0.0,0.0,0.0,462.26,425.11,447.21,469.58,473.79,461.79,8.19,24.84,26.79,0.0,11.52,8.19,126.66,167.39,153.28,178.56,160.74,88.44,1923.36,1902.86,1926.91,1922.49,1938.22,1922.89,13350.77,29.29,0.05,29774.5,35.0,4.76,1.99,17.57,2000.0,1826.46,1.0,1.0,-2.31,3.05,2.39,2.73,0.0,0.0,3.02,2.99,3.86,3.13,0.0,0.0,0.0,0.0,5.0,12.0,6.0,12.0,6.0,12.0,5.0,12.0,0.0,0.0,462.0,462.0,462.0,462.0,19.95,5.94,9.0,49.46,8.0,4.55,4.58,4.48,4.07,5.68,5.19,5.49,6.79,7.63,7.29,7.67,8.61,9.47,7.67,5.89,6.71,6.2,6.44,7.55,8.81,9.67,6.42,8.11,73.58,9.16,7.62,71.09,11.04,12.72,0.33,37.08,34.87,0.38,,,,0.0,0.0,0.0,0.0,0.0,0.0,3.0,0.0,1.0,0.0
True,2021/6/15 22:00:12,,3925355210427334687,Equ1,2021/6/15 21:41:50,1.0,0.0,0.0,1242.0,0.0,0.0,0.0,0.0,462.26,425.11,447.21,469.58,473.79,461.79,8.11,24.79,26.84,0.0,11.52,8.11,124.26,166.74,156.11,178.79,163.85,88.34,1925.81,1905.35,1929.5,1925.02,1940.76,1925.34,13577.97,33.24,0.04,29870.07,31.97,4.92,2.0,16.0,2000.0,1804.18,1.0,1.0,-2.31,3.07,2.37,2.72,0.0,0.0,3.02,2.98,3.85,3.14,0.0,0.0,0.0,0.0,5.0,12.0,6.0,12.0,6.0,12.0,5.0,12.0,0.0,0.0,462.0,462.0,462.0,462.0,19.95,5.7,8.39,12.31,53.91,4.54,4.58,4.46,4.06,5.67,5.18,5.47,6.77,7.62,7.29,7.66,8.59,9.44,7.61,5.84,6.66,6.16,6.39,7.48,8.74,9.58,6.46,8.05,73.56,9.0,7.55,71.09,10.85,12.27,0.32,37.16,34.84,0.38,,,,0.0,0.0,0.0,0.0,0.0,0.0,3.0,0.0,1.0,0.0
True,2021/6/15 22:00:12,,3925355210427334688,Equ1,2021/6/15 21:41:55,1.0,0.0,469.58,1242.0,0.0,0.0,0.0,0.0,1584.59,1586.44,614.7,616.55,0.0,0.0,2066.29,2067.53,2944.83,2946.67,0.0,0.0,49.84,62.32,51.02,63.51,50.9,61.93,1706.19,1708.01,1631.52,1633.34,2153.73,2155.57,13388.72,30.59,0.05,29795.74,31.7,4.49,2.0,15.87,2000.0,1847.66,1.0,1.0,-2.31,3.1,2.4,2.75,0.0,0.0,3.02,2.97,3.84,3.14,0.0,0.0,0.0,0.0,5.0,12.0,6.0,12.0,6.0,12.0,5.0,12.0,0.0,0.0,462.0,462.0,462.0,462.0,19.95,5.53,7.97,9.49,55.46,4.52,4.58,4.44,4.05,5.65,5.17,5.47,6.77,7.62,7.29,7.64,8.59,9.42,7.56,5.79,6.61,6.12,6.34,7.43,8.68,9.54,6.42,7.99,73.56,8.87,7.48,71.08,10.69,11.93,24.88,26.73,2404.83,2406.68,,,,0.0,0.0,0.0,0.0,0.0,0.0,34.75,37.22,1.0,0.0
True,2021/6/15 22:00:12,,3925355210427334689,Equ1,2021/6/15 21:42:00,1.0,0.0,0.0,1242.0,0.0,0.0,0.0,0.0,462.26,425.11,447.21,469.58,473.79,461.79,8.0,25.05,27.07,0.0,11.47,8.0,121.99,165.84,151.78,178.39,162.11,81.89,1931.54,1911.44,1935.56,1930.86,1946.54,1931.07,13136.38,29.93,0.05,29349.76,33.21,4.6,2.0,16.62,1999.2,2000.0,1.0,1.0,-2.31,3.12,2.43,2.79,0.0,0.0,3.02,2.97,3.84,3.14,0.0,0.0,0.0,0.0,5.0,12.0,6.0,12.0,6.0,12.0,5.0,12.0,0.0,0.0,462.0,462.0,462.0,462.0,19.95,5.38,7.64,8.41,16.66,4.5,4.59,4.42,4.04,5.64,5.16,5.47,6.76,7.61,7.29,7.63,8.58,9.38,7.51,5.76,6.57,6.08,6.3,7.38,8.62,9.49,6.35,7.93,73.55,8.75,7.42,71.08,10.55,11.64,0.33,37.3,34.66,0.38,,,,0.0,0.0,0.0,0.0,0.0,0.0,3.0,0.0,1.0,0.0
True,2021/6/15 22:00:12,,3925355210427334690,Equ1,2021/6/15 21:42:05,1.0,0.0,0.0,1242.0,0.0,0.0,0.0,0.0,462.26,425.11,447.21,469.58,473.79,461.79,7.85,24.99,27.08,0.0,11.44,7.85,123.64,167.3,151.78,178.62,162.04,81.0,1934.15,1914.14,1938.32,1933.62,1949.27,1933.68,13086.12,26.47,0.05,29413.47,33.37,4.09,2.0,16.7,1992.26,1821.47,1.0,1.0,-2.31,3.14,2.43,2.8,0.0,0.0,3.03,2.97,3.84,3.15,0.0,0.0,0.0,0.0,5.0,12.0,6.0,12.0,6.0,12.0,5.0,12.0,0.0,0.0,462.0,462.0,462.0,462.0,19.95,5.28,7.4,7.77,13.69,48.46,4.59,4.4,4.03,5.63,5.16,5.45,6.74,7.6,7.26,7.6,8.52,9.35,7.47,5.71,6.53,6.04,6.26,7.32,8.56,9.43,6.31,7.87,73.55,8.65,7.37,71.06,10.42,11.35,0.32,37.39,34.68,0.38,,,,0.0,0.0,0.0,0.0,0.0,0.0,3.0,0.0,1.0,0.0
True,2021/6/15 22:00:12,,3925355210427334691,Equ1,2021/6/15 21:42:10,1.0,0.0,0.0,1242.0,0.0,0.0,0.0,0.0,462.26,425.11,447.21,469.58,473.79,461.79,7.76,25.17,27.33,0.0,11.38,7.76,124.91,166.77,153.02,178.75,165.39,82.86,1936.42,1916.69,1940.95,1935.99,1951.58,1935.95,12947.64,24.21,0.06,29678.93,33.13,3.71,2.0,16.59,2000.0,1807.87,1.0,1.0,-2.31,3.18,2.48,2.84,0.0,0.0,3.04,2.97,3.84,3.16,0.0,0.0,0.0,0.0,5.0,12.0,6.0,12.0,6.0,12.0,5.0,12.0,0.0,0.0,462.0,462.0,462.0,462.0,19.95,5.2,7.2,7.37,12.39,47.44,4.59,4.38,4.03,5.62,5.16,5.45,6.72,7.59,7.25,7.59,8.48,9.32,7.42,5.67,6.49,6.01,6.22,7.27,8.5,9.36,6.28,7.82,73.55,8.55,7.31,71.06,10.32,11.13,0.32,37.58,34.54,0.38,,,,0.0,0.0,0.0,0.0,0.0,0.0,3.0,0.0,1.0,0.0
True,2021/6/15 22:00:12,,3925355210427334692,Equ1,2021/6/15 21:42:15,1.0,0.0,0.0,1242.0,0.0,0.0,0.0,0.0,462.26,425.11,447.21,469.58,473.79,461.79,7.57,25.22,27.57,0.0,11.28,7.57,126.94,167.53,155.61,179.18,169.37,86.66,1938.35,1918.85,1943.3,1938.1,1953.59,1937.89,12997.9,27.95,0.05,30124.91,31.93,4.13,2.0,16.0,2000.0,1703.49,1.0,1.0,-2.31,3.23,2.58,2.94,0.0,0.0,3.06,3.0,3.85,3.18,0.0,0.0,0.0,0.0,5.0,12.0,6.0,12.0,6.0,12.0,5.0,12.0,0.0,0.0,462.0,462.0,462.0,462.0,19.95,5.12,7.05,7.08,11.57,15.66,4.59,4.37,4.02,5.61,5.15,5.44,6.72,7.58,7.26,7.59,8.47,9.29,7.4,5.63,6.45,5.97,6.18,7.23,8.44,9.31,6.27,7.81,73.55,8.47,7.26,71.06,10.23,10.94,0.33,37.83,34.38,0.38,,,,0.0,0.0,0.0,0.0,0.0,0.0,3.0,0.0,1.0,0.0
True,2021/6/15 22:00:12,,3925355210427334693,Equ1,2021/6/15 21:42:20,1.0,0.0,0.0,1242.0,0.0,0.0,0.0,0.0,462.26,425.11,447.21,469.58,473.79,461.79,7.55,25.25,27.71,0.0,11.28,7.55,124.28,166.93,160.95,178.65,170.91,90.23,1940.36,1920.91,1945.47,1940.14,1955.63,1939.89,13338.45,33.43,0.04,30316.05,27.77,4.29,2.0,13.89,1977.14,1848.74,1.0,1.0,-2.31,3.28,2.57,2.94,0.0,0.0,3.09,3.02,3.88,3.2,0.0,0.0,0.0,0.0,5.0,12.0,6.0,12.0,6.0,12.0,5.0,12.0,0.0,0.0,462.0,462.0,462.0,462.0,19.95,5.06,6.9,6.83,11.06,10.57,4.61,4.36,4.02,5.61,5.16,5.45,6.72,7.57,7.26,7.59,8.48,9.27,7.37,5.6,6.41,5.95,6.15,7.19,8.41,9.25,6.26,7.77,73.57,8.41,7.22,71.06,10.16,10.79,0.32,37.91,34.3,0.38,,,,0.0,0.0,0.0,0.0,0.0,0.0,3.0,0.0,1.0,0.0
True,2021/6/15 22:00:12,,3925355210427334694,Equ1,2021/6/15 21:42:25,1.0,0.0,0.0,1242.0,0.0,0.0,0.0,0.0,462.26,425.11,447.21,469.58,473.79,461.79,7.63,25.38,27.82,0.0,11.31,7.63,124.13,167.16,162.8,178.44,169.97,89.74,1942.87,1923.47,1948.01,1942.56,1958.08,1942.4,13187.15,32.04,0.04,30347.91,27.27,4.05,2.0,13.66,1980.54,1821.69,1.0,1.0,-2.3,3.34,2.62,2.98,0.0,0.0,3.1,3.03,3.88,3.22,0.0,0.0,0.0,0.0,5.0,12.0,6.0,12.0,6.0,12.0,5.0,12.0,0.0,0.0,462.0,462.0,462.0,462.0,19.95,5.01,6.78,6.64,10.68,9.08,4.61,4.35,4.01,5.6,5.16,5.45,6.71,7.55,7.25,7.56,8.47,9.24,7.33,5.58,6.37,5.91,6.12,7.15,8.36,9.17,6.22,7.72,73.58,8.34,7.19,71.06,10.08,10.64,0.32,37.9,34.26,0.38,,,,0.0,0.0,0.0,0.0,0.0,0.0,3.0,0.0,1.0,0.0
True,2021/6/15 22:00:12,,3925355210427334714,Equ1,2021/6/15 21:44:10,1.0,0.0,0.0,1242.0,0.0,0.0,0.0,0.0,462.26,425.11,447.21,469.58,473.79,461.79,7.53,25.42,27.82,0.0,11.29,7.53,98.23,140.99,135.97,155.9,141.81,62.38,1947.6,1928.34,1952.85,1947.39,1962.89,1947.13,7449.6,0.0,0.0,25070.47,3.94,0.67,2.0,1.97,1911.1,1863.43,1.0,1.0,-2.3,3.86,3.13,3.46,0.0,0.0,3.37,3.31,4.1,3.48,0.0,0.0,0.0,0.0,5.0,12.0,6.0,12.0,6.0,12.0,5.0,12.0,0.0,0.0,462.0,462.0,463.0,462.0,19.96,4.56,5.75,5.3,8.61,5.64,4.63,6.01,44.5,5.46,5.13,5.36,6.65,7.35,7.11,7.37,8.08,8.66,7.14,5.45,5.94,5.6,5.73,6.79,7.93,8.39,5.9,7.27,73.58,7.77,6.78,70.98,9.31,9.11,0.32,38.05,34.21,0.38,,,,0.0,0.0,0.0,0.0,0.0,0.0,4.0,0.0,1.0,0.0
True,2021/6/15 22:00:12,,3925355210427334715,Equ1,2021/6/15 21:44:15,1.0,0.0,0.0,1242.0,0.0,0.0,0.0,0.0,462.26,425.11,447.21,469.58,473.79,461.79,7.15,25.38,27.75,0.0,11.01,7.15,104.92,149.02,135.92,172.34,142.95,61.13,1950.03,1931.1,1955.58,1950.19,1965.42,1949.56,8042.48,18.05,0.05,26302.23,11.77,0.98,2.0,5.9,1908.56,1853.3,1.0,1.0,-2.3,3.87,3.14,3.47,0.0,0.0,3.37,3.31,4.11,3.48,0.0,0.0,0.0,0.0,5.0,12.0,6.0,12.0,6.0,12.0,5.0,12.0,0.0,0.0,462.0,462.0,463.0,462.0,19.96,4.55,5.72,5.27,8.58,5.6,4.63,5.94,41.41,5.45,5.12,5.35,6.63,7.33,7.09,7.36,8.06,8.64,7.13,5.42,5.93,5.59,5.72,6.78,7.93,8.37,5.89,7.26,73.58,7.77,6.74,70.96,9.28,9.07,0.32,38.11,34.07,0.38,,,,0.0,0.0,0.0,0.0,0.0,0.0,4.0,0.0,1.0,0.0
True,2021/6/15 22:00:12,,3925355210427334716,Equ1,2021/6/15 21:44:20,1.0,0.0,0.0,1242.0,0.0,0.0,0.0,0.0,462.26,425.11,447.21,469.58,473.79,461.79,7.04,25.51,27.78,0.0,10.92,7.04,113.87,160.13,138.73,179.77,146.72,62.69,1952.25,1933.58,1957.95,1952.54,1967.67,1951.78,8925.64,13.12,0.07,27491.51,19.68,1.2,2.0,9.86,1901.98,1835.29,1.0,1.0,-2.3,3.87,3.13,3.47,0.0,0.0,3.37,3.31,4.11,3.49,0.0,0.0,0.0,0.0,5.0,12.0,6.0,12.0,6.0,12.0,5.0,12.0,0.0,0.0,462.0,462.0,463.0,462.0,19.96,4.53,5.68,5.24,8.55,5.57,4.64,5.87,19.85,43.84,5.12,5.34,6.64,7.32,7.09,7.36,8.05,8.62,7.13,5.41,5.97,5.59,5.71,6.78,7.92,8.36,5.88,7.25,73.58,7.75,6.75,70.9,9.4,9.05,0.33,38.17,33.97,0.38,,,,0.0,0.0,0.0,0.0,0.0,0.0,4.0,0.0,1.0,0.0
True,2021/6/15 22:00:12,,3925355210427334717,Equ1,2021/6/15 21:44:25,1.0,0.0,0.0,1242.0,0.0,0.0,0.0,0.0,462.26,425.11,447.21,469.58,473.79,461.79,7.16,25.81,27.99,0.0,10.99,7.16,122.12,168.4,142.77,179.85,151.42,64.6,1954.5,1936.0,1960.28,1954.66,1969.86,1954.03,9468.26,12.73,0.08,28319.75,25.13,1.48,2.0,12.6,1903.43,1874.35,1.0,1.0,-2.3,3.88,3.14,3.48,0.0,0.0,3.38,3.32,4.11,3.49,0.0,0.0,0.0,0.0,5.0,12.0,6.0,12.0,6.0,12.0,5.0,12.0,0.0,0.0,462.0,462.0,463.0,462.0,19.96,4.51,5.65,5.22,8.52,5.52,4.64,5.8,9.34,46.87,5.13,5.34,6.64,7.31,7.09,7.35,8.04,8.61,7.12,5.42,6.01,5.6,5.7,6.78,7.91,8.33,5.87,7.23,73.59,7.75,6.79,70.92,9.4,9.01,0.32,38.18,33.88,0.38,,,,0.0,0.0,0.0,0.0,0.0,0.0,4.0,0.0,1.0,0.0
True,2021/6/15 22:00:12,,3925355210427334718,Equ1,2021/6/15 21:44:30,1.0,0.0,0.0,1242.0,0.0,0.0,0.0,0.0,462.26,425.11,447.21,469.58,473.79,461.79,7.21,25.8,28.02,0.0,11.08,7.21,124.33,168.21,150.29,180.31,159.17,69.86,1956.14,1937.58,1961.91,1956.25,1971.54,1955.67,9922.16,14.96,0.07,29052.44,25.29,1.75,2.0,12.67,1914.14,1876.08,1.0,1.0,-2.3,3.9,3.23,3.55,0.0,0.0,3.4,3.35,4.13,3.51,0.0,0.0,0.0,0.0,5.0,12.0,6.0,12.0,6.0,12.0,5.0,12.0,0.0,0.0,462.0,462.0,463.0,462.0,19.96,4.51,5.63,5.2,8.5,5.45,4.64,5.75,7.93,18.31,5.14,5.34,6.66,7.3,7.08,7.35,8.03,8.59,7.12,5.43,6.0,5.61,5.71,6.79,7.89,8.31,5.86,7.23,73.58,7.74,6.82,70.96,9.35,8.98,0.32,38.21,33.84,0.38,,,,0.0,0.0,0.0,0.0,0.0,0.0,4.0,0.0,1.0,0.0
True,2021/6/15 22:00:12,,3925355210427334719,Equ1,2021/6/15 21:44:35,1.0,0.0,0.0,1242.0,0.0,0.0,0.0,0.0,462.26,425.11,447.21,469.58,473.79,461.79,7.25,25.81,28.18,0.0,11.16,7.25,124.07,168.1,156.68,180.06,164.9,73.37,1957.95,1939.37,1963.84,1958.03,1973.4,1957.48,10388.87,15.63,0.07,29530.27,23.91,1.73,2.0,11.98,1882.52,1921.8,1.0,1.0,-2.3,3.95,3.23,3.55,0.0,0.0,3.41,3.36,4.13,3.52,0.0,0.0,0.0,0.0,5.0,12.0,6.0,12.0,6.0,12.0,5.0,12.0,0.0,0.0,462.0,462.0,463.0,462.0,19.96,4.5,5.61,5.18,8.47,5.41,4.64,5.7,7.25,13.22,49.44,5.33,6.64,7.29,7.08,7.34,8.02,8.59,7.11,5.42,5.98,5.59,5.7,6.78,7.86,8.29,5.86,7.22,73.58,7.73,6.81,70.95,9.29,8.94,0.32,38.22,33.84,0.38,,,,0.0,0.0,0.0,0.0,0.0,0.0,4.0,0.0,1.0,0.0
True,2021/6/15 22:00:12,,3925355210427334720,Equ1,2021/6/15 21:44:40,1.0,0.0,0.0,1242.0,0.0,0.0,0.0,0.0,462.26,425.11,447.21,469.58,473.79,461.79,7.22,25.81,28.33,0.0,11.22,7.22,123.91,168.0,164.76,180.08,171.44,78.62,1959.57,1941.01,1965.63,1959.67,1975.1,1959.1,10968.94,18.91,0.06,30167.39,21.09,1.85,2.0,10.57,1872.69,1864.58,1.0,1.0,-2.3,3.97,3.23,3.55,0.0,0.0,3.42,3.37,4.14,3.53,0.0,0.0,0.0,0.0,5.0,12.0,6.0,12.0,6.0,12.0,5.0,12.0,0.0,0.0,462.0,462.0,463.0,462.0,19.96,4.48,5.58,5.16,8.44,5.36,4.64,5.65,6.81,11.44,49.36,5.33,6.64,7.28,7.07,7.34,8.02,8.58,7.11,5.42,5.96,5.59,5.69,6.77,7.85,8.26,5.84,7.21,73.58,7.71,6.82,70.95,9.28,8.91,0.34,38.29,33.83,0.38,,,,0.0,0.0,0.0,0.0,0.0,0.0,4.0,0.0,1.0,0.0
True,2021/6/15 22:00:12,,3925355210427334721,Equ1,2021/6/15 21:44:45,1.0,0.0,0.0,1242.0,0.0,0.0,0.0,0.0,462.26,425.11,447.21,469.58,473.79,461.79,7.28,25.87,28.44,0.0,11.24,7.28,124.39,168.26,171.14,180.32,174.13,82.0,1961.32,1942.75,1967.43,1961.36,1976.81,1960.85,11347.43,20.04,0.06,30549.66,20.96,1.94,2.0,10.5,1901.91,1882.45,1.0,1.0,-2.3,3.97,3.22,3.55,0.0,0.0,3.42,3.37,4.14,3.53,0.0,0.0,0.0,0.0,5.0,12.0,6.0,12.0,6.0,12.0,5.0,12.0,0.0,0.0,462.0,462.0,463.0,462.0,19.96,4.46,5.56,5.14,8.42,5.32,4.65,5.62,6.53,10.49,20.45,45.88,6.61,7.27,7.07,7.34,8.02,8.58,7.11,5.42,5.95,5.6,5.87,6.75,7.83,8.23,5.84,7.2,73.58,7.71,6.82,70.95,9.31,9.03,0.32,38.31,33.81,0.38,,,,0.0,0.0,0.0,0.0,0.0,0.0,4.0,0.0,1.0,0.0
True,2021/6/15 22:00:12,,3925355210427334722,Equ1,2021/6/15 21:44:50,1.0,0.0,0.0,1242.0,0.0,0.0,0.0,0.0,462.26,425.11,447.21,469.58,473.79,461.79,7.36,25.82,28.54,0.0,11.28,7.36,123.73,168.01,178.2,180.25,174.55,85.5,1962.99,1944.3,1969.12,1962.95,1978.44,1962.52,11612.08,21.05,0.06,30931.93,20.13,1.96,2.0,10.09,1879.48,1887.8,1.0,1.0,-2.3,3.98,3.22,3.55,0.0,0.0,3.42,3.37,4.14,3.53,0.0,0.0,0.0,0.0,5.0,12.0,6.0,12.0,6.0,12.0,5.0,12.0,0.0,0.0,462.0,462.0,463.0,462.0,19.96,4.46,5.54,5.13,8.4,5.3,4.65,5.58,6.33,9.84,13.51,45.7,6.62,7.26,7.07,7.34,8.02,8.58,7.11,5.41,5.94,5.59,5.79,6.75,7.82,8.21,5.84,7.19,73.59,7.7,6.83,70.96,9.29,8.95,0.32,38.31,33.78,0.38,,,,0.0,0.0,0.0,0.0,0.0,0.0,4.0,0.0,1.0,0.0
True,2021/6/15 22:00:12,,3925355210427334723,Equ1,2021/6/15 21:44:55,1.0,0.0,0.0,1242.0,0.0,0.0,0.0,0.0,462.26,425.11,447.21,469.58,473.79,461.79,7.39,25.87,28.68,0.0,11.3,7.39,123.99,168.03,182.65,180.11,174.75,87.72,1964.85,1946.18,1971.09,1964.78,1980.29,1964.38,11751.07,22.39,0.06,31123.06,20.71,2.15,2.0,10.38,1889.4,1874.64,1.0,1.0,-2.3,3.99,3.24,3.56,0.0,0.0,3.42,3.38,4.15,3.54,0.0,0.0,0.0,0.0,5.0,12.0,6.0,12.0,6.0,12.0,5.0,12.0,0.0,0.0,462.0,462.0,463.0,462.0,19.96,4.46,5.52,5.11,8.38,5.28,4.65,5.55,6.17,9.4,11.49,21.02,6.66,7.26,7.07,7.33,8.01,8.57,7.09,5.41,5.92,5.58,5.64,6.76,7.81,8.18,5.83,7.19,73.59,7.69,6.83,70.96,9.28,8.88,0.32,38.33,33.79,0.38,,,,0.0,0.0,0.0,0.0,0.0,0.0,4.0,0.0,1.0,0.0
True,2021/6/15 22:00:12,,3925355210427334724,Equ1,2021/6/15 21:45:00,1.0,0.0,0.0,1242.0,0.0,0.0,0.0,0.0,462.26,425.11,447.21,469.58,473.79,461.79,7.43,25.89,28.74,0.0,11.29,7.43,124.55,168.3,186.3,180.63,175.12,91.41,1966.43,1947.74,1972.69,1966.32,1981.82,1965.96,11965.45,22.45,0.06,31420.38,20.6,2.14,2.0,10.32,1880.43,1880.79,1.0,1.0,-2.3,4.0,3.25,3.57,0.0,0.0,3.43,3.38,4.16,3.54,0.0,0.0,0.0,0.0,5.0,12.0,6.0,12.0,6.0,12.0,5.0,12.0,0.0,0.0,462.0,462.0,463.0,462.0,19.96,4.33,5.5,5.1,8.35,5.25,4.65,5.52,6.04,9.07,10.42,14.33,45.1,7.25,7.05,7.32,8.01,8.56,7.08,5.4,5.9,5.57,5.58,6.74,7.8,8.15,5.83,7.18,73.59,7.69,6.83,70.95,9.25,8.83,0.32,38.34,33.78,0.38,,,,0.0,0.0,0.0,0.0,0.0,0.0,4.0,0.0,1.0,0.0
True,2021/6/15 22:00:12,,3925355210427334725,Equ1,2021/6/15 21:45:05,1.0,0.0,0.0,1242.0,0.0,0.0,0.0,0.0,462.26,425.11,447.21,469.58,473.79,461.79,7.44,25.86,28.8,0.0,11.28,7.44,123.96,168.34,188.61,180.83,175.29,97.08,1967.8,1949.06,1974.1,1967.67,1983.16,1967.33,12179.83,22.58,0.06,31675.23,18.73,1.96,2.0,9.38,1903.21,1897.43,1.0,1.0,-2.3,4.02,3.33,3.63,0.0,0.0,3.45,3.41,4.18,3.57,0.0,0.0,0.0,0.0,5.0,12.0,6.0,12.0,6.0,12.0,5.0,12.0,0.0,0.0,462.0,462.0,463.0,462.0,19.96,4.35,5.49,5.08,8.33,5.24,4.65,5.48,5.91,8.78,9.71,12.09,44.86,7.25,7.05,7.33,8.01,8.56,7.08,5.39,5.87,5.55,5.57,6.74,7.78,8.14,5.82,7.17,73.59,7.67,6.82,70.95,9.24,8.8,0.32,38.39,33.79,0.38,,,,0.0,0.0,0.0,0.0,0.0,0.0,4.0,0.0,1.0,0.0
True,2021/6/15 22:00:12,,3925355210427334726,Equ1,2021/6/15 21:45:10,1.0,0.0,0.0,1242.0,0.0,0.0,0.0,0.0,462.26,425.11,447.21,469.58,473.79,461.79,7.52,25.93,28.88,0.0,11.3,7.52,123.8,168.16,188.08,180.63,174.84,101.4,1969.23,1950.5,1975.55,1969.03,1984.54,1968.76,12217.78,23.56,0.06,31770.79,17.66,1.93,2.0,8.85,1891.78,1890.99,1.0,1.0,-2.3,4.02,3.29,3.61,0.0,0.0,3.46,3.43,4.2,3.58,0.0,0.0,0.0,0.0,5.0,12.0,6.0,12.0,6.0,12.0,5.0,12.0,0.0,0.0,462.0,462.0,463.0,462.0,19.96,4.49,5.71,5.07,8.32,5.22,4.65,5.45,5.82,8.56,9.25,10.9,18.4,42.73,7.05,7.32,8.01,8.56,7.08,5.37,5.85,5.54,5.58,6.74,7.77,8.11,5.82,7.17,73.59,7.66,6.82,70.94,9.23,8.78,0.32,38.42,33.78,0.38,,,,0.0,0.0,0.0,0.0,0.0,0.0,4.0,0.0,1.0,0.0
True,2021/6/15 22:00:12,,3925355210427334727,Equ1,2021/6/15 21:45:15,1.0,0.0,0.0,1242.0,0.0,0.0,0.0,0.0,462.26,425.11,447.21,469.58,473.79,461.79,7.61,25.97,28.9,0.0,11.31,7.61,124.55,168.13,187.49,180.51,175.06,103.79,1970.83,1952.03,1977.06,1970.53,1986.06,1970.36,12306.0,25.34,0.05,31866.36,17.39,2.04,2.0,8.71,1894.75,1872.76,1.0,1.0,-2.3,4.0,3.28,3.6,0.0,0.0,3.45,3.42,4.18,3.57,0.0,0.0,0.0,0.0,5.0,12.0,6.0,12.0,6.0,12.0,5.0,12.0,0.0,0.0,462.0,462.0,463.0,462.0,19.96,4.51,5.64,5.06,8.3,5.22,4.66,5.42,5.73,8.39,8.89,10.13,12.3,43.78,7.05,7.31,8.01,8.56,7.08,5.36,5.83,5.53,5.59,6.74,7.79,8.09,5.82,7.16,73.59,7.65,6.82,70.94,9.22,8.77,0.32,38.42,33.75,0.38,,,,0.0,0.0,0.0,0.0,0.0,0.0,4.0,0.0,1.0,0.0
True,2021/6/15 22:00:12,,3925355210427334728,Equ1,2021/6/15 21:45:25,1.0,0.0,0.0,1242.0,0.0,0.0,0.0,0.0,462.26,425.11,447.21,469.58,473.79,461.79,7.81,26.01,28.88,0.0,11.41,7.81,124.18,168.1,186.68,180.32,174.88,108.54,1973.69,1954.73,1979.7,1973.19,1988.81,1973.21,12394.21,28.17,0.05,31951.31,17.57,2.29,2.0,8.8,1921.3,1879.99,1.0,1.0,-2.3,4.0,3.29,3.61,0.0,0.0,3.46,3.43,4.2,3.58,0.0,0.0,0.0,0.0,5.0,12.0,6.0,12.0,6.0,12.0,5.0,12.0,0.0,0.0,462.0,462.0,463.0,462.0,19.96,4.46,5.52,5.04,8.26,5.2,4.66,5.39,5.61,8.12,8.41,9.2,10.34,17.08,54.21,7.3,8.0,8.56,7.07,5.35,5.8,5.51,5.6,6.72,7.84,7.9,5.81,7.15,73.59,7.64,6.82,70.93,9.2,8.72,0.32,38.4,33.72,0.38,,,,0.0,0.0,0.0,0.0,0.0,0.0,4.0,0.0,1.0,0.0
True,2021/6/15 22:00:12,,3925355210427334729,Equ1,2021/6/15 21:45:30,1.0,0.0,0.0,1242.0,0.0,0.0,0.0,0.0,462.26,425.11,447.21,469.58,473.79,461.79,7.88,26.01,28.84,0.0,11.45,7.88,123.64,168.03,185.23,180.03,173.84,108.12,1975.73,1956.71,1981.64,1975.17,1990.84,1975.26,12444.98,25.87,0.05,31823.88,19.9,2.38,2.0,9.97,1902.13,1905.82,1.0,1.0,-2.3,3.98,3.26,3.59,0.0,0.0,3.45,3.42,4.19,3.57,0.0,0.0,0.0,0.0,5.0,12.0,6.0,12.0,6.0,12.0,5.0,12.0,0.0,0.0,462.0,462.0,463.0,462.0,19.96,4.44,5.5,5.04,8.26,5.19,4.66,5.36,5.56,8.0,8.19,8.85,9.89,13.82,18.83,7.31,8.0,8.56,7.06,5.34,5.78,5.49,5.6,6.73,7.83,7.94,5.81,7.16,73.59,7.63,6.82,70.93,9.19,8.71,0.32,38.39,33.7,0.38,,,,0.0,0.0,0.0,0.0,0.0,0.0,4.0,0.0,1.0,0.0
True,2021/6/15 22:00:12,,3925355210427334730,Equ1,2021/6/15 21:45:35,1.0,0.0,0.0,1242.0,0.0,0.0,0.0,0.0,462.26,425.11,447.21,469.58,473.79,461.79,7.85,25.98,28.85,0.0,11.48,7.85,124.55,168.3,185.19,180.5,174.87,109.07,1977.59,1958.58,1983.54,1977.06,1992.75,1977.12,12596.28,23.46,0.06,31919.46,20.46,2.22,2.0,10.25,1908.06,1893.01,1.0,1.0,-2.3,3.97,3.31,3.63,0.0,0.0,3.45,3.42,4.19,3.57,0.0,0.0,0.0,0.0,5.0,12.0,6.0,12.0,6.0,12.0,5.0,12.0,0.0,0.0,462.0,462.0,463.0,462.0,19.96,4.41,5.47,5.03,8.22,5.17,4.66,5.33,5.5,7.89,8.02,8.54,9.55,12.55,13.28,54.56,8.0,8.55,7.05,5.34,5.77,5.48,5.61,6.72,7.82,7.93,5.89,7.14,73.58,7.61,6.82,70.93,9.17,8.68,0.32,38.4,33.71,0.38,,,,0.0,0.0,0.0,0.0,0.0,0.0,4.0,0.0,1.0,0.0
True,2021/6/15 22:00:12,,3925355210427334731,Equ1,2021/6/15 21:45:40,1.0,0.0,0.0,1242.0,0.0,0.0,0.0,0.0,462.26,425.11,447.21,469.58,473.79,461.79,7.9,26.08,28.95,0.0,11.47,7.9,123.6,167.68,185.69,180.14,174.54,112.11,1979.22,1960.26,1985.22,1978.64,1994.32,1978.75,12583.46,22.86,0.06,32015.02,21.28,2.25,2.0,10.66,1889.54,1910.01,1.0,1.0,-2.3,3.99,3.31,3.62,0.0,0.0,3.47,3.44,4.21,3.59,0.0,0.0,0.0,0.0,5.0,12.0,6.0,12.0,6.0,12.0,5.0,12.0,0.0,0.0,462.0,462.0,463.0,462.0,19.96,4.39,5.45,5.02,8.21,5.16,4.66,5.31,5.45,7.79,7.88,8.31,9.33,11.77,11.77,55.29,8.0,8.55,7.05,5.33,5.75,5.46,5.61,6.71,7.81,7.94,5.86,7.14,73.56,7.61,6.81,70.92,9.16,8.66,0.32,38.41,33.7,0.38,,,,0.0,0.0,0.0,0.0,0.0,0.0,4.0,0.0,1.0,0.0
True,2021/6/15 22:00:12,,3925355210427334732,Equ1,2021/6/15 21:45:45,1.0,0.0,0.0,1242.0,0.0,0.0,0.0,0.0,462.26,425.11,447.21,469.58,473.79,461.79,7.94,26.09,28.98,0.0,11.47,7.94,124.31,168.45,188.09,180.63,175.27,116.46,1980.65,1961.65,1986.65,1980.03,1995.71,1980.18,12747.58,25.8,0.05,32248.63,20.84,2.49,2.0,10.44,1893.59,1898.08,1.0,1.0,-2.3,4.02,3.32,3.63,0.0,0.0,3.47,3.44,4.21,3.59,0.0,0.0,0.0,0.0,5.0,12.0,6.0,12.0,6.0,12.0,5.0,12.0,0.0,0.0,462.0,462.0,463.0,462.0,19.96,4.38,5.43,5.01,8.19,5.14,4.66,5.28,5.41,7.71,7.74,8.11,9.16,11.27,10.94,28.22,48.65,8.56,7.05,5.32,5.73,5.45,5.61,6.71,7.79,7.93,5.84,7.12,73.56,7.6,6.81,70.91,9.14,8.65,0.32,38.41,33.69,0.38,,,,0.0,0.0,0.0,0.0,0.0,0.0,4.0,0.0,1.0,0.0
True,2021/6/15 22:00:12,,3925355210427334733,Equ1,2021/6/15 21:45:50,1.0,0.0,0.0,1242.0,0.0,0.0,0.0,0.0,462.26,425.11,447.21,469.58,473.79,461.79,8.12,26.13,29.03,0.0,11.52,8.12,124.09,168.43,189.44,181.09,175.32,122.15,1982.06,1962.92,1987.92,1981.25,1996.99,1981.59,12835.8,30.64,0.05,32471.62,17.37,2.46,2.0,8.7,1896.85,2000.0,1.0,1.0,-2.3,4.03,3.32,3.63,0.0,0.0,3.48,3.45,4.22,3.6,0.0,0.0,0.0,0.0,5.0,12.0,6.0,12.0,6.0,12.0,5.0,12.0,0.0,0.0,462.0,462.0,463.0,462.0,19.96,4.36,5.41,4.99,8.18,5.1,4.68,5.27,5.37,7.62,7.64,7.94,9.0,10.9,10.45,15.53,51.55,8.56,7.05,5.31,5.72,5.44,5.61,6.71,7.78,7.92,5.81,7.12,73.56,7.59,6.81,70.91,9.13,8.63,0.32,38.4,33.67,0.38,,,,0.0,0.0,0.0,0.0,0.0,0.0,4.0,0.0,1.0,0.0
True,2021/6/15 22:00:12,,3925355210427334734,Equ1,2021/6/15 21:45:55,1.0,0.0,0.0,1242.0,0.0,0.0,0.0,0.0,462.26,425.11,447.21,469.58,473.79,461.79,8.42,26.3,28.98,0.0,11.66,8.42,123.68,168.0,186.14,180.28,174.28,124.32,1983.78,1964.51,1989.29,1982.68,1998.54,1983.31,12835.8,32.96,0.04,32333.58,17.15,2.62,2.0,8.59,1901.33,1882.67,1.0,1.0,-2.3,4.03,3.29,3.62,0.0,0.0,3.48,3.45,4.21,3.6,0.0,0.0,0.0,0.0,5.0,12.0,6.0,12.0,6.0,12.0,5.0,12.0,0.0,0.0,462.0,462.0,463.0,462.0,19.96,4.35,5.38,4.98,8.17,5.08,4.66,5.25,5.34,7.56,7.54,7.8,8.88,10.61,10.1,13.33,49.68,8.56,7.04,5.3,5.71,5.43,5.61,6.71,7.78,7.89,5.8,7.12,73.56,7.58,6.8,70.9,9.12,8.62,0.32,38.35,33.57,0.38,,,,0.0,0.0,0.0,0.0,0.0,0.0,4.0,0.0,1.0,0.0
True,2021/6/15 22:00:12,,3925355210427334735,Equ1,2021/6/15 21:46:00,1.0,0.0,0.0,1242.0,0.0,0.0,0.0,0.0,462.26,425.11,447.21,469.58,473.79,461.79,8.55,26.26,28.92,0.0,11.73,8.55,123.15,167.77,184.03,179.79,172.8,123.37,1986.09,1966.65,1991.41,1984.86,2000.81,1985.62,13050.18,29.9,0.05,32206.15,19.42,2.69,2.0,9.73,1880.71,1940.97,1.0,1.0,-2.3,3.99,3.25,3.58,0.0,0.0,3.45,3.42,4.19,3.58,0.0,0.0,0.0,0.0,5.0,12.0,6.0,12.0,6.0,12.0,5.0,12.0,0.0,0.0,462.0,462.0,463.0,462.0,19.96,4.34,5.35,4.95,8.16,5.09,4.67,5.23,5.31,7.5,7.45,7.67,8.77,10.36,9.84,12.25,17.98,8.73,7.04,5.3,5.69,5.42,5.61,6.71,7.77,7.86,5.8,7.15,73.56,7.58,6.8,70.9,9.1,8.6,0.32,38.32,33.56,0.38,,,,0.0,0.0,0.0,0.0,0.0,0.0,4.0,0.0,1.0,0.0
True,2021/6/15 22:00:12,,3925355210427334736,Equ1,2021/6/15 21:46:05,1.0,0.0,0.0,1242.0,0.0,0.0,0.0,0.0,462.26,425.11,447.21,469.58,473.79,461.79,8.52,26.2,28.89,0.0,11.76,8.52,124.45,168.03,185.37,180.35,174.44,125.46,1987.87,1968.4,1993.2,1986.68,2002.65,1987.4,13113.26,26.21,0.05,32429.14,20.26,2.46,2.0,10.14,1868.42,1936.7,1.0,1.0,-2.3,3.99,3.34,3.66,0.0,0.0,3.47,3.45,4.21,3.59,0.0,0.0,0.0,0.0,5.0,12.0,6.0,12.0,6.0,12.0,5.0,12.0,0.0,0.0,462.0,462.0,463.0,462.0,19.96,4.32,5.34,4.94,8.15,5.09,4.68,5.2,5.28,7.44,7.37,7.55,8.66,10.14,9.64,11.61,14.36,59.39,7.04,5.29,5.69,5.41,5.6,6.71,7.76,7.85,5.8,7.15,73.55,7.57,6.81,70.89,9.09,8.58,0.32,38.32,33.58,0.38,,,,0.0,0.0,0.0,0.0,0.0,0.0,4.0,0.0,1.0,0.0
True,2021/6/15 22:00:12,,3925355210427334737,Equ1,2021/6/15 21:46:10,1.0,0.0,0.0,1242.0,0.0,0.0,0.0,0.0,462.26,425.11,447.21,469.58,473.79,461.79,8.57,26.27,28.98,0.0,11.77,8.57,123.63,167.68,185.82,180.11,174.58,128.21,1989.65,1970.19,1995.01,1988.39,2004.38,1989.18,13062.99,24.57,0.06,32492.86,21.91,2.49,2.0,10.98,1889.76,1973.74,1.0,1.0,-2.3,4.02,3.32,3.63,0.0,0.0,3.49,3.47,4.23,3.61,0.0,0.0,0.0,0.0,5.0,12.0,6.0,12.0,6.0,12.0,5.0,12.0,0.0,0.0,462.0,462.0,463.0,462.0,19.96,4.31,5.31,4.92,8.13,5.08,4.68,5.19,5.26,7.39,7.29,7.45,8.57,9.99,9.47,11.16,13.03,56.77,50.87,5.28,5.67,5.4,5.61,6.71,7.75,7.83,5.8,7.15,73.54,7.55,6.79,70.88,9.07,8.57,0.32,38.33,33.57,0.38,,,,0.0,0.0,0.0,0.0,0.0,0.0,4.0,0.0,1.0,0.0
True,2021/6/15 22:00:12,,3925355210427334738,Equ1,2021/6/15 21:46:15,1.0,0.0,0.0,1242.0,0.0,0.0,0.0,0.0,462.26,425.11,447.21,469.58,473.79,461.79,8.6,26.31,28.99,0.0,11.76,8.6,124.68,168.34,186.07,180.58,174.99,130.11,1991.29,1971.86,1996.64,1990.01,2005.98,1990.82,13214.29,25.54,0.06,32662.75,21.92,2.59,2.0,10.97,1872.47,1935.19,1.0,1.0,-2.3,4.02,3.28,3.6,0.0,0.0,3.48,3.45,4.22,3.6,0.0,0.0,0.0,0.0,5.0,12.0,6.0,12.0,6.0,12.0,5.0,12.0,0.0,0.0,462.0,462.0,463.0,462.0,19.96,4.29,5.3,4.91,8.11,5.08,4.69,5.22,5.23,7.33,7.23,7.36,8.5,9.86,9.34,10.81,12.24,25.24,55.74,5.27,5.66,5.38,5.61,6.71,7.74,7.81,5.8,7.15,73.55,7.56,6.79,70.87,9.05,8.55,0.32,38.34,33.57,0.38,,,,0.0,0.0,0.0,0.0,0.0,0.0,4.0,0.0,1.0,0.0
True,2021/6/15 22:00:12,,3925355210427334739,Equ1,2021/6/15 21:46:20,1.0,0.0,0.0,1242.0,0.0,0.0,0.0,0.0,462.26,425.11,447.21,469.58,473.79,461.79,8.65,26.32,29.02,0.0,11.79,8.65,124.03,168.06,185.62,180.15,174.59,129.9,1993.06,1973.57,1998.37,1991.72,2007.72,1992.58,13403.54,30.87,0.05,32588.42,20.14,2.88,1.99,10.1,1888.24,1920.79,1.0,1.0,-2.3,3.94,3.2,3.54,0.0,0.0,3.44,3.41,4.18,3.57,0.0,0.0,0.0,0.0,5.0,12.0,6.0,12.0,6.0,12.0,5.0,12.0,0.0,0.0,462.0,462.0,463.0,462.0,19.96,4.28,5.28,4.9,8.1,5.06,4.69,5.21,5.21,7.29,7.18,7.28,8.44,9.72,9.22,10.53,11.7,18.11,22.96,5.27,5.65,5.38,5.6,6.7,7.74,7.8,5.8,7.15,73.55,7.56,6.79,70.87,9.05,8.54,0.32,38.33,33.55,0.38,,,,0.0,0.0,0.0,0.0,0.0,0.0,4.0,0.0,1.0,0.0
True,2021/6/15 22:00:12,,3925355210427334816,Equ1,2021/6/15 21:52:50,1.0,0.0,0.0,1242.0,0.0,0.0,0.0,0.0,462.26,425.11,447.21,469.58,473.79,461.79,8.76,26.31,28.87,0.0,11.87,8.76,86.01,130.34,143.52,152.94,131.58,82.22,2000.61,1981.02,2005.68,1999.18,2015.26,2000.14,6619.71,11.08,0.06,24826.24,7.95,0.41,2.0,3.98,1869.94,1942.13,1.0,1.0,-2.31,3.93,3.2,3.51,0.0,0.0,3.45,3.41,4.2,3.63,0.0,0.0,0.0,0.0,5.0,12.0,6.0,12.0,6.0,12.0,5.0,12.0,0.0,0.0,462.0,462.0,463.0,462.0,19.96,4.0,4.8,4.52,7.83,4.64,4.76,4.43,4.39,5.86,5.53,5.57,6.94,7.66,7.37,7.86,7.88,8.95,7.25,5.46,45.71,5.0,5.51,6.66,7.49,7.52,5.72,7.05,73.66,7.07,6.62,70.5,8.17,7.8,0.32,38.4,33.75,0.38,,,,0.0,0.0,0.0,0.0,0.0,0.0,4.0,1.0,1.0,0.0
True,2021/6/15 22:00:12,,3925355210427334817,Equ1,2021/6/15 21:52:55,1.0,0.0,0.0,1242.0,0.0,0.0,0.0,0.0,462.26,425.11,447.21,469.58,473.79,461.79,8.44,26.18,28.7,0.0,11.65,8.44,90.41,135.95,141.44,168.34,130.12,78.21,2003.54,1984.14,2008.75,2002.43,2018.29,2003.07,7351.08,9.36,0.08,25484.6,15.22,0.66,2.0,7.63,1891.42,1926.36,1.0,1.0,-2.31,3.87,3.13,3.47,0.0,0.0,3.4,3.36,4.16,3.59,0.0,0.0,0.0,0.0,5.0,12.0,6.0,12.0,6.0,12.0,5.0,12.0,0.0,0.0,462.0,462.0,463.0,462.0,19.96,4.0,4.79,4.52,7.84,4.65,4.76,4.42,4.39,5.87,5.53,5.56,6.94,7.65,7.37,7.87,7.88,8.95,7.26,5.46,47.37,5.01,5.52,6.67,7.5,7.53,5.72,7.06,73.67,7.07,6.62,70.5,8.19,7.8,0.32,38.39,33.74,0.38,,,,0.0,0.0,0.0,0.0,0.0,0.0,4.0,1.0,1.0,0.0
True,2021/6/15 22:00:12,,3925355210427334818,Equ1,2021/6/15 21:53:00,1.0,0.0,0.0,1242.0,0.0,0.0,0.0,0.0,462.26,425.11,447.21,469.58,473.79,461.79,8.17,26.12,28.62,0.0,11.47,8.17,98.77,144.65,143.0,180.4,132.28,77.52,2005.95,1986.76,2011.35,2005.1,2020.79,2005.48,8234.24,7.64,0.12,26695.11,24.06,0.85,2.0,12.05,1885.42,1899.38,1.0,1.0,-2.31,3.86,3.16,3.5,0.0,0.0,3.4,3.37,4.16,3.59,0.0,0.0,0.0,0.0,5.0,12.0,6.0,12.0,6.0,12.0,5.0,12.0,0.0,0.0,462.0,462.0,463.0,462.0,19.96,3.99,4.77,4.52,7.84,4.64,4.75,4.42,4.4,5.9,5.53,5.55,6.94,7.65,7.37,7.86,7.87,8.94,7.25,5.47,19.18,5.02,5.52,6.68,7.51,7.54,5.72,7.06,73.66,7.07,6.63,70.54,8.21,7.79,0.32,38.41,33.75,0.38,,,,0.0,0.0,0.0,0.0,0.0,0.0,4.0,1.0,1.0,0.0
True,2021/6/15 22:00:12,,3925355210427334819,Equ1,2021/6/15 21:53:05,1.0,0.0,0.0,1242.0,0.0,0.0,0.0,0.0,462.26,425.11,447.21,469.58,473.79,461.79,8.2,26.46,28.8,0.0,11.5,8.2,105.47,154.27,145.05,179.57,134.53,77.4,2008.42,1989.54,2013.97,2007.54,2023.26,2007.95,8839.94,7.31,0.13,27268.52,29.65,1.0,2.0,14.85,1895.4,1905.67,1.0,1.0,-2.31,3.86,3.13,3.45,0.0,0.0,3.41,3.37,4.17,3.6,0.0,0.0,0.0,0.0,5.0,12.0,6.0,12.0,6.0,12.0,5.0,12.0,0.0,0.0,462.0,462.0,463.0,462.0,19.96,3.98,4.76,4.51,7.83,4.64,4.76,4.41,4.39,5.89,5.52,5.54,6.94,7.64,7.36,7.85,7.86,8.94,7.23,5.46,13.62,50.8,5.5,6.67,7.51,7.53,5.72,7.05,73.66,7.06,6.62,70.53,8.18,7.78,0.32,38.43,33.73,0.38,,,,0.0,0.0,0.0,0.0,0.0,0.0,4.0,0.0,1.0,0.0
True,2021/6/15 22:00:12,,3925355210427334820,Equ1,2021/6/15 21:53:10,1.0,0.0,0.0,1242.0,0.0,0.0,0.0,0.0,462.26,425.11,447.21,469.58,473.79,461.79,8.14,26.65,28.89,0.0,11.46,8.14,108.96,160.62,144.16,180.27,134.52,75.23,2011.04,1992.41,2016.75,2010.23,2025.9,2010.57,9318.97,8.7,0.12,27523.36,32.9,1.33,1.99,16.49,1895.11,1894.6,1.0,1.0,-2.31,3.77,3.03,3.38,0.0,0.0,3.36,3.32,4.13,3.56,0.0,0.0,0.0,0.0,5.0,12.0,6.0,12.0,6.0,12.0,5.0,12.0,0.0,0.0,462.0,462.0,463.0,462.0,19.96,3.98,4.75,4.51,7.83,4.64,4.75,4.4,4.39,5.89,5.51,5.54,6.94,7.63,7.36,7.85,7.86,8.93,7.22,5.45,11.6,50.53,5.51,6.68,7.5,7.53,5.72,7.06,73.66,7.06,6.62,70.53,8.18,7.78,0.32,38.47,33.66,0.38,,,,0.0,0.0,0.0,0.0,0.0,0.0,4.0,0.0,1.0,0.0
True,2021/6/15 22:00:12,,3925355210427334821,Equ1,2021/6/15 21:53:15,1.0,0.0,0.0,1242.0,0.0,0.0,0.0,0.0,462.26,425.11,447.21,469.58,473.79,461.79,8.24,27.09,29.2,0.0,11.5,8.24,117.71,169.18,149.39,179.88,141.93,78.67,2012.88,1994.58,2018.79,2011.96,2027.68,2012.41,9873.9,11.57,0.09,28574.6,29.57,1.58,2.0,14.81,1894.31,1913.19,1.0,1.0,-2.31,3.79,3.1,3.42,0.0,0.0,3.37,3.33,4.13,3.56,0.0,0.0,0.0,0.0,5.0,12.0,6.0,12.0,6.0,12.0,5.0,12.0,0.0,0.0,462.0,462.0,463.0,462.0,19.96,3.96,4.73,4.5,7.84,4.62,4.76,4.4,4.39,5.89,5.52,5.61,6.92,7.62,7.34,7.84,7.86,8.93,7.22,5.45,10.46,19.5,46.04,6.67,7.5,7.53,5.73,7.05,73.67,7.06,6.63,70.54,8.21,7.84,0.32,38.59,33.52,0.38,,,,0.0,0.0,0.0,0.0,0.0,0.0,4.0,0.0,1.0,0.0
True,2021/6/15 22:00:12,,3925355210427334822,Equ1,2021/6/15 21:53:20,1.0,0.0,0.0,1242.0,0.0,0.0,0.0,0.0,462.26,425.11,447.21,469.58,473.79,461.79,8.32,27.23,29.35,0.0,11.57,8.35,122.58,167.38,152.4,179.72,145.21,79.15,2015.16,1996.92,2021.14,2014.16,2029.94,2014.72,10265.22,13.94,0.08,28893.16,28.5,1.84,2.0,14.29,1915.73,1895.47,1.0,1.0,-2.31,3.77,3.03,3.37,0.0,0.0,3.37,3.33,4.13,3.56,0.0,0.0,0.0,0.0,5.0,12.0,6.0,12.0,6.0,12.0,5.0,12.0,0.0,0.0,462.0,462.0,463.0,462.0,19.96,3.96,4.72,4.5,7.84,4.62,4.77,4.4,4.39,5.88,5.52,5.6,6.92,7.61,7.34,7.84,7.85,8.93,7.23,5.45,9.75,13.52,45.93,6.68,7.48,7.53,5.73,7.06,73.68,7.07,6.64,70.54,8.2,7.84,0.32,38.62,33.4,0.38,,,,0.0,0.0,0.0,0.0,0.0,0.0,4.0,0.0,1.0,0.0
True,2021/6/15 22:00:12,,3925355210427334823,Equ1,2021/6/15 21:53:25,1.0,0.0,0.0,1242.0,0.0,0.0,0.0,0.0,462.26,425.11,447.21,469.58,473.79,461.79,8.41,27.43,29.48,0.0,11.62,8.41,125.49,168.92,154.33,179.79,147.54,78.57,2017.55,1999.42,2023.57,2016.45,2032.29,2017.08,10567.82,16.45,0.07,29179.86,28.12,2.14,1.99,14.09,1910.73,1889.54,1.0,1.0,-2.31,3.72,2.99,3.33,0.0,0.0,3.34,3.3,4.11,3.54,0.0,0.0,0.0,0.0,5.0,12.0,6.0,12.0,6.0,12.0,5.0,12.0,0.0,0.0,462.0,462.0,463.0,462.0,19.96,3.97,4.71,4.5,7.84,4.59,4.76,4.4,4.39,5.87,5.52,5.56,6.93,7.6,7.33,7.84,7.85,8.92,7.22,5.44,9.23,11.6,22.49,45.89,7.47,7.52,5.73,7.06,73.68,7.07,6.64,70.54,8.19,7.81,0.32,38.65,33.28,0.38,,,,0.0,0.0,0.0,0.0,0.0,0.0,4.0,0.0,1.0,0.0
True,2021/6/15 22:00:12,,3925355210427334824,Equ1,2021/6/15 21:53:30,1.0,0.0,0.0,1242.0,0.0,0.0,0.0,0.0,462.26,425.11,447.21,469.58,473.79,461.79,8.42,27.36,29.49,0.0,11.71,8.42,124.07,168.66,160.24,180.03,152.26,80.96,2019.59,2001.38,2025.6,2018.48,2034.4,2019.12,10908.37,17.3,0.07,29498.42,25.95,2.08,2.0,13.0,1911.75,1906.83,1.0,1.0,-2.31,3.75,3.06,3.38,0.0,0.0,3.36,3.32,4.12,3.55,0.0,0.0,0.0,0.0,5.0,12.0,6.0,12.0,6.0,12.0,5.0,12.0,0.0,0.0,462.0,462.0,463.0,462.0,19.96,3.97,4.7,4.5,7.84,4.58,4.76,4.39,4.39,5.86,5.5,5.52,6.92,7.59,7.33,7.83,7.85,8.92,7.2,5.43,8.83,10.38,14.94,46.64,7.48,7.52,5.73,7.06,73.69,7.07,6.64,70.54,8.19,7.8,0.32,38.66,33.28,0.38,,,,0.0,0.0,0.0,0.0,0.0,0.0,4.0,0.0,1.0,0.0
True,2021/6/15 22:00:12,,3925355210427334825,Equ1,2021/6/15 21:53:35,1.0,0.0,0.0,1242.0,0.0,0.0,0.0,0.0,462.26,425.11,447.21,469.58,473.79,461.79,8.25,27.36,29.57,0.0,11.63,8.25,123.0,168.37,160.01,180.37,152.46,79.35,2022.09,2004.06,2028.37,2021.16,2037.0,2021.62,11198.65,15.94,0.08,29371.0,28.33,2.09,2.0,14.19,1919.13,1923.18,1.0,1.0,-2.31,3.71,2.98,3.33,0.0,0.0,3.35,3.31,4.11,3.54,0.0,0.0,0.0,0.0,5.0,12.0,6.0,12.0,6.0,12.0,5.0,12.0,0.0,0.0,462.0,462.0,463.0,462.0,19.96,3.98,4.7,4.49,7.83,4.57,4.76,4.38,4.38,5.84,5.49,5.53,6.94,7.58,7.33,7.83,7.84,8.91,7.2,5.42,8.49,9.62,12.34,15.62,7.47,7.52,5.73,7.06,73.68,7.07,6.64,70.54,8.19,7.8,0.32,38.77,33.28,0.38,,,,0.0,0.0,0.0,0.0,0.0,0.0,4.0,0.0,1.0,0.0
True,2021/6/15 22:00:12,,3925355210427334826,Equ1,2021/6/15 21:53:40,1.0,0.0,0.0,1242.0,0.0,0.0,0.0,0.0,462.26,425.11,447.21,469.58,473.79,461.79,8.13,27.46,29.81,0.0,11.58,8.13,125.09,169.49,162.82,180.74,156.61,81.51,2024.04,2006.22,2030.67,2023.23,2039.03,2023.57,11463.3,18.45,0.07,29859.45,27.59,2.36,2.0,13.82,1917.03,1929.47,1.0,1.0,-2.31,3.69,2.96,3.32,0.0,0.0,3.33,3.28,4.09,3.53,0.0,0.0,0.0,0.0,5.0,12.0,6.0,12.0,6.0,12.0,5.0,12.0,0.0,0.0,462.0,462.0,463.0,462.0,19.96,3.98,4.68,4.49,7.83,4.55,4.76,4.38,4.39,5.84,5.48,5.52,6.93,7.55,7.31,7.82,7.84,8.91,7.19,5.41,8.22,9.09,11.05,12.69,44.48,7.52,5.72,7.06,73.69,7.06,6.64,70.54,8.18,7.79,0.32,38.96,33.22,0.38,,,,0.0,0.0,0.0,0.0,0.0,0.0,4.0,0.0,1.0,0.0
True,2021/6/15 22:00:12,,3925355210427334827,Equ1,2021/6/15 21:53:45,1.0,0.0,0.0,1242.0,0.0,0.0,0.0,0.0,462.26,425.11,447.21,469.58,473.79,461.79,8.15,27.5,29.96,0.0,11.65,8.15,124.36,168.56,170.04,180.67,164.57,86.1,2025.72,2007.92,2032.48,2024.88,2040.74,2025.25,11727.95,20.43,0.06,30432.85,25.56,2.42,2.0,12.79,1925.56,1902.7,1.0,1.0,-2.31,3.75,3.05,3.38,0.0,0.0,3.36,3.31,4.12,3.55,0.0,0.0,0.0,0.0,5.0,12.0,6.0,12.0,6.0,12.0,5.0,12.0,0.0,0.0,462.0,462.0,463.0,462.0,19.96,3.98,4.68,4.49,7.84,4.54,4.77,4.38,4.39,5.83,5.47,5.52,6.93,7.56,7.32,7.82,7.83,8.91,7.19,5.39,8.01,8.66,10.21,11.52,46.16,7.52,5.73,7.07,73.7,7.06,6.66,70.55,8.19,7.79,0.32,39.02,33.16,0.38,,,,0.0,0.0,0.0,0.0,0.0,0.0,4.0,0.0,1.0,0.0
True,2021/6/15 22:00:12,,3925355210427334828,Equ1,2021/6/15 21:53:50,1.0,0.0,0.0,1242.0,0.0,0.0,0.0,0.0,462.26,425.11,447.21,469.58,473.79,461.79,8.17,27.61,30.02,0.0,11.69,8.17,123.08,168.16,170.73,179.83,166.07,84.79,2027.75,2010.05,2034.56,2026.9,2042.81,2027.28,11803.84,20.81,0.06,30358.52,26.67,2.57,2.0,13.36,1903.21,1907.12,1.0,1.0,-2.31,3.73,2.97,3.33,0.0,0.0,3.35,3.31,4.11,3.55,0.0,0.0,0.0,0.0,5.0,12.0,6.0,12.0,6.0,12.0,5.0,12.0,0.0,0.0,462.0,462.0,463.0,462.0,19.96,3.99,4.69,4.49,7.82,4.53,4.77,4.38,4.39,5.82,5.46,5.51,6.92,7.6,7.25,7.81,7.82,8.91,7.19,5.38,7.85,8.39,9.72,10.93,24.48,54.95,5.72,7.06,73.7,7.05,6.66,70.55,8.18,7.78,0.32,39.02,33.13,0.38,,,,0.0,0.0,0.0,0.0,0.0,0.0,4.0,0.0,1.0,0.0
True,2021/6/15 22:00:12,,3925355210427334829,Equ1,2021/6/15 21:53:55,1.0,0.0,0.0,1242.0,0.0,0.0,0.0,0.0,462.26,425.11,447.21,469.58,473.79,461.79,8.2,27.61,30.11,0.0,11.74,8.2,123.44,168.55,173.06,180.09,168.29,84.19,2029.95,2012.21,2036.82,2029.07,2045.03,2029.48,11993.09,23.21,0.06,30485.95,25.51,2.74,2.0,12.78,1902.05,1891.28,1.0,1.0,-2.31,3.7,2.95,3.31,0.0,0.0,3.33,3.28,4.09,3.53,0.0,0.0,0.0,0.0,5.0,12.0,6.0,12.0,6.0,12.0,5.0,12.0,0.0,0.0,462.0,462.0,463.0,462.0,19.96,3.98,4.69,4.49,7.82,4.51,4.76,4.38,4.38,5.81,5.46,5.51,6.92,7.62,7.2,7.81,7.81,8.89,7.18,5.36,7.69,8.1,9.25,10.39,16.5,53.37,5.72,7.06,73.7,7.05,6.66,70.54,8.18,7.79,0.32,39.03,33.1,0.38,,,,0.0,0.0,0.0,0.0,0.0,0.0,4.0,0.0,1.0,0.0
True,2021/6/15 22:00:12,,3925355210427334830,Equ1,2021/6/15 21:54:00,1.0,0.0,0.0,1242.0,0.0,0.0,0.0,0.0,462.26,425.11,447.21,469.58,473.79,461.79,8.18,27.57,30.12,0.0,11.77,8.18,124.74,168.82,177.31,180.53,171.6,85.87,2031.93,2014.16,2038.81,2031.06,2047.05,2031.46,12245.43,21.54,0.06,30910.69,25.44,2.54,2.0,12.74,1931.35,1869.94,1.0,1.0,-2.31,3.74,3.04,3.38,0.0,0.0,3.35,3.3,4.11,3.55,0.0,0.0,0.0,0.0,5.0,12.0,6.0,12.0,6.0,12.0,5.0,12.0,0.0,0.0,462.0,462.0,463.0,462.0,19.96,3.98,4.68,4.5,7.85,4.5,4.77,4.37,4.38,5.8,5.45,5.5,6.92,7.62,7.2,7.93,7.8,8.89,7.18,5.35,7.54,7.87,8.87,9.95,14.2,30.66,57.16,7.05,73.7,7.05,6.66,70.54,8.17,7.78,0.32,39.04,33.1,0.38,,,,0.0,0.0,0.0,0.0,0.0,0.0,4.0,0.0,1.0,0.0
True,2021/6/15 22:00:12,,3925355210427334831,Equ1,2021/6/15 21:54:05,1.0,0.0,0.0,1242.0,0.0,0.0,0.0,0.0,462.26,425.11,447.21,469.58,473.79,461.79,8.09,27.56,30.28,0.0,11.75,8.11,123.99,168.16,180.35,179.83,173.02,88.02,2033.82,2016.15,2040.97,2033.05,2049.02,2033.37,12522.89,19.89,0.07,30995.64,25.68,2.36,2.0,12.86,1915.87,1901.98,1.0,1.0,-2.31,3.77,3.02,3.37,0.0,0.0,3.36,3.31,4.12,3.56,0.0,0.0,0.0,0.0,5.0,12.0,6.0,12.0,6.0,12.0,5.0,12.0,0.0,0.0,462.0,462.0,463.0,462.0,19.96,3.98,4.68,4.5,7.85,4.49,4.76,4.36,4.38,5.79,5.44,5.5,6.92,7.61,7.25,7.91,7.79,8.88,7.17,5.33,7.4,7.67,8.55,9.61,13.02,16.93,54.74,7.05,73.69,7.04,6.66,70.54,8.17,7.78,0.32,39.12,33.1,0.38,,,,0.0,0.0,0.0,0.0,0.0,0.0,4.0,0.0,1.0,0.0
True,2021/6/15 22:00:12,,3925355210427334832,Equ1,2021/6/15 21:54:10,1.0,0.0,0.0,1242.0,0.0,0.0,0.0,0.0,462.26,425.11,447.21,469.58,473.79,461.79,7.93,27.54,30.38,0.0,11.7,7.93,124.38,168.84,181.87,180.19,173.05,89.12,2035.88,2018.34,2043.29,2035.28,2051.19,2035.41,12699.33,23.1,0.06,31123.06,25.38,2.72,1.99,12.72,1914.71,1891.28,1.0,1.0,-2.31,3.73,2.97,3.33,0.0,0.0,3.35,3.29,4.1,3.55,0.0,0.0,0.0,0.0,5.0,12.0,6.0,12.0,6.0,12.0,5.0,12.0,0.0,0.0,462.0,462.0,463.0,462.0,19.96,3.98,4.68,4.51,7.86,4.5,4.76,4.35,4.37,5.79,5.43,5.5,6.9,7.61,7.27,7.81,7.77,8.88,7.16,5.3,7.29,7.48,8.29,9.35,12.25,14.35,17.96,7.06,73.67,7.04,6.66,70.53,8.16,7.78,0.31,39.26,33.08,0.38,,,,0.0,0.0,0.0,0.0,0.0,0.0,4.0,0.0,1.0,0.0
True,2021/6/15 23:00:04,,3925370275234840581,Equ1,2021/6/15 22:00:25,1.0,0.0,0.0,1242.0,0.0,0.0,0.0,0.0,462.26,425.11,447.21,469.58,473.79,461.79,7.43,27.48,30.49,0.0,11.48,7.43,92.0,134.75,145.54,155.86,136.53,56.61,2042.66,2025.56,2050.67,2042.55,2058.24,2042.19,6670.48,26.2,0.03,24688.2,3.12,0.39,1.93,1.61,1953.34,1923.97,1.0,1.0,-2.3,3.78,3.03,3.38,0.0,0.0,3.29,3.3,4.1,3.43,0.0,0.0,0.0,0.0,5.0,12.0,6.0,12.0,6.0,12.0,5.0,12.0,0.0,0.0,465.0,464.0,465.0,464.0,20.06,4.0,4.81,4.48,7.69,4.57,4.89,4.2,4.29,5.62,5.19,5.4,6.68,7.38,7.16,7.43,7.2,8.29,6.88,5.07,5.89,5.66,5.99,7.56,7.97,8.47,6.13,7.62,68.5,6.91,6.67,70.48,8.0,7.71,0.32,39.81,33.14,0.38,,,,0.0,0.0,0.0,0.0,0.0,0.0,4.0,1.0,1.0,0.0
True,2021/6/15 23:00:04,,3925370275234840582,Equ1,2021/6/15 22:00:30,1.0,0.0,0.0,1242.0,0.0,0.0,0.0,0.0,462.26,425.11,447.21,469.58,473.79,461.79,7.09,27.35,30.36,0.0,11.22,7.09,101.24,142.51,145.89,172.92,137.51,57.78,2044.87,2027.99,2053.09,2045.1,2060.53,2044.4,7641.86,9.4,0.09,26015.52,12.89,0.58,1.93,6.67,1939.89,1910.16,1.0,1.0,-2.3,3.81,3.06,3.41,0.0,0.0,3.31,3.32,4.11,3.44,0.0,0.0,0.0,0.0,5.0,12.0,6.0,12.0,6.0,12.0,5.0,12.0,0.0,0.0,465.0,464.0,465.0,464.0,20.06,3.99,4.81,4.48,7.71,4.58,4.89,4.19,4.29,5.62,5.19,5.4,6.68,7.4,7.18,7.44,7.21,8.3,6.89,5.08,5.9,5.66,5.99,7.58,7.97,8.49,6.16,7.62,73.7,6.92,6.68,70.49,8.01,7.72,0.32,39.85,33.14,0.38,,,,0.0,0.0,0.0,0.0,0.0,0.0,4.0,1.0,1.0,0.0
True,2021/6/15 23:00:04,,3925370275234840583,Equ1,2021/6/15 22:00:35,1.0,0.0,0.0,1242.0,0.0,0.0,0.0,0.0,462.26,425.11,447.21,469.58,473.79,461.79,6.85,27.29,30.34,0.0,11.06,6.85,111.79,150.52,146.96,181.15,138.59,60.01,2047.0,2030.29,2055.44,2047.46,2062.73,2046.53,8562.47,8.84,0.1,27088.0,18.96,0.8,1.93,9.81,1941.26,1921.15,1.0,1.0,-2.3,3.84,3.08,3.43,0.0,0.0,3.32,3.33,4.12,3.45,0.0,0.0,0.0,0.0,5.0,12.0,6.0,12.0,6.0,12.0,5.0,12.0,0.0,0.0,465.0,464.0,465.0,464.0,20.06,3.99,4.8,4.5,7.7,4.58,4.88,4.18,4.29,5.63,5.19,5.41,6.68,7.4,7.19,7.43,7.2,8.3,6.88,5.08,5.9,5.67,6.0,7.58,7.97,8.5,6.15,7.61,74.99,6.92,6.68,70.49,8.02,7.73,0.32,39.96,33.13,0.38,,,,0.0,0.0,0.0,0.0,0.0,0.0,4.0,1.0,1.0,0.0
True,2021/6/15 23:00:04,,3925370275234840584,Equ1,2021/6/15 22:00:40,1.0,0.0,0.0,1242.0,0.0,0.0,0.0,0.0,462.26,425.11,447.21,469.58,473.79,461.79,6.96,27.55,30.5,0.0,11.1,6.96,122.51,160.2,149.96,181.13,142.03,63.21,2049.06,2032.51,2057.55,2049.42,2064.74,2048.59,9193.31,7.47,0.13,28011.82,25.6,0.91,1.93,13.23,1970.56,1924.12,1.0,1.0,-2.3,3.86,3.09,3.44,0.0,0.0,3.33,3.33,4.13,3.46,0.0,0.0,0.0,0.0,5.0,12.0,6.0,12.0,6.0,12.0,5.0,12.0,0.0,0.0,465.0,464.0,465.0,464.0,20.06,3.98,4.8,4.49,7.69,4.58,4.88,4.18,4.29,5.63,5.17,5.4,6.68,7.4,7.18,7.42,7.19,8.29,6.85,5.08,5.9,5.65,6.0,7.58,7.97,8.47,6.12,7.59,74.92,58.47,6.68,70.49,7.99,7.73,0.32,40.0,33.09,0.38,,,,0.0,0.0,0.0,0.0,0.0,0.0,4.0,1.0,1.0,0.0
True,2021/6/15 23:00:04,,3925370275234840585,Equ1,2021/6/15 22:00:45,1.0,0.0,0.0,1242.0,0.0,0.0,0.0,0.0,462.26,425.11,447.21,469.58,473.79,461.79,7.04,27.74,30.58,0.0,11.16,7.04,124.65,168.63,153.33,181.54,146.21,66.91,2050.9,2034.45,2059.39,2051.18,2066.55,2050.43,9786.19,9.64,0.11,28755.12,25.08,1.16,1.93,12.97,1940.32,1930.77,1.0,1.0,-2.3,3.88,3.12,3.47,0.0,0.0,3.34,3.35,4.14,3.46,0.0,0.0,0.0,0.0,5.0,12.0,6.0,12.0,6.0,12.0,5.0,12.0,0.0,0.0,465.0,464.0,465.0,464.0,20.06,3.96,4.79,4.49,7.69,4.57,4.88,4.18,4.29,5.62,5.17,5.39,6.67,7.39,7.18,7.42,7.19,8.29,6.86,5.08,5.9,5.65,5.99,7.57,7.95,8.45,6.12,7.59,74.9,60.42,6.68,70.49,8.0,7.72,0.32,40.01,33.08,0.38,,,,0.0,0.0,0.0,0.0,0.0,0.0,4.0,1.0,1.0,0.0
True,2021/6/15 23:00:04,,3925370275234840586,Equ1,2021/6/15 22:00:50,1.0,0.0,0.0,1242.0,0.0,0.0,0.0,0.0,462.26,425.11,447.21,469.58,473.79,461.79,7.11,27.7,30.6,0.0,11.26,7.11,125.06,169.53,159.19,182.02,152.4,72.29,2052.56,2036.0,2061.0,2052.77,2068.25,2052.09,10227.77,12.26,0.09,29328.52,23.22,1.36,1.93,12.01,1944.3,1968.53,1.0,1.0,-2.31,3.91,3.15,3.5,0.0,0.0,3.35,3.36,4.15,3.48,0.0,0.0,0.0,0.0,5.0,12.0,6.0,12.0,6.0,12.0,5.0,12.0,0.0,0.0,465.0,464.0,465.0,464.0,20.06,3.96,4.78,4.49,7.69,4.58,4.89,4.18,4.29,5.61,5.16,5.39,6.66,7.38,7.17,7.42,7.19,8.29,6.87,5.08,5.89,5.65,5.99,7.57,7.94,8.42,6.11,7.59,74.89,36.5,48.28,70.47,7.97,7.72,0.32,40.02,33.07,0.38,,,,0.0,0.0,0.0,0.0,0.0,0.0,4.0,0.0,1.0,0.0
True,2021/6/15 23:00:04,,3925370275234840587,Equ1,2021/6/15 22:00:55,1.0,0.0,0.0,1242.0,0.0,0.0,0.0,0.0,462.26,425.11,447.21,469.58,473.79,461.79,7.23,27.67,30.62,0.0,11.36,7.23,124.52,169.0,165.64,182.13,159.2,77.46,2054.09,2037.38,2062.43,2054.18,2069.76,2053.62,10656.54,14.96,0.08,29901.92,20.21,1.44,1.93,10.45,1962.31,1939.67,1.0,1.0,-2.31,3.93,3.21,3.54,0.0,0.0,3.37,3.39,4.18,3.49,0.0,0.0,0.0,0.0,5.0,12.0,6.0,12.0,6.0,12.0,5.0,12.0,0.0,0.0,465.0,464.0,466.0,464.0,20.07,3.95,4.76,4.48,7.69,4.58,4.9,4.18,4.28,5.61,5.16,5.38,6.66,7.37,7.17,7.41,7.19,8.28,6.86,5.08,5.89,5.64,5.98,7.56,7.93,8.4,6.11,7.59,74.88,21.58,46.63,70.46,7.97,7.72,0.32,40.0,33.07,0.38,,,,0.0,0.0,0.0,0.0,0.0,0.0,4.0,0.0,1.0,0.0
True,2021/6/15 23:00:04,,3925370275234840588,Equ1,2021/6/15 22:01:00,1.0,0.0,0.0,1242.0,0.0,0.0,0.0,0.0,462.26,425.11,447.21,469.58,473.79,461.79,7.26,27.62,30.65,0.0,11.44,7.26,124.42,168.76,170.02,181.45,164.15,80.8,2055.85,2039.06,2064.19,2055.91,2071.56,2055.38,10997.08,16.67,0.07,30241.72,19.55,1.56,1.93,10.11,1918.33,1960.79,1.0,1.0,-2.31,3.95,3.21,3.55,0.0,0.0,3.38,3.41,4.19,3.5,0.0,0.0,0.0,0.0,5.0,12.0,6.0,12.0,6.0,12.0,5.0,12.0,0.0,0.0,465.0,464.0,466.0,464.0,20.07,3.94,4.76,4.49,7.69,4.58,4.89,4.18,4.28,5.61,5.16,5.38,6.64,7.36,7.16,7.41,7.19,8.28,6.86,5.08,5.88,5.64,5.98,7.55,7.92,8.37,6.09,7.59,74.87,17.48,25.88,67.14,7.99,7.72,0.32,40.01,33.07,0.38,,,,0.0,0.0,0.0,0.0,0.0,0.0,4.0,0.0,1.0,0.0
True,2021/6/15 23:00:04,,3925370275234840589,Equ1,2021/6/15 22:01:05,1.0,0.0,0.0,1242.0,0.0,0.0,0.0,0.0,462.26,425.11,447.21,469.58,473.79,461.79,7.29,27.58,30.65,0.0,11.51,7.29,124.15,168.87,172.35,181.16,166.87,82.03,2057.48,2040.61,2065.78,2057.51,2073.22,2057.01,11224.28,17.31,0.07,30432.86,19.99,1.65,1.93,10.34,1928.24,1953.34,1.0,1.0,-2.31,3.95,3.2,3.54,0.0,0.0,3.38,3.41,4.19,3.5,0.0,0.0,0.0,0.0,5.0,12.0,6.0,12.0,6.0,12.0,5.0,12.0,0.0,0.0,465.0,464.0,466.0,464.0,20.07,3.95,4.76,4.48,7.7,4.58,4.9,4.18,4.28,5.61,5.16,5.38,6.65,7.35,7.19,7.42,7.19,8.28,6.86,5.08,5.88,5.65,5.98,7.55,7.91,8.37,6.1,7.59,74.88,15.83,14.66,69.09,8.0,7.73,0.32,40.01,33.07,0.37,,,,0.0,0.0,0.0,0.0,0.0,0.0,4.0,0.0,1.0,0.0
True,2021/6/15 23:00:04,,3925370275234840590,Equ1,2021/6/15 22:01:10,1.0,0.0,0.0,1242.0,0.0,0.0,0.0,0.0,462.26,425.11,447.21,469.58,473.79,461.79,7.32,27.58,30.66,0.0,11.55,7.32,123.86,168.55,174.8,180.61,169.57,83.16,2059.43,2042.53,2067.72,2059.43,2075.19,2058.96,11450.98,16.89,0.07,30623.99,21.35,1.72,1.93,11.04,1925.42,1952.19,1.0,1.0,-2.31,3.95,3.19,3.54,0.0,0.0,3.38,3.4,4.19,3.43,0.0,0.0,0.0,0.0,5.0,12.0,6.0,12.0,6.0,12.0,5.0,12.0,0.0,0.0,465.0,464.0,466.0,464.0,20.07,3.97,4.76,4.5,7.71,4.59,4.9,4.19,4.29,5.62,5.17,5.41,6.66,7.36,7.19,7.43,7.19,8.29,6.87,5.09,5.88,5.66,6.0,7.56,7.93,8.36,6.11,7.6,74.89,14.5,12.25,71.26,8.02,7.75,0.32,40.0,33.07,0.38,,,,0.0,0.0,0.0,0.0,0.0,0.0,4.0,0.0,1.0,0.0
True,2021/6/15 23:00:04,,3925370275234840630,Equ1,2021/6/15 22:04:30,1.0,0.0,0.0,1242.0,0.0,0.0,0.0,0.0,462.26,425.11,447.21,469.58,473.79,461.79,7.11,27.65,30.71,0.0,11.54,7.11,91.51,136.73,139.68,156.84,134.2,46.69,2066.66,2050.05,2075.22,2066.87,2082.62,2066.19,7048.98,15.31,0.05,24189.13,8.13,0.56,2.03,3.98,1991.54,1837.89,1.0,1.0,-2.3,3.49,2.79,3.15,0.0,0.0,3.25,3.19,1.19,0.43,0.0,0.0,0.0,0.0,5.0,12.0,6.0,12.0,6.0,12.0,5.0,12.0,0.0,0.0,466.0,464.0,467.0,465.0,20.1,4.02,4.79,4.45,7.64,4.61,4.97,4.16,4.27,5.57,5.1,5.35,6.46,7.31,7.09,7.39,7.05,8.17,6.48,4.85,5.68,5.55,5.82,7.4,7.82,8.04,6.02,7.51,74.89,8.43,7.7,70.75,57.36,7.67,0.32,40.11,33.14,0.38,,,,0.0,0.0,0.0,0.0,0.0,0.0,4.0,1.0,1.0,0.0
True,2021/6/15 23:00:04,,3925370275234840631,Equ1,2021/6/15 22:04:35,1.0,0.0,0.0,1242.0,0.0,0.0,0.0,0.0,462.26,425.11,447.21,469.58,473.79,461.79,6.68,27.47,30.54,0.0,11.27,6.68,99.15,145.49,140.52,173.94,135.71,44.73,2069.23,2052.87,2078.03,2069.86,2085.35,2068.76,7995.23,11.62,0.07,25389.03,17.27,0.97,1.91,9.04,1981.99,1830.44,1.0,1.0,-2.3,3.51,2.76,3.13,0.0,0.0,3.24,3.17,1.19,0.43,0.0,0.0,0.0,0.0,5.0,12.0,6.0,12.0,6.0,12.0,5.0,12.0,0.0,0.0,466.0,464.0,467.0,465.0,20.1,4.0,4.77,4.44,7.64,4.61,4.96,4.15,4.27,5.57,5.1,5.34,6.46,7.31,7.09,7.38,7.05,8.17,6.48,4.85,5.68,5.55,5.82,7.4,7.82,8.03,6.02,7.52,74.89,8.4,7.7,70.76,56.98,7.66,0.32,40.15,33.16,0.38,,,,0.0,0.0,0.0,0.0,0.0,0.0,4.0,1.0,1.0,0.0
True,2021/6/15 23:00:04,,3925370275234840632,Equ1,2021/6/15 22:04:40,1.0,0.0,0.0,1242.0,0.0,0.0,0.0,0.0,462.26,425.11,447.21,469.58,473.79,461.79,6.44,27.49,30.57,0.0,11.16,6.44,106.24,152.56,141.35,180.02,138.02,44.86,2071.01,2054.92,2080.09,2071.89,2087.27,2070.54,8676.33,11.34,0.08,26217.28,22.87,1.26,1.91,11.98,1998.99,1852.0,1.0,1.0,-2.3,3.54,2.79,3.17,0.0,0.0,3.25,3.18,1.2,0.43,0.0,0.0,0.0,0.0,5.0,12.0,6.0,12.0,6.0,12.0,5.0,12.0,0.0,0.0,466.0,464.0,467.0,465.0,20.1,3.98,4.76,4.44,7.64,4.61,4.97,4.15,4.28,5.58,5.12,5.33,6.43,7.3,7.08,7.38,7.04,8.17,6.48,4.85,5.69,5.56,5.95,7.38,7.82,8.03,6.02,7.51,74.9,8.38,7.69,70.77,29.46,51.27,0.32,40.27,33.17,0.38,,,,0.0,0.0,0.0,0.0,0.0,0.0,4.0,1.0,1.0,0.0
True,2021/6/15 23:00:04,,3925370275234840633,Equ1,2021/6/15 22:04:45,1.0,0.0,0.0,1242.0,0.0,0.0,0.0,0.0,462.26,425.11,447.21,469.58,473.79,461.79,6.48,27.75,30.73,0.0,11.2,6.48,115.25,163.9,145.49,179.72,143.78,46.48,2073.11,2057.23,2082.32,2073.96,2089.37,2072.64,9244.08,10.13,0.1,27204.8,27.64,1.35,1.91,14.46,1982.13,1863.64,1.0,1.0,-2.3,3.61,2.88,3.25,0.0,0.0,3.28,3.21,1.2,0.43,0.0,0.0,0.0,0.0,5.0,12.0,6.0,12.0,6.0,12.0,5.0,12.0,0.0,0.0,466.0,464.0,467.0,465.0,20.1,3.98,4.76,4.44,7.64,4.61,4.96,4.16,4.29,5.6,5.13,5.34,6.42,7.3,7.08,7.38,7.04,8.17,6.47,4.86,5.7,5.56,5.94,7.39,7.81,8.03,6.02,7.51,74.9,8.33,7.67,70.78,18.98,51.34,0.32,40.32,33.15,0.38,,,,0.0,0.0,0.0,0.0,0.0,0.0,4.0,1.0,1.0,0.0
True,2021/6/15 23:00:04,,3925370275234840634,Equ1,2021/6/15 22:04:50,1.0,0.0,0.0,1242.0,0.0,0.0,0.0,0.0,462.26,425.11,447.21,469.58,473.79,461.79,6.55,27.91,30.88,0.0,11.25,6.55,123.44,168.95,150.46,180.51,150.09,49.02,2075.14,2059.36,2084.42,2075.91,2091.37,2074.67,9710.79,12.18,0.09,28107.38,27.7,1.63,1.91,14.5,1977.0,1872.32,1.0,1.0,-2.3,3.71,3.0,3.34,0.0,0.0,3.32,3.27,1.21,0.43,0.0,0.0,0.0,0.0,5.0,12.0,6.0,12.0,6.0,12.0,5.0,12.0,0.0,0.0,466.0,464.0,467.0,465.0,20.1,45.84,4.75,4.44,7.64,4.61,4.97,4.16,4.29,5.6,5.13,5.33,6.25,7.3,7.09,7.38,7.03,8.17,6.47,4.86,5.71,5.56,5.89,7.4,7.81,8.02,6.02,7.51,74.9,8.3,7.66,70.79,16.22,33.8,0.31,40.37,33.1,0.38,,,,0.0,0.0,0.0,0.0,0.0,0.0,4.0,1.0,1.0,0.0
True,2021/6/15 23:00:04,,3925370275234840635,Equ1,2021/6/15 22:04:55,1.0,0.0,0.0,1242.0,0.0,0.0,0.0,0.0,462.26,425.11,447.21,469.58,473.79,461.79,6.58,27.85,30.91,0.0,11.33,6.58,125.12,169.2,159.0,181.41,158.97,54.27,2076.65,2060.76,2085.93,2077.39,2092.93,2076.18,10177.51,15.64,0.07,28903.78,24.53,1.86,1.91,12.84,1964.63,1888.17,1.0,1.0,-2.3,3.81,3.09,3.43,0.0,0.0,3.37,3.32,1.21,0.43,0.0,0.0,0.0,0.0,5.0,12.0,6.0,12.0,6.0,12.0,5.0,12.0,0.0,0.0,466.0,464.0,467.0,465.0,20.1,42.51,4.73,4.43,7.63,4.61,4.96,4.15,4.28,5.6,5.12,5.25,6.22,7.29,7.07,7.38,7.02,8.16,6.44,4.86,5.71,5.54,5.82,7.38,7.8,8.0,6.02,7.5,74.89,8.25,7.64,70.78,14.7,21.63,0.31,40.38,33.1,0.38,,,,0.0,0.0,0.0,0.0,0.0,0.0,4.0,1.0,1.0,0.0
True,2021/6/15 23:00:04,,3925370275234840636,Equ1,2021/6/15 22:05:00,1.0,0.0,0.0,1242.0,0.0,0.0,0.0,0.0,462.26,425.11,447.21,469.58,473.79,461.79,6.6,27.5,30.87,0.0,11.47,6.6,124.35,163.31,169.76,181.42,168.46,60.55,2078.01,2061.76,2087.24,2078.74,2094.42,2077.54,10631.4,20.77,0.06,29540.89,20.01,2.01,1.91,10.47,1952.76,1885.63,1.0,1.0,-2.3,3.89,3.17,3.51,0.0,0.0,3.4,3.37,1.21,0.43,0.0,0.0,0.0,0.0,5.0,12.0,6.0,12.0,6.0,12.0,5.0,12.0,0.0,0.0,466.0,464.0,467.0,465.0,20.1,13.52,4.73,4.43,7.63,4.6,4.96,4.15,4.28,5.6,5.13,5.28,6.38,7.29,7.07,7.37,7.01,8.15,6.43,4.86,5.71,5.54,5.79,7.39,7.78,8.0,6.02,7.49,74.88,8.21,7.63,70.78,13.81,18.11,0.32,40.37,33.13,0.38,,,,0.0,0.0,0.0,0.0,0.0,0.0,4.0,0.0,1.0,0.0
True,2021/6/15 23:00:04,,3925370275234840637,Equ1,2021/6/15 22:05:05,1.0,0.0,0.0,1242.0,0.0,0.0,0.0,0.0,462.26,425.11,447.21,469.58,473.79,461.79,6.55,27.29,30.87,0.0,11.52,6.55,124.44,160.65,179.44,181.42,174.54,66.67,2079.43,2063.01,2088.7,2080.2,2095.93,2078.96,10896.55,23.33,0.05,30146.15,18.0,2.03,1.91,9.42,1955.87,1902.49,1.0,1.0,-2.3,3.96,3.24,3.57,0.0,0.0,3.43,3.41,1.22,0.43,0.0,0.0,0.0,0.0,5.0,12.0,6.0,12.0,6.0,12.0,5.0,12.0,0.0,0.0,466.0,464.0,467.0,465.0,20.1,8.56,40.31,4.43,7.63,4.6,4.97,4.16,4.28,5.6,5.13,5.32,6.38,7.41,7.07,7.37,7.01,8.15,6.41,4.86,5.72,5.54,5.79,7.4,7.64,7.99,6.01,7.49,74.88,8.18,7.61,70.78,13.17,16.16,0.32,40.39,33.16,0.38,,,,0.0,0.0,0.0,0.0,0.0,0.0,3.0,0.0,1.0,0.0
True,2021/6/15 23:00:04,,3925370275234840638,Equ1,2021/6/15 22:05:10,1.0,0.0,0.0,1242.0,0.0,0.0,0.0,0.0,462.26,425.11,447.21,469.58,473.79,461.79,6.56,27.23,30.99,0.0,11.53,6.56,124.26,160.3,186.47,181.28,175.32,71.35,2080.77,2064.29,2090.15,2081.53,2097.27,2080.3,11211.97,24.93,0.05,30528.42,16.2,1.95,1.91,8.48,1943.21,1912.91,1.0,1.0,-2.3,4.01,3.28,3.61,0.0,0.0,3.45,3.43,1.22,0.44,0.0,0.0,0.0,0.0,5.0,12.0,6.0,12.0,6.0,12.0,5.0,12.0,0.0,0.0,466.0,464.0,467.0,465.0,20.1,7.45,41.52,4.43,7.64,4.61,4.97,4.16,4.28,5.61,5.13,5.31,6.35,7.39,7.08,7.38,7.0,8.15,6.39,4.85,5.72,5.55,5.78,7.4,7.68,7.98,6.01,7.49,74.89,8.16,7.6,70.78,12.69,14.98,0.32,40.42,33.18,0.38,,,,0.0,0.0,0.0,0.0,0.0,0.0,3.0,0.0,1.0,0.0
True,2021/6/15 23:00:04,,3925370275234840639,Equ1,2021/6/15 22:05:15,1.0,0.0,0.0,1242.0,0.0,0.0,0.0,0.0,462.26,425.11,447.21,469.58,473.79,461.79,6.64,27.2,30.97,0.0,11.54,6.64,124.02,160.4,189.11,181.09,175.33,75.87,2082.31,2065.71,2091.59,2082.98,2098.74,2081.84,11300.18,23.82,0.05,30751.41,15.95,1.84,1.91,8.34,1952.55,1942.13,1.0,1.0,-2.3,4.03,3.29,3.63,0.0,0.0,3.47,3.46,1.22,0.44,0.0,0.0,0.0,0.0,5.0,12.0,6.0,12.0,6.0,12.0,5.0,12.0,0.0,0.0,466.0,464.0,467.0,465.0,20.1,6.81,31.56,52.42,7.63,4.61,4.97,4.16,4.29,5.61,5.13,5.34,6.33,7.36,7.06,7.37,7.0,8.15,6.37,4.85,5.72,5.55,5.78,7.4,7.73,8.05,6.0,7.49,74.89,8.14,7.6,70.78,12.32,14.13,0.31,40.43,33.19,0.38,,,,0.0,0.0,0.0,0.0,0.0,0.0,3.0,0.0,1.0,0.0
True,2021/6/15 23:00:04,,3925370275234840640,Equ1,2021/6/15 22:05:20,1.0,0.0,0.0,1242.0,0.0,0.0,0.0,0.0,462.26,425.11,447.21,469.58,473.79,461.79,6.66,27.16,31.03,0.0,11.57,6.66,124.23,160.5,188.06,181.15,175.2,77.94,2084.01,2067.36,2093.33,2084.68,2100.46,2083.54,11413.53,21.54,0.06,30815.12,17.58,1.83,1.91,9.21,1945.17,1932.8,1.0,1.0,-2.3,4.04,3.31,3.64,0.0,0.0,3.48,3.48,1.23,0.44,0.0,0.0,0.0,0.0,5.0,12.0,6.0,12.0,6.0,12.0,5.0,12.0,0.0,0.0,466.0,464.0,467.0,465.0,20.1,6.44,12.84,51.29,7.62,4.6,4.97,4.16,4.29,5.61,5.13,5.33,6.31,7.28,7.06,7.37,6.99,8.13,6.34,4.84,5.71,5.54,5.78,7.39,7.85,7.99,6.0,7.49,74.88,8.11,7.59,70.78,12.04,13.5,0.32,40.44,33.2,0.38,,,,0.0,0.0,0.0,0.0,0.0,0.0,3.0,0.0,1.0,0.0
True,2021/6/15 23:00:04,,3925370275234840641,Equ1,2021/6/15 22:05:25,1.0,0.0,0.0,1242.0,0.0,0.0,0.0,0.0,462.26,425.11,447.21,469.58,473.79,461.79,6.7,27.07,30.9,0.0,11.6,6.7,124.91,160.63,189.13,181.47,175.82,82.2,2085.47,2068.69,2094.62,2086.09,2101.9,2085.0,11602.78,22.49,0.06,31038.11,17.71,1.93,1.91,9.27,1958.62,1941.7,1.0,1.0,-2.3,4.05,3.32,3.65,0.0,0.0,3.5,3.5,1.24,0.45,0.0,0.0,0.0,0.0,5.0,12.0,6.0,12.0,6.0,12.0,5.0,12.0,0.0,0.0,466.0,464.0,467.0,465.0,20.1,6.19,10.38,51.33,7.63,4.6,4.97,4.16,4.28,5.61,5.13,5.32,6.28,7.25,7.06,7.37,6.98,8.14,6.32,4.84,5.71,5.54,5.77,7.38,7.87,7.96,6.0,7.49,74.88,8.09,7.58,70.78,11.81,12.97,0.32,40.44,33.2,0.38,,,,0.0,0.0,0.0,0.0,0.0,0.0,3.0,0.0,1.0,0.0
True,2021/6/15 23:00:04,,3925370275234840642,Equ1,2021/6/15 22:05:30,1.0,0.0,0.0,1242.0,0.0,0.0,0.0,0.0,462.26,425.11,447.21,469.58,473.79,461.79,6.75,26.85,30.82,0.0,11.66,6.75,124.23,160.52,189.92,181.47,175.58,88.32,2086.58,2069.54,2095.6,2087.16,2103.02,2086.11,11766.4,27.77,0.05,31229.25,15.81,2.12,1.91,8.27,1931.06,1945.96,1.0,1.0,-2.3,4.06,3.32,3.65,0.0,0.0,3.51,3.5,1.26,0.45,0.0,0.0,0.0,0.0,5.0,12.0,6.0,12.0,6.0,12.0,5.0,12.0,0.0,0.0,466.0,464.0,467.0,465.0,20.1,6.0,9.38,12.21,7.64,4.61,4.97,4.16,4.28,5.61,5.13,5.34,6.27,7.25,7.08,7.38,6.98,8.13,6.3,4.83,5.71,5.54,5.78,7.39,7.87,7.87,6.01,7.49,74.88,8.08,7.57,70.78,11.6,12.58,0.32,40.42,33.29,0.38,,,,0.0,0.0,0.0,0.0,0.0,0.0,3.0,0.0,1.0,0.0
True,2021/6/15 23:00:04,,3925370275234840643,Equ1,2021/6/15 22:05:35,1.0,0.0,0.0,1242.0,0.0,0.0,0.0,0.0,462.26,425.11,447.21,469.58,473.79,461.79,6.89,26.83,30.77,0.0,11.71,6.89,124.84,160.52,190.38,181.7,175.81,93.07,2087.91,2070.7,2096.74,2088.34,2104.26,2087.44,11892.56,29.51,0.04,31462.86,14.71,2.1,1.91,7.7,1956.96,1939.96,1.0,1.0,-2.3,4.07,3.32,3.65,0.0,0.0,3.51,3.51,1.27,0.45,0.0,0.0,0.0,0.0,5.0,12.0,6.0,12.0,6.0,12.0,5.0,12.0,0.0,0.0,466.0,464.0,467.0,465.0,20.1,5.84,8.76,9.85,55.47,4.6,4.98,4.16,4.29,5.61,5.13,5.33,6.26,7.23,7.07,7.38,6.97,8.12,6.27,4.82,5.7,5.53,5.78,7.38,7.86,7.86,6.04,7.48,74.87,8.06,7.56,70.78,11.41,12.26,0.32,40.4,33.31,0.38,,,,0.0,0.0,0.0,0.0,0.0,0.0,3.0,0.0,1.0,0.0
True,2021/6/15 23:00:04,,3925370275234840644,Equ1,2021/6/15 22:05:40,1.0,0.0,0.0,1242.0,0.0,0.0,0.0,0.0,462.26,425.11,447.21,469.58,473.79,461.79,7.05,26.88,30.78,0.0,11.76,7.05,124.25,160.55,189.77,181.38,175.67,97.38,2089.31,2072.0,2098.0,2089.58,2105.55,2088.84,12069.5,30.69,0.04,31420.38,13.97,2.07,1.91,7.3,1958.41,1935.4,1.0,1.0,-2.3,4.07,3.31,3.66,0.0,0.0,3.51,3.51,1.27,0.45,0.0,0.0,0.0,0.0,5.0,12.0,6.0,12.0,6.0,12.0,5.0,12.0,0.0,0.0,466.0,464.0,467.0,465.0,20.1,5.73,8.32,8.87,54.49,4.6,4.98,4.17,4.28,5.62,5.13,5.34,6.24,7.23,7.07,7.37,6.96,8.12,6.26,4.81,5.69,5.53,5.78,7.38,7.86,7.85,6.05,7.48,74.87,8.04,7.55,70.78,11.24,11.97,0.32,40.38,33.3,0.38,,,,0.0,0.0,0.0,0.0,0.0,0.0,3.0,0.0,1.0,0.0
True,2021/6/15 23:00:04,,3925370275234840645,Equ1,2021/6/15 22:05:45,1.0,0.0,0.0,1242.0,0.0,0.0,0.0,0.0,462.26,425.11,447.21,469.58,473.79,461.79,7.13,26.92,30.8,0.0,11.79,7.13,124.2,160.52,189.18,181.32,175.13,100.94,2090.86,2073.5,2099.48,2091.04,2107.05,2090.39,12157.71,28.22,0.05,31579.66,15.37,2.1,1.91,8.04,1940.61,1955.44,1.0,1.0,-2.3,4.06,3.31,3.65,0.0,0.0,3.51,3.51,1.28,0.45,0.0,0.0,0.0,0.0,5.0,12.0,6.0,12.0,6.0,12.0,5.0,12.0,0.0,0.0,466.0,464.0,467.0,465.0,20.1,5.63,7.99,8.25,18.95,48.65,4.98,4.17,4.29,5.61,5.12,5.34,6.23,7.23,7.08,7.37,6.96,8.12,6.24,4.8,5.69,5.53,5.78,7.38,7.86,7.85,6.02,7.46,74.87,8.03,7.55,70.78,11.07,11.69,0.32,40.38,33.29,0.38,,,,0.0,0.0,0.0,0.0,0.0,0.0,3.0,0.0,1.0,0.0
True,2021/6/15 23:00:04,,3925370275234840646,Equ1,2021/6/15 22:05:55,1.0,0.0,0.0,1242.0,0.0,0.0,0.0,0.0,462.26,425.11,447.21,469.58,473.79,461.79,7.28,26.82,30.7,0.0,11.86,7.28,124.38,160.53,189.77,181.44,175.59,107.9,2093.47,2075.86,2101.84,2093.51,2109.58,2093.0,12447.49,27.64,0.05,31866.36,16.08,2.15,1.91,8.41,1932.29,1955.58,1.0,1.0,-2.3,4.05,3.3,3.64,0.0,0.0,3.51,3.5,1.28,0.45,0.0,0.0,0.0,0.0,5.0,12.0,6.0,12.0,6.0,12.0,5.0,12.0,0.0,0.0,466.0,464.0,467.0,465.0,20.1,5.49,7.56,7.63,13.37,16.02,4.99,4.17,4.29,5.62,5.13,5.34,6.19,7.23,7.08,7.37,6.92,8.12,6.2,4.79,5.68,5.52,5.78,7.38,7.86,7.85,6.02,7.51,74.87,8.0,7.52,70.78,10.82,11.25,0.32,40.35,33.3,0.38,,,,0.0,0.0,0.0,0.0,0.0,0.0,3.0,0.0,1.0,0.0
